
// =========================================================================================================
// 2026-04-17, 11:53:04
//        Time [s]        Pos X [um]        Pos Y [um]        Pos Z [um]      Force A [uN]      Force B [uN]
// =========================================================================================================
           0,00000       16679,89300        3372,15100          -0,20700         -35,06792           0,05237
           0,05000       16679,89200        3372,15100          -0,20800         -35,38700           0,02051
           0,10000       16679,89200        3372,15200          -0,20700         -36,21659           0,00776
           0,15000       16679,89300        3372,15200          -0,20800         -34,62122           0,05874
           0,20000       16679,89300        3372,15100          -0,20800         -35,64226           0,00776
           0,25000       16679,89300        3372,15200          -0,20800         -35,19555           0,00776
           0,30000       16679,89300        3372,15100          -0,20800         -35,45081           0,02051
           0,35000       16679,89200        3372,15100          -0,20800         -35,25937           0,03325
           0,40000       16679,89300        3372,15100          -0,20800         -35,19555           0,02051
           0,45000       16679,89300        3372,15100          -0,20900         -35,13174           0,02051
           0,50000       16679,89300        3372,15100          -0,20800         -35,83370           0,02051
           0,55000       16679,89200        3372,15200          -0,20800         -35,83370           0,01413
           0,60000       16679,89300        3372,15100          -0,20800         -34,87648           0,03963
           0,65000       16679,89300        3372,15100          -0,20900         -35,19555           0,00139
           0,70000       16679,89400        3372,15200          -0,20900         -34,81266           0,03325
           0,75000       16679,89300        3372,15200          -0,20900         -35,76989           0,03325
           0,80000       16679,89200        3372,15100          -0,20900         -35,32318          -0,01773
           0,85000       16679,89300        3372,15200          -0,20900         -35,06792           0,02051
           0,90000       16679,89300        3372,15200          -0,20800         -35,13174           0,03963
           0,95000       16679,89300        3372,15100          -0,20900         -34,55740           0,07786
           1,00000       16679,89300        3372,15200          -0,20900         -35,57844           0,01413
           1,05000       16679,89300        3372,15100          -0,20800         -35,00411           0,03325
           1,10000       16679,89300        3372,15200          -0,20800         -34,87648           0,07149
           1,15000       16679,89300        3372,15200          -0,20800         -35,25937           0,03325
           1,20000       16679,89300        3372,15200          -0,20800         -35,96133           0,05237
           1,25000       16679,89300        3372,15100          -0,20800         -35,83370           0,00776
           1,30000       16679,89300        3372,15100          -0,20800         -35,51463           0,04600
           1,35000       16679,89300        3372,15200          -0,20800         -35,06792           0,00139
           1,40000       16679,89300        3372,15100          -0,20800         -34,68503           0,01413
           1,45000       16679,89400        3372,15100          -0,20800         -35,70607           0,00139
           1,50000       16679,89300        3372,15100          -0,20800         -35,32318           0,03963
           1,55000       16679,89300        3372,15100          -0,20800         -35,57844           0,01413
           1,60000       16679,89300        3372,15100          -0,20900         -34,87648           0,02051
           1,65000       16679,89300        3372,15100          -0,20800         -34,87648          -0,01773
           1,70000       16679,89400        3372,15100          -0,20700         -35,25937           0,02688
           1,75000       16679,89300        3372,15100          -0,20800         -35,83370           0,03325
           1,80000       16679,89300        3372,15200          -0,20800         -35,19555           0,05237
           1,85000       16679,89200        3372,15100          -0,20800         -35,13174           0,02688
           1,90000       16679,89300        3372,15100          -0,20700         -35,25937           0,03963
           1,95000       16679,89300        3372,15100          -0,20700         -35,89752           0,03963
           2,00000       16679,89400        3372,15100          -0,20800         -35,00411          -0,00498
           2,05000       16679,89400        3372,15100          -0,20800         -35,57844           0,03963
           2,10000       16679,89300        3372,15200          -0,20700         -35,19555           0,02688
           2,15000       16679,89400        3372,15100          -0,20700         -35,57844           0,02051
           2,20000       16679,89400        3372,15100          -0,20700         -35,06792           0,03325
           2,25000       16679,89400        3372,15100          -0,20700         -35,32318          -0,04322
           2,30000       16679,89300        3372,15200          -0,20700         -35,13174           0,07149
           2,35000       16679,89300        3372,15200          -0,20700         -34,94029           0,04600
           2,40000       16679,89300        3372,15200          -0,20700         -35,13174           0,00139
           2,45000       16679,89200        3372,15100          -0,20700         -35,13174           0,00776
           2,50000       16679,89300        3372,15200          -0,20700         -35,38700           0,02051
           2,55000       16679,89300        3372,15200          -0,20700         -35,06792           0,02051
           2,60000       16679,89400        3372,15200          -0,20700         -35,25937           0,02688
           2,65000       16679,89300        3372,15200          -0,20700         -35,32318           0,00139
           2,70000       16679,89200        3372,15200          -0,20800         -35,64226          -0,01136
           2,75000       16679,89300        3372,15100          -0,20700         -35,51463           0,02688
           2,80000       16679,89200        3372,15200          -0,20800         -35,06792           0,03963
           2,85000       16679,89300        3372,15200          -0,20800         -35,38700           0,03325
           2,90000       16679,89300        3372,15100          -0,20800         -35,32318           0,02051
           2,95000       16679,89400        3372,15200          -0,20800         -35,38700           0,03325
           3,00000       16679,89400        3372,15100          -0,20800         -35,32318           0,02688
           3,05000       16679,89200        3372,15100          -0,20800         -35,25937           0,00776
           3,10000       16679,89300        3372,15200          -0,20800         -35,06792           0,03325
           3,15000       16679,89300        3372,15200          -0,20800         -35,89752           0,04600
           3,20000       16679,89300        3372,15100          -0,20800         -35,38700           0,02051
           3,25000       16679,89200        3372,15200          -0,51600         -35,89752           0,02051
           3,30000       16679,89300        3372,15200          -0,52100         -34,87648           0,04600
           3,35000       16679,89300        3372,15200          -0,52400         -35,06792           0,03963
           3,40000       16679,89200        3372,15200          -0,54600         -34,68503          -0,02410
           3,45000       16679,89300        3372,15100          -0,54700         -35,13174           0,02051
           3,50000       16679,89300        3372,15300          -0,54100         -34,81266          -0,01136
           3,55000       16679,89400        3372,15200          -0,55200         -35,00411           0,02051
           3,60000       16679,89400        3372,15300          -0,55500         -35,96133           0,00776
           3,65000       16679,89300        3372,15300          -0,55700         -35,45081           0,00139
           3,70000       16679,89300        3372,15300          -0,55700         -34,94029           0,02051
           3,75000       16679,89500        3372,15200          -0,55700         -35,38700           0,03325
           3,80000       16679,89300        3372,15200          -0,55800         -34,81266          -0,01136
           3,85000       16679,89400        3372,15300          -0,55900         -35,51463           0,00776
           3,90000       16679,89400        3372,15300          -0,55900         -35,00411          -0,00498
           3,95000       16679,89400        3372,15300          -0,56000         -35,51463           0,00139
           4,00000       16679,89300        3372,15300          -0,56000         -35,76989           0,04600
           4,05000       16679,89300        3372,15300          -0,56100         -35,64226           0,07149
           4,10000       16679,89300        3372,15300          -0,56100         -35,45081           0,03963
           4,15000       16679,89400        3372,15300          -0,56200         -35,38700           0,05237
           4,20000       16679,89400        3372,15300          -0,56500         -35,45081          -0,01136
           4,25000       16679,89400        3372,15300          -0,56400         -35,13174           0,00776
           4,30000       16679,89300        3372,15300          -0,56500         -35,25937           0,01413
           4,35000       16679,89400        3372,15300          -0,56900         -35,32318           0,02688
           4,40000       16679,89300        3372,15200          -0,57000         -35,32318           0,00776
           4,45000       16679,89400        3372,15400          -0,56600         -35,38700           0,00139
           4,50000       16679,89300        3372,15300          -0,57900         -34,74885           0,03963
           4,55000       16679,89400        3372,15300          -0,58000         -35,13174           0,01413
           4,60000       16679,89300        3372,15300          -0,60600         -34,94029          -0,01136
           4,65000       16679,89400        3372,15300          -0,60600         -35,89752          -0,02410
           4,70000       16679,89300        3372,15400          -0,60700         -35,25937           0,05874
           4,75000       16679,89400        3372,15300          -0,64400         -35,00411           0,03325
           4,80000       16679,89300        3372,15300          -0,64500         -34,94029           0,03963
           4,85000       16679,89300        3372,15300          -0,68700         -36,02515           0,03963
           4,90000       16679,89300        3372,15300          -0,68700         -35,57844           0,04600
           4,95000       16679,89300        3372,15300          -0,68800         -34,62122           0,03325
           5,00000       16679,89400        3372,15300          -0,73300         -35,70607           0,01413
           5,05000       16679,89300        3372,15200          -0,73500         -35,25937           0,01413
           5,10000       16679,89300        3372,15300          -0,73400         -35,06792           0,00139
           5,15000       16679,89200        3372,15400          -0,78000         -34,62122           0,06512
           5,20000       16679,89200        3372,15300          -0,78100         -35,19555           0,00776
           5,25000       16679,89400        3372,15300          -0,78200         -34,49359          -0,00498
           5,30000       16679,89400        3372,15400          -0,83000         -35,06792           0,00776
           5,35000       16679,89400        3372,15400          -0,83000         -34,62122           0,03963
           5,40000       16679,89400        3372,15300          -0,83000         -35,32318           0,00776
           5,45000       16679,89400        3372,15300          -0,87800         -35,51463           0,03963
           5,50000       16679,89400        3372,15400          -0,87900         -35,19555           0,04600
           5,55000       16679,89400        3372,15300          -0,88000         -35,06792           0,03963
           5,60000       16679,89300        3372,15400          -0,92900         -35,13174           0,01413
           5,65000       16679,89500        3372,15300          -0,93000         -35,32318           0,03963
           5,70000       16679,89300        3372,15400          -0,94200         -35,32318           0,05874
           5,75000       16679,89400        3372,15300          -0,98100         -35,89752           0,05237
           5,80000       16679,89400        3372,15300          -0,98200         -34,94029           0,03963
           5,85000       16679,89300        3372,15300          -1,03400         -35,13174           0,01413
           5,90000       16679,89300        3372,15300          -1,03100         -35,19555           0,03325
           5,95000       16679,89300        3372,15300          -1,03200         -34,81266           0,00776
           6,00000       16679,89400        3372,15300          -1,08200         -35,19555           0,06512
           6,05000       16679,89400        3372,15300          -1,08300         -34,87648           0,04600
           6,10000       16679,89400        3372,15300          -1,08500         -35,13174          -0,00498
           6,15000       16679,89400        3372,15300          -1,13500         -35,57844           0,00139
           6,20000       16679,89400        3372,15300          -1,13500         -35,38700          -0,01773
           6,25000       16679,89300        3372,15400          -1,16300         -35,38700           0,03963
           6,30000       16679,89300        3372,15300          -1,18600         -35,19555           0,07149
           6,35000       16679,89300        3372,15300          -1,18600         -34,68503           0,05237
           6,40000       16679,89300        3372,15300          -1,23700         -35,13174           0,00776
           6,45000       16679,89400        3372,15400          -1,23800         -34,17451           0,00776
           6,50000       16679,89400        3372,15300          -1,23800         -34,81266           0,01413
           6,55000       16679,89400        3372,15300          -1,28800         -35,64226           0,03325
           6,60000       16679,89400        3372,15200          -1,28900         -35,38700           0,02688
           6,65000       16679,89400        3372,15300          -1,32900         -34,94029           0,00139
           6,70000       16679,89400        3372,15200          -1,34100         -34,74885           0,03325
           6,75000       16679,89300        3372,15300          -1,34100         -35,00411           0,00139
           6,80000       16679,89400        3372,15300          -1,38900         -35,38700           0,02688
           6,85000       16679,89300        3372,15300          -1,38900         -35,70607          -0,00498
           6,90000       16679,89400        3372,15400          -1,39100         -35,13174           0,03325
           6,95000       16679,89300        3372,15300          -1,44300         -34,55740           0,03963
           7,00000       16679,89300        3372,15300          -1,44400         -35,45081           0,00776
           7,05000       16679,89300        3372,15400          -1,44400         -35,57844           0,04600
           7,10000       16679,89400        3372,15300          -1,49300         -34,81266           0,02051
           7,15000       16679,89400        3372,15300          -1,49300         -34,94029           0,02688
           7,20000       16679,89400        3372,15300          -1,48600         -35,70607          -0,01773
           7,25000       16679,89400        3372,15200          -1,54500         -35,45081           0,00139
           7,30000       16679,89400        3372,15300          -1,54500         -35,45081           0,01413
           7,35000       16679,89400        3372,15300          -1,59500         -35,19555           0,02051
           7,40000       16679,89300        3372,15200          -1,59500         -35,25937           0,01413
           7,45000       16679,89400        3372,15300          -1,59500         -35,76989           0,00139
           7,50000       16679,89400        3372,15300          -1,64600         -35,38700           0,03963
           7,55000       16679,89400        3372,15400          -1,64600         -34,49359          -0,01136
           7,60000       16679,89300        3372,15300          -1,69600         -35,32318           0,02688
           7,65000       16679,89400        3372,15300          -1,69600         -35,25937          -0,00498
           7,70000       16679,89300        3372,15300          -1,69700         -35,51463           0,03325
           7,75000       16679,89400        3372,15400          -1,74600         -34,87648           0,03963
           7,80000       16679,89400        3372,15300          -1,74700         -35,00411           0,06512
           7,85000       16679,89400        3372,15300          -1,77500         -36,02515           0,00776
           7,90000       16679,89400        3372,15200          -1,79600         -35,06792          -0,02410
           7,95000       16679,89400        3372,15200          -1,79600         -34,55740           0,02688
           8,00000       16679,89400        3372,15200          -1,79700         -34,81266           0,02688
           8,05000       16679,89400        3372,15200          -1,84600         -35,51463          -0,01773
           8,10000       16679,89400        3372,15200          -1,84700         -35,19555           0,03325
           8,15000       16679,89400        3372,15300          -1,89800         -35,32318           0,04600
           8,20000       16679,89400        3372,15300          -1,89800         -35,25937          -0,00498
           8,25000       16679,89500        3372,15300          -1,89800         -35,45081           0,00776
           8,30000       16679,89500        3372,15300          -1,94700         -35,89752           0,00139
           8,35000       16679,89400        3372,15300          -1,94800         -35,64226           0,04600
           8,40000       16679,89500        3372,15300          -1,94800         -34,87648           0,02688
           8,45000       16679,89400        3372,15300          -1,99900         -35,19555           0,01413
           8,50000       16679,89500        3372,15300          -1,99900         -35,00411           0,02688
           8,55000       16679,89400        3372,15300          -1,99900         -35,45081           0,03325
           8,60000       16679,89400        3372,15300          -2,04900         -35,19555           0,03963
           8,65000       16679,89500        3372,15300          -2,04900         -34,94029           0,00139
           8,70000       16679,89400        3372,15300          -2,04900         -34,62122           0,03963
           8,75000       16679,89500        3372,15300          -2,09900         -34,87648          -0,01773
           8,80000       16679,89300        3372,15200          -2,09900         -35,25937           0,03963
           8,85000       16679,89300        3372,15400          -2,14600         -35,13174           0,00776
           8,90000       16679,89400        3372,15200          -2,14900         -35,00411          -0,00498
           8,95000       16679,89400        3372,15300          -2,15000         -35,06792           0,03325
           9,00000       16679,89400        3372,15300          -2,20000         -35,25937           0,03963
           9,05000       16679,89400        3372,15300          -2,20000         -34,74885          -0,00498
           9,10000       16679,89500        3372,15300          -2,20100         -34,87648           0,02051
           9,15000       16679,89400        3372,15200          -2,25000         -35,57844           0,03963
           9,20000       16679,89400        3372,15300          -2,25000         -35,51463           0,05874
           9,25000       16679,89400        3372,15400          -2,25000         -34,94029           0,05237
           9,30000       16679,89300        3372,15300          -2,29800         -34,55740           0,02688
           9,35000       16679,89300        3372,15200          -2,29900         -35,38700           0,02051
           9,40000       16679,89400        3372,15200          -2,29900         -34,94029           0,02051
           9,45000       16679,89400        3372,15300          -2,34800         -35,13174           0,02051
           9,50000       16679,89400        3372,15200          -2,35000         -34,81266           0,02688
           9,55000       16679,89400        3372,15300          -2,34900         -35,51463           0,04600
           9,60000       16679,89400        3372,15300          -2,40000         -35,13174          -0,00498
           9,65000       16679,89400        3372,15300          -2,40100         -34,49359           0,03325
           9,70000       16679,89400        3372,15200          -2,45000         -35,25937           0,02051
           9,75000       16679,89400        3372,15300          -2,45000         -34,62122           0,02688
           9,80000       16679,89400        3372,15300          -2,45100         -35,32318           0,01413
           9,85000       16679,89400        3372,15300          -2,50100         -35,32318           0,03325
           9,90000       16679,89400        3372,15300          -2,50100         -35,00411           0,00139
           9,95000       16679,89400        3372,15200          -2,50100         -35,13174           0,02688
          10,00000       16679,89300        3372,15300          -2,55000         -35,64226           0,01413
          10,05000       16679,89400        3372,15300          -2,55000         -34,74885           0,02688
          10,10000       16679,89400        3372,15300          -2,55100         -34,68503           0,02688
          10,15000       16679,89500        3372,15200          -2,60000         -34,87648           0,02051
          10,20000       16679,89400        3372,15300          -2,60100         -34,74885           0,03325
          10,25000       16679,89300        3372,15300          -2,64900         -35,00411           0,02688
          10,30000       16679,89400        3372,15300          -2,65000         -35,13174          -0,01773
          10,35000       16679,89400        3372,15300          -2,65200         -34,74885           0,01413
          10,40000       16679,89400        3372,15300          -2,70100         -34,81266           0,00776
          10,45000       16679,89400        3372,15300          -2,70100         -34,42977          -0,00498
          10,50000       16679,89400        3372,15400          -2,70200         -35,06792           0,00776
          10,55000       16679,89400        3372,15300          -2,75200         -35,00411           0,04600
          10,60000       16679,89400        3372,15300          -2,75300         -34,81266           0,00776
          10,65000       16679,89500        3372,15300          -2,80100         -34,68503          -0,01136
          10,70000       16679,89400        3372,15300          -2,80100         -35,51463          -0,00498
          10,75000       16679,89300        3372,15400          -2,83200         -36,72712          -0,03685
          10,80000       16679,89400        3372,15300          -2,85300         -35,25937           0,01413
          10,85000       16679,89400        3372,15300          -2,85300         -35,13174           0,00139
          10,90000       16679,89300        3372,15300          -2,90500         -35,19555           0,02688
          10,95000       16679,89400        3372,15200          -2,90200         -34,68503           0,00139
          11,00000       16679,89400        3372,15300          -2,90200         -35,00411           0,01413
          11,05000       16679,89500        3372,15200          -2,95200         -35,19555           0,01413
          11,10000       16679,89500        3372,15200          -2,95200         -35,13174           0,00776
          11,15000       16679,89400        3372,15200          -2,95300         -35,25937           0,00139
          11,20000       16679,89500        3372,15200          -3,00100         -35,32318           0,00776
          11,25000       16679,89500        3372,15300          -3,00100         -34,81266           0,03963
          11,30000       16679,89500        3372,15300          -3,05200         -34,87648           0,04600
          11,35000       16679,89400        3372,15300          -3,05300         -35,19555           0,03325
          11,40000       16679,89400        3372,15200          -3,05300         -35,06792           0,02051
          11,45000       16679,89300        3372,15300          -3,06300         -35,19555           0,03325
          11,50000       16679,89400        3372,15300          -3,10200         -34,62122           0,02688
          11,55000       16679,89400        3372,15300          -3,10300         -34,62122           0,05237
          11,60000       16679,89500        3372,15300          -3,15100         -34,74885          -0,00498
          11,65000       16679,89400        3372,15200          -3,15100         -34,87648          -0,00498
          11,70000       16679,89300        3372,15400          -3,19900         -35,38700           0,03963
          11,75000       16679,89500        3372,15300          -3,20200         -35,13174           0,04600
          11,80000       16679,89400        3372,15300          -3,20200         -35,25937           0,03325
          11,85000       16679,89400        3372,15300          -3,25000         -34,94029           0,04600
          11,90000       16679,89400        3372,15300          -3,25100         -34,87648           0,05237
          11,95000       16679,89500        3372,15300          -3,25200         -34,68503          -0,00498
          12,00000       16679,89500        3372,15300          -3,30100         -35,13174           0,03963
          12,05000       16679,89400        3372,15300          -3,30100         -35,19555           0,00776
          12,10000       16679,89400        3372,15300          -3,30200         -33,72781           0,00776
          12,15000       16679,89400        3372,15300          -3,35100         -35,13174          -0,00498
          12,20000       16679,89400        3372,15300          -3,35100         -35,00411           0,03963
          12,25000       16679,89400        3372,15300          -3,35100         -35,13174           0,03963
          12,30000       16679,89300        3372,15300          -3,40100         -34,49359          -0,00498
          12,35000       16679,89300        3372,15300          -3,40100         -35,25937          -0,00498
          12,40000       16679,89500        3372,15300          -3,40200         -34,11070           0,03963
          12,45000       16679,89500        3372,15300          -3,45200         -35,13174           0,00139
          12,50000       16679,89500        3372,15300          -3,45300         -35,57844           0,03963
          12,55000       16679,89500        3372,15300          -3,46200         -33,98307           0,03325
          12,60000       16679,89500        3372,15300          -3,50300         -34,49359           0,04600
          12,65000       16679,89500        3372,15300          -3,50300         -34,94029           0,03325
          12,70000       16679,89400        3372,15200          -3,55100         -34,11070           0,01413
          12,75000       16679,89400        3372,15300          -3,55200         -35,00411           0,03963
          12,80000       16679,89500        3372,15300          -3,55100         -34,42977           0,02051
          12,85000       16679,89300        3372,15300          -3,60000         -34,74885           0,00776
          12,90000       16679,89400        3372,15200          -3,60100         -35,06792          -0,00498
          12,95000       16679,89400        3372,15300          -3,65000         -35,00411           0,03325
          13,00000       16679,89400        3372,15300          -3,65100         -34,81266           0,02051
          13,05000       16679,89400        3372,15300          -3,65100         -34,94029           0,03963
          13,10000       16679,89400        3372,15300          -3,65100         -34,04688           0,00776
          13,15000       16679,89400        3372,15300          -3,70200         -34,81266           0,00139
          13,20000       16679,89500        3372,15300          -3,70200         -34,62122           0,02051
          13,25000       16679,89400        3372,15400          -3,72700         -35,57844          -0,01136
          13,30000       16679,89300        3372,15200          -3,75000         -34,68503           0,03963
          13,35000       16679,89400        3372,15300          -3,75000         -34,30214          -0,00498
          13,40000       16679,89400        3372,15300          -3,80000         -34,94029           0,02688
          13,45000       16679,89400        3372,15300          -3,80100         -35,13174          -0,00498
          13,50000       16679,89400        3372,15200          -3,80100         -34,42977           0,03325
          13,55000       16679,89500        3372,15300          -3,85200         -35,38700           0,02051
          13,60000       16679,89300        3372,15300          -3,85200         -34,74885           0,03325
          13,65000       16679,89400        3372,15300          -3,90100         -35,00411           0,02688
          13,70000       16679,89500        3372,15300          -3,90100         -34,49359           0,02688
          13,75000       16679,89300        3372,15400          -3,90200         -35,00411           0,05874
          13,80000       16679,89400        3372,15400          -3,95200         -35,06792           0,00139
          13,85000       16679,89500        3372,15300          -3,95200         -35,00411           0,03325
          13,90000       16679,89500        3372,15300          -3,95300         -35,13174           0,03325
          13,95000       16679,89500        3372,15300          -4,00100         -34,62122           0,02688
          14,00000       16679,89400        3372,15300          -4,00200         -34,42977           0,02051
          14,05000       16679,89300        3372,15300          -4,02700         -34,87648           0,00139
          14,10000       16679,89500        3372,15400          -4,05100         -34,74885           0,01413
          14,15000       16679,89400        3372,15400          -4,05100         -35,00411           0,03963
          14,20000       16679,89500        3372,15400          -4,10000         -34,68503           0,03325
          14,25000       16679,89500        3372,15400          -4,10100         -34,55740           0,02051
          14,30000       16679,89500        3372,15300          -4,10100         -34,94029           0,03963
          14,35000       16679,89400        3372,15300          -4,15000         -34,81266           0,03963
          14,40000       16679,89400        3372,15300          -4,15000         -34,62122           0,03963
          14,45000       16679,89500        3372,15300          -4,15100         -34,30214           0,00776
          14,50000       16679,89400        3372,15300          -4,20100         -34,74885           0,03325
          14,55000       16679,89400        3372,15300          -4,20200         -35,06792           0,02051
          14,60000       16679,89400        3372,15300          -4,25300         -34,94029           0,01413
          14,65000       16679,89300        3372,15300          -4,25100         -34,94029           0,01413
          14,70000       16679,89400        3372,15300          -4,25200         -35,25937           0,02051
          14,75000       16679,89500        3372,15400          -4,28600         -35,19555           0,05237
          14,80000       16679,89500        3372,15300          -4,30000         -34,49359           0,03325
          14,85000       16679,89500        3372,15400          -4,30100         -34,74885           0,01413
          14,90000       16679,89400        3372,15300          -4,30000         -35,19555           0,02051
          14,95000       16679,89400        3372,15300          -4,35000         -34,42977           0,05237
          15,00000       16679,89400        3372,15100          -4,35100         -33,91925           0,04600
          15,05000       16679,89400        3372,15300          -4,40200         -34,68503           0,03325
          15,10000       16679,89500        3372,15500          -4,40300         -34,87648           0,01413
          15,15000       16679,89400        3372,15300          -4,40300         -35,00411           0,00776
          15,20000       16679,89300        3372,15300          -4,45200         -35,38700           0,03963
          15,25000       16679,89400        3372,15400          -4,45300         -35,25937           0,02051
          15,30000       16679,89300        3372,15300          -4,50000         -35,13174           0,01413
          15,35000       16679,89400        3372,15300          -4,50100         -34,04688           0,06512
          15,40000       16679,89500        3372,15300          -4,50200         -33,91925           0,05237
          15,45000       16679,89400        3372,15300          -4,55100         -34,42977           0,01413
          15,50000       16679,89400        3372,15300          -4,55200         -34,87648           0,00776
          15,55000       16679,89500        3372,15400          -4,55300         -33,72781           0,04600
          15,60000       16679,89400        3372,15200          -4,60200         -35,13174          -0,03685
          15,65000       16679,89400        3372,15300          -4,60300         -35,76989           0,02688
          15,70000       16679,89400        3372,15300          -4,60300         -35,76989           0,02051
          15,75000       16679,89400        3372,15300          -4,65100         -34,94029           0,00139
          15,80000       16679,89400        3372,15300          -4,65200         -35,06792           0,01413
          15,85000       16679,89500        3372,15300          -4,68500         -35,00411          -0,00498
          15,90000       16679,89500        3372,15300          -4,70200         -34,30214           0,03325
          15,95000       16679,89500        3372,15300          -4,70100         -34,87648           0,02051
          16,00000       16679,89400        3372,15400          -4,74800         -34,55740           0,00139
          16,05000       16679,89400        3372,15400          -4,75100         -35,06792           0,02051
          16,10000       16679,89400        3372,15400          -4,75200         -35,25937           0,00139
          16,15000       16679,89400        3372,15300          -4,80000         -35,13174           0,02051
          16,20000       16679,89400        3372,15300          -4,80200         -34,87648           0,01413
          16,25000       16679,89500        3372,15300          -4,80100         -34,23833           0,03325
          16,30000       16679,89500        3372,15300          -4,85100         -35,06792           0,05874
          16,35000       16679,89500        3372,15300          -4,85200         -34,94029           0,05237
          16,40000       16679,89500        3372,15300          -4,90100         -35,13174           0,05237
          16,45000       16679,89400        3372,15300          -4,90300         -35,06792          -0,01136
          16,50000       16679,89500        3372,15300          -4,90300         -34,62122           0,01413
          16,55000       16679,89400        3372,15200          -4,95200         -35,13174           0,05237
          16,60000       16679,89500        3372,15300          -4,95200         -34,55740           0,03325
          16,65000       16679,89400        3372,15300          -4,98300         -34,68503           0,02051
          16,70000       16679,89400        3372,15300          -5,00000         -34,42977          -0,02410
          16,75000       16679,89400        3372,15200          -5,00000         -34,49359           0,00139
          16,80000       16679,89500        3372,15300          -5,00100         -34,62122          -0,00498
          16,85000       16679,89400        3372,15300          -5,05000         -34,30214           0,03963
          16,90000       16679,89500        3372,15300          -5,05100         -35,00411           0,00139
          16,95000       16679,89500        3372,15300          -5,10000         -35,32318           0,03963
          17,00000       16679,89500        3372,15300          -5,10100         -34,74885          -0,01136
          17,05000       16679,89400        3372,15300          -5,10200         -34,68503           0,02051
          17,10000       16679,89400        3372,15300          -5,15100         -34,87648           0,02688
          17,15000       16679,89500        3372,15300          -5,15200         -34,42977          -0,01136
          17,20000       16679,89400        3372,15300          -5,15200         -34,49359           0,02688
          17,25000       16679,89400        3372,15400          -5,20200         -34,87648           0,04600
          17,30000       16679,89400        3372,15300          -5,20300         -35,13174           0,00139
          17,35000       16679,89400        3372,15300          -5,20300         -34,49359           0,00139
          17,40000       16679,89500        3372,15400          -5,25200         -34,94029           0,00139
          17,45000       16679,89500        3372,15300          -5,25200         -34,04688          -0,01773
          17,50000       16679,89400        3372,15400          -5,25200         -34,42977          -0,01136
          17,55000       16679,89500        3372,15300          -5,30200         -34,81266           0,00776
          17,60000       16679,89500        3372,15300          -5,30300         -34,87648           0,05874
          17,65000       16679,89500        3372,15300          -5,35100         -35,25937           0,03325
          17,70000       16679,89400        3372,15300          -5,35100         -34,42977          -0,01136
          17,75000       16679,89400        3372,15300          -5,37600         -34,68503           0,00139
          17,80000       16679,89400        3372,15300          -5,40300         -34,55740           0,01413
          17,85000       16679,89500        3372,15300          -5,40200         -34,11070           0,01413
          17,90000       16679,89400        3372,15300          -5,45000         -34,87648           0,00139
          17,95000       16679,89400        3372,15300          -5,45200         -35,13174           0,03325
          18,00000       16679,89400        3372,15300          -5,45200         -34,17451           0,01413
          18,05000       16679,89500        3372,15300          -5,50300         -34,74885           0,03963
          18,10000       16679,89500        3372,15400          -5,50400         -35,00411           0,00776
          18,15000       16679,89400        3372,15300          -5,55000         -34,36596          -0,00498
          18,20000       16679,89500        3372,15300          -5,55300         -34,87648           0,03325
          18,25000       16679,89500        3372,15300          -5,55200         -34,74885           0,03963
          18,30000       16679,89400        3372,15300          -5,60200         -34,23833           0,00139
          18,35000       16679,89400        3372,15400          -5,60200         -34,42977           0,05237
          18,40000       16679,89400        3372,15300          -5,65200         -34,87648          -0,01136
          18,45000       16679,89400        3372,15300          -5,65300         -35,00411           0,04600
          18,50000       16679,89500        3372,15300          -5,65300         -34,87648           0,02688
          18,55000       16679,89400        3372,15300          -5,70100         -34,17451           0,04600
          18,60000       16679,89400        3372,15200          -5,70200         -34,74885           0,02688
          18,65000       16679,89400        3372,15300          -5,70200         -34,62122           0,03963
          18,70000       16679,89400        3372,15300          -5,75200         -34,62122          -0,00498
          18,75000       16679,89400        3372,15300          -5,75300         -35,19555           0,02051
          18,80000       16679,89400        3372,15300          -5,75200         -34,74885           0,03963
          18,85000       16679,89400        3372,15300          -5,80200         -34,55740           0,00139
          18,90000       16679,89500        3372,15300          -5,80100         -34,62122           0,02688
          18,95000       16679,89400        3372,15400          -5,85200         -34,49359           0,05237
          19,00000       16679,89500        3372,15400          -5,85300         -34,87648          -0,01773
          19,05000       16679,89400        3372,15400          -5,85300         -34,87648           0,01413
          19,10000       16679,89400        3372,15400          -5,89900         -34,87648           0,02688
          19,15000       16679,89400        3372,15300          -5,90200         -33,66399           0,00776
          19,20000       16679,89400        3372,15300          -5,94900         -35,00411           0,02688
          19,25000       16679,89400        3372,15300          -5,95200         -34,87648           0,02688
          19,30000       16679,89400        3372,15300          -5,95300         -34,49359           0,01413
          19,35000       16679,89500        3372,15300          -5,95200         -34,55740           0,01413
          19,40000       16679,89500        3372,15400          -6,00300         -34,81266           0,03963
          19,45000       16679,89500        3372,15300          -6,00300         -34,42977           0,01413
          19,50000       16679,89300        3372,15400          -6,05200         -34,74885           0,02051
          19,55000       16679,89400        3372,15400          -6,05200         -34,68503           0,03325
          19,60000       16679,89500        3372,15300          -6,05300         -34,17451           0,03963
          19,65000       16679,89500        3372,15300          -6,10200         -34,23833           0,02688
          19,70000       16679,89500        3372,15300          -6,10400         -34,62122           0,03325
          19,75000       16679,89400        3372,15300          -6,15100         -34,74885          -0,00498
          19,80000       16679,89400        3372,15300          -6,15200         -34,74885           0,01413
          19,85000       16679,89400        3372,15300          -6,15300         -34,55740           0,05237
          19,90000       16679,89400        3372,15400          -6,20400         -34,23833           0,03963
          19,95000       16679,89400        3372,15400          -6,20300         -34,23833          -0,04322
          20,00000       16679,89500        3372,15300          -6,20400         -34,36596          -0,00498
          20,05000       16679,89400        3372,15300          -6,25200         -35,06792           0,02688
          20,10000       16679,89500        3372,15200          -6,25300         -34,42977          -0,00498
          20,15000       16679,89500        3372,15300          -6,25300         -34,23833           0,05237
          20,20000       16679,89400        3372,15300          -6,30200         -33,91925           0,01413
          20,25000       16679,89500        3372,15200          -6,30200         -34,62122           0,04600
          20,30000       16679,89400        3372,15300          -6,30200         -34,04688           0,02051
          20,35000       16679,89400        3372,15300          -6,35300         -34,49359           0,01413
          20,40000       16679,89400        3372,15300          -6,35300         -33,91925           0,05874
          20,45000       16679,89400        3372,15300          -6,40300         -34,11070           0,02688
          20,50000       16679,89500        3372,15300          -6,40300         -34,42977           0,02688
          20,55000       16679,89500        3372,15200          -6,40300         -34,68503           0,02051
          20,60000       16679,89400        3372,15200          -6,45200         -34,68503           0,03963
          20,65000       16679,89400        3372,15300          -6,45400         -34,11070           0,04600
          20,70000       16679,89200        3372,15200          -6,50000         -34,17451           0,05874
          20,75000       16679,89400        3372,15300          -6,50200         -34,04688           0,03325
          20,80000       16679,89400        3372,15300          -6,50300         -34,42977           0,03325
          20,85000       16679,89500        3372,15300          -6,55300         -34,49359           0,04600
          20,90000       16679,89400        3372,15200          -6,55300         -34,49359           0,03963
          20,95000       16679,89500        3372,15400          -6,55900         -34,49359          -0,00498
          21,00000       16679,89400        3372,15300          -6,60100         -34,42977          -0,01773
          21,05000       16679,89400        3372,15300          -6,60200         -33,91925           0,02051
          21,10000       16679,89400        3372,15300          -6,65300         -34,49359           0,03963
          21,15000       16679,89400        3372,15300          -6,65300         -34,42977           0,00139
          21,20000       16679,89400        3372,15300          -6,65300         -34,30214           0,00776
          21,25000       16679,89400        3372,15300          -6,70200         -34,36596           0,03325
          21,30000       16679,89300        3372,15400          -6,70300         -34,30214          -0,00498
          21,35000       16679,89400        3372,15300          -6,70300         -34,94029           0,05237
          21,40000       16679,89300        3372,15300          -6,72200         -34,17451           0,02688
          21,45000       16679,89400        3372,15300          -6,75300         -34,62122           0,03963
          21,50000       16679,89300        3372,15300          -6,75600         -34,42977           0,02051
          21,55000       16679,89400        3372,15300          -6,80300         -34,17451           0,04600
          21,60000       16679,89500        3372,15300          -6,80300         -34,17451           0,00776
          21,65000       16679,89500        3372,15300          -6,81600         -34,81266           0,02051
          21,70000       16679,89400        3372,15400          -6,85400         -34,62122           0,04600
          21,75000       16679,89500        3372,15300          -6,85500         -33,40873           0,01413
          21,80000       16679,89400        3372,15300          -6,87600         -33,72781          -0,00498
          21,85000       16679,89400        3372,15300          -6,90300         -34,42977           0,00139
          21,90000       16679,89500        3372,15300          -6,90300         -34,55740           0,05874
          21,95000       16679,89400        3372,15300          -6,93000         -34,42977           0,02051
          22,00000       16679,89500        3372,15300          -6,95200         -34,68503           0,00139
          22,05000       16679,89400        3372,15200          -6,95300         -34,49359           0,01413
          22,10000       16679,89400        3372,15300          -7,00200         -33,91925           0,00139
          22,15000       16679,89500        3372,15200          -7,00400         -34,17451           0,02688
          22,20000       16679,89500        3372,15300          -7,00400         -33,60018           0,04600
          22,25000       16679,89500        3372,15300          -7,05400         -34,55740           0,03325
          22,30000       16679,89500        3372,15300          -7,05400         -34,55740           0,02051
          22,35000       16679,89500        3372,15300          -7,10300         -34,36596           0,02051
          22,40000       16679,89500        3372,15300          -7,10400         -34,30214           0,00776
          22,45000       16679,89400        3372,15300          -7,10500         -34,74885           0,02051
          22,50000       16679,89400        3372,15400          -7,15200         -33,98307           0,01413
          22,55000       16679,89500        3372,15400          -7,15200         -34,23833           0,00776
          22,60000       16679,89500        3372,15300          -7,15200         -33,85544           0,02688
          22,65000       16679,89500        3372,15300          -7,20200         -34,42977           0,01413
          22,70000       16679,89400        3372,15300          -7,20300         -34,30214           0,01413
          22,75000       16679,89300        3372,15300          -7,25000         -33,98307          -0,01136
          22,80000       16679,89500        3372,15300          -7,25300         -34,04688           0,02051
          22,85000       16679,89400        3372,15300          -7,25400         -34,62122           0,03963
          22,90000       16679,89600        3372,15300          -7,30300         -34,68503           0,05237
          22,95000       16679,89500        3372,15300          -7,30300         -34,42977           0,05874
          23,00000       16679,89400        3372,15300          -7,30300         -33,85544           0,04600
          23,05000       16679,89400        3372,15300          -7,35100         -33,60018           0,01413
          23,10000       16679,89400        3372,15400          -7,35200         -34,36596           0,00776
          23,15000       16679,89500        3372,15400          -7,40300         -34,36596           0,03325
          23,20000       16679,89500        3372,15300          -7,40300         -33,60018           0,02051
          23,25000       16679,89500        3372,15300          -7,40300         -34,55740           0,03963
          23,30000       16679,89300        3372,15200          -7,40300         -34,62122           0,00776
          23,35000       16679,89400        3372,15300          -7,45300         -33,34492           0,09061
          23,40000       16679,89400        3372,15400          -7,45400         -34,42977           0,03325
          23,45000       16679,89400        3372,15300          -7,50300         -34,36596          -0,01136
          23,50000       16679,89500        3372,15300          -7,50300         -34,49359           0,00776
          23,55000       16679,89400        3372,15300          -7,50400         -33,98307          -0,01773
          23,60000       16679,89400        3372,15300          -7,55100         -34,17451           0,01413
          23,65000       16679,89400        3372,15300          -7,55200         -34,23833           0,02051
          23,70000       16679,89300        3372,15300          -7,60100         -34,11070          -0,02410
          23,75000       16679,89400        3372,15300          -7,60100         -33,85544           0,00776
          23,80000       16679,89400        3372,15300          -7,60100         -34,36596           0,01413
          23,85000       16679,89400        3372,15400          -7,62700         -33,98307           0,05237
          23,90000       16679,89400        3372,15300          -7,65200         -34,17451           0,03963
          23,95000       16679,89400        3372,15300          -7,65300         -34,49359           0,05237
          24,00000       16679,89400        3372,15300          -7,70100         -33,98307           0,02051
          24,05000       16679,89400        3372,15300          -7,70200         -33,40873          -0,00498
          24,10000       16679,89400        3372,15400          -7,73200         -34,36596           0,02051
          24,15000       16679,89400        3372,15400          -7,75200         -33,53636          -0,00498
          24,20000       16679,89400        3372,15400          -7,75300         -32,70676           0,02051
          24,25000       16679,89500        3372,15300          -7,75300         -33,91925           0,02051
          24,30000       16679,89400        3372,15300          -7,80400         -33,79162           0,01413
          24,35000       16679,89500        3372,15400          -7,80400         -33,34492          -0,01136
          24,40000       16679,89400        3372,15300          -7,85300         -34,17451           0,00776
          24,45000       16679,89400        3372,15300          -7,85300         -34,55740           0,04600
          24,50000       16679,89400        3372,15400          -7,85400         -33,66399           0,05237
          24,55000       16679,89400        3372,15300          -7,90400         -33,91925          -0,01773
          24,60000       16679,89400        3372,15300          -7,90400         -34,49359           0,00776
          24,65000       16679,89500        3372,15500          -7,92100         -34,55740           0,00139
          24,70000       16679,89400        3372,15300          -7,95100         -34,04688           0,03325
          24,75000       16679,89500        3372,15200          -7,95200         -33,98307           0,01413
          24,80000       16679,89400        3372,15300          -8,00200         -34,23833          -0,01136
          24,85000       16679,89500        3372,15300          -8,00200         -34,04688          -0,01773
          24,90000       16679,89400        3372,15300          -8,00300         -34,30214           0,04600
          24,95000       16679,89400        3372,15300          -8,05200         -34,30214           0,07149
          25,00000       16679,89500        3372,15200          -8,05300         -34,11070           0,04600
          25,05000       16679,89400        3372,15300          -8,10100         -34,42977           0,03963
          25,10000       16679,89300        3372,15300          -8,10400         -34,36596           0,03963
          25,15000       16679,89400        3372,15300          -8,10400         -34,49359           0,03325
          25,20000       16679,89400        3372,15300          -8,10400         -33,66399           0,03963
          25,25000       16679,89400        3372,15200          -8,15200         -33,98307           0,02051
          25,30000       16679,89400        3372,15200          -8,15300         -33,47255          -0,00498
          25,35000       16679,89400        3372,15300          -8,15300         -33,98307           0,02688
          25,40000       16679,89300        3372,15300          -8,20100         -34,04688           0,03325
          25,45000       16679,89400        3372,15300          -8,20200         -34,49359           0,00776
          25,50000       16679,89400        3372,15300          -8,25000         -33,28110           0,03325
          25,55000       16679,89500        3372,15300          -8,25200         -34,11070           0,03325
          25,60000       16679,89400        3372,15300          -8,25200         -33,21729           0,02051
          25,65000       16679,89400        3372,15300          -8,30200         -32,77058           0,03963
          25,70000       16679,89500        3372,15200          -8,30300         -33,47255           0,03325
          25,75000       16679,89400        3372,15200          -8,35100         -33,98307           0,05237
          25,80000       16679,89400        3372,15200          -8,35200         -33,47255           0,00139
          25,85000       16679,89400        3372,15200          -8,35300         -33,34492           0,01413
          25,90000       16679,89400        3372,15300          -8,40300         -33,98307           0,00776
          25,95000       16679,89500        3372,15300          -8,40400         -34,04688           0,00776
          26,00000       16679,89400        3372,15200          -8,40400         -33,53636           0,05237
          26,05000       16679,89500        3372,15300          -8,45300         -34,36596           0,01413
          26,10000       16679,89500        3372,15300          -8,45300         -34,04688           0,03325
          26,15000       16679,89200        3372,15300          -8,49900         -33,85544           0,01413
          26,20000       16679,89500        3372,15300          -8,50400         -33,40873           0,02051
          26,25000       16679,89500        3372,15300          -8,50400         -34,04688          -0,00498
          26,30000       16679,89400        3372,15500          -8,55000         -33,60018           0,05237
          26,35000       16679,89500        3372,15400          -8,55300         -33,66399           0,03325
          26,40000       16679,89500        3372,15300          -8,55300         -33,15347           0,03325
          26,45000       16679,89500        3372,15300          -8,60100         -34,30214           0,02051
          26,50000       16679,89400        3372,15300          -8,60100         -34,42977           0,00776
          26,55000       16679,89400        3372,15300          -8,65100         -34,36596           0,03963
          26,60000       16679,89400        3372,15300          -8,65100         -33,40873           0,02051
          26,65000       16679,89400        3372,15300          -8,65200         -34,42977          -0,01136
          26,70000       16679,89500        3372,15300          -8,70200         -33,91925           0,01413
          26,75000       16679,89500        3372,15300          -8,70300         -33,60018           0,02688
          26,80000       16679,89500        3372,15300          -8,70300         -32,32387           0,00776
          26,85000       16679,89500        3372,15300          -8,75200         -33,91925           0,02051
          26,90000       16679,89500        3372,15300          -8,75300         -33,53636           0,02688
          26,95000       16679,89400        3372,15300          -8,76500         -31,81335           0,00776
          27,00000       16679,89500        3372,15300          -8,80100         -33,28110           0,02688
          27,05000       16679,89400        3372,15300          -8,80100         -33,21729           0,00139
          27,10000       16679,89500        3372,15300          -8,85200         -33,53636           0,03325
          27,15000       16679,89400        3372,15300          -8,85200         -33,34492           0,02688
          27,20000       16679,89400        3372,15200          -8,85200         -33,15347           0,00139
          27,25000       16679,89400        3372,15300          -8,90200         -32,32387           0,05237
          27,30000       16679,89500        3372,15300          -8,90200         -33,85544           0,02051
          27,35000       16679,89400        3372,15300          -8,90300         -31,81335           0,02051
          27,40000       16679,89400        3372,15300          -8,95200         -32,38769           0,03963
          27,45000       16679,89400        3372,15300          -8,95200         -32,26006          -0,00498
          27,50000       16679,89400        3372,15300          -8,95300         -32,06861          -0,00498
          27,55000       16679,89400        3372,15400          -9,00200         -33,91925           0,02688
          27,60000       16679,89500        3372,15300          -9,00200         -33,21729           0,00776
          27,65000       16679,89500        3372,15300          -9,05100         -32,06861           0,00139
          27,70000       16679,89500        3372,15300          -9,05200         -33,15347           0,02688
          27,75000       16679,89500        3372,15300          -9,05200         -32,96203           0,03325
          27,80000       16679,89400        3372,15300          -9,05200         -32,26006           0,03325
          27,85000       16679,89500        3372,15300          -9,10100         -32,19624           0,04600
          27,90000       16679,89500        3372,15200          -9,10200         -33,34492           0,00776
          27,95000       16679,89400        3372,15400          -9,14300         -33,60018           0,03325
          28,00000       16679,89500        3372,15300          -9,15200         -33,85544           0,02688
          28,05000       16679,89500        3372,15300          -9,15100         -33,72781           0,01413
          28,10000       16679,89500        3372,15200          -9,20200         -33,66399           0,01413
          28,15000       16679,89500        3372,15200          -9,20200         -34,11070          -0,00498
          28,20000       16679,89500        3372,15300          -9,22700         -31,11139           0,00139
          28,25000       16679,89500        3372,15200          -9,25400         -32,45150           0,02688
          28,30000       16679,89500        3372,15300          -9,25400         -33,34492           0,00139
          28,35000       16679,89500        3372,15300          -9,27400         -32,45150           0,02051
          28,40000       16679,89500        3372,15300          -9,30200         -32,64295           0,00139
          28,45000       16679,89500        3372,15300          -9,30200         -31,87717           0,02688
          28,50000       16679,89400        3372,15300          -9,35300         -32,57913          -0,01136
          28,55000       16679,89400        3372,15300          -9,35300         -33,72781           0,04600
          28,60000       16679,89400        3372,15200          -9,40500         -32,64295           0,01413
          28,65000       16679,89400        3372,15300          -9,40300         -33,08966           0,02688
          28,70000       16679,89500        3372,15300          -9,40300         -31,11139          -0,03685
          28,75000       16679,89500        3372,15300          -9,45200         -30,40942          -0,01136
          28,80000       16679,89500        3372,15300          -9,45300         -31,30283           0,00139
          28,85000       16679,89500        3372,15200          -9,45400         -30,53705           0,03325
          28,90000       16679,89500        3372,15300          -9,50300         -29,64364           0,07149
          28,95000       16679,89500        3372,15400          -9,50400         -32,64295           0,02688
          29,00000       16679,89400        3372,15400          -9,55300         -28,23971           0,03325
          29,05000       16679,89400        3372,15300          -9,55300         -29,45220           0,00139
          29,10000       16679,89500        3372,15300          -9,55300         -30,34561           0,02051
          29,15000       16679,89400        3372,15300          -9,55300         -31,30283          -0,01136
          29,20000       16679,89500        3372,15300          -9,60200         -27,79300           0,02051
          29,25000       16679,89600        3372,15300          -9,60300         -33,08966           0,00776
          29,30000       16679,89500        3372,15300          -9,62400         -32,38769           0,00139
          29,35000       16679,89500        3372,15300          -9,65400         -31,55809           0,03325
          29,40000       16679,89500        3372,15300          -9,65400         -29,64364           0,03325
          29,45000       16679,89400        3372,15300          -9,70200         -31,11139           0,03963
          29,50000       16679,89400        3372,15400          -9,70400         -31,87717           0,02688
          29,55000       16679,89500        3372,15200          -9,70400         -32,45150           0,00139
          29,60000       16679,89500        3372,15200          -9,75200         -29,19693           0,05237
          29,65000       16679,89400        3372,15300          -9,75300         -32,89821           0,03963
          29,70000       16679,89500        3372,15300          -9,80100         -32,64295          -0,00498
          29,75000       16679,89500        3372,15300          -9,80400         -32,51532           0,03325
          29,80000       16679,89500        3372,15300          -9,80400         -33,28110           0,02051
          29,85000       16679,89400        3372,15200          -9,85200         -32,26006           0,05874
          29,90000       16679,89400        3372,15300          -9,85300         -32,57913           0,05237
          29,95000       16679,89400        3372,15300          -9,85300         -27,98445          -0,01136
          30,00000       16679,89400        3372,15300          -9,90100         -29,00549           0,03325
          30,05000       16679,89500        3372,15300          -9,90300         -32,51532          -0,01773
          30,10000       16679,89500        3372,15300          -9,90500         -24,72988           0,01413
          30,15000       16679,89500        3372,15300          -9,95200         -32,32387           0,02051
          30,20000       16679,89500        3372,15300          -9,95300         -32,64295          -0,00498
          30,25000       16679,89400        3372,15300          -9,95300         -31,17520           0,01413
          30,30000       16679,89500        3372,15300         -10,00200         -31,17520           0,02051
          30,35000       16679,89500        3372,15400         -10,00300         -25,68710           0,00139
          30,40000       16679,89500        3372,15500         -10,05700         -29,89890           0,02051
          30,45000       16679,89400        3372,15400         -10,05300         -32,26006           0,02051
          30,50000       16679,89400        3372,15300         -10,05400         -27,21867           0,03325
          30,55000       16679,89500        3372,15400         -10,05200         -22,62398           0,00139
          30,60000       16679,89500        3372,15400         -10,10300         -20,51808           0,03963
          30,65000       16679,89500        3372,15300         -10,09500         -22,24109          -0,01773
          30,70000       16679,89500        3372,15300         -10,15400         -26,64433           0,00139
          30,75000       16679,89400        3372,15300         -10,15400         -31,55809           0,00139
          30,80000       16679,89500        3372,15300         -10,15400         -24,02791           0,03325
          30,85000       16679,89400        3372,15300         -10,20200         -31,04757           0,00776
          30,90000       16679,89400        3372,15300         -10,20300         -22,49635           0,02688
          30,95000       16679,89500        3372,15300         -10,20200         -25,04895           0,00776
          31,00000       16679,89500        3372,15300         -10,25300         -28,81404           0,01413
          31,05000       16679,89400        3372,15300         -10,25300         -24,53843           0,04600
          31,10000       16679,89400        3372,15300         -10,30200         -27,41011           0,00776
          31,15000       16679,89500        3372,15300         -10,30300         -29,45220           0,03963
          31,20000       16679,89500        3372,15300         -10,30200         -30,85613           0,06512
          31,25000       16679,89500        3372,15400         -10,35100         -16,56155           0,02051
          31,30000       16679,89400        3372,15400         -10,35300         -29,00549           0,02688
          31,35000       16679,89400        3372,15400         -10,35400         -30,53705           0,00776
          31,40000       16679,89400        3372,15300         -10,40300         -30,60087           0,03963
          31,45000       16679,89400        3372,15300         -10,40300         -29,19693           0,02051
          31,50000       16679,89400        3372,15300         -10,40300         -21,60294           0,02688
          31,55000       16679,89400        3372,15300         -10,45300         -29,57983          -0,01773
          31,60000       16679,89500        3372,15400         -10,45300         -27,34630           0,04600
          31,65000       16679,89500        3372,15300         -10,50400         -27,60156           0,03963
          31,70000       16679,89400        3372,15300         -10,50400         -24,09173           0,00139
          31,75000       16679,89400        3372,15300         -10,50400         -29,57983           0,03325
          31,80000       16679,89400        3372,15400         -10,55400         -11,58397           0,02688
          31,85000       16679,89500        3372,15300         -10,55400         -10,56293           0,00776
          31,90000       16679,89400        3372,15300         -10,59900          -8,64848           0,03325
          31,95000       16679,89400        3372,15300         -10,60400         -10,37148          -0,04322
          32,00000       16679,89400        3372,15300         -10,60400         -31,17520          -0,00498
          32,05000       16679,89500        3372,15400         -10,65200          -5,33009           0,01413
          32,10000       16679,89500        3372,15300         -10,65300          -5,71298           0,04600
          32,15000       16679,89500        3372,15300         -10,65400          -8,13796           0,02688
          32,20000       16679,89300        3372,15300         -10,70600          -7,43599           0,01413
          32,25000       16679,89400        3372,15400         -10,70500          -6,67021           0,02051
          32,30000       16679,89500        3372,15300         -10,70500          -8,32940           0,02051
          32,35000       16679,89500        3372,15400         -10,70500          -4,81957           0,04600
          32,40000       16679,89500        3372,15300         -10,75400         -30,47324          -0,02410
          32,45000       16679,89500        3372,15300         -10,75500          -7,56362          -0,01773
          32,50000       16679,89400        3372,15300         -10,80300          -4,56431           0,01413
          32,55000       16679,89500        3372,15300         -10,80200          -3,67090          -0,01136
          32,60000       16679,89400        3372,15300         -10,80300         -10,05241           0,05874
          32,65000       16679,89400        3372,15400         -10,85300          -8,20177          -0,00498
          32,70000       16679,89500        3372,15300         -10,85400         -21,66675           0,00776
          32,75000       16679,89400        3372,15300         -10,85400         -31,17520          -0,01136
          32,80000       16679,89500        3372,15400         -10,90300          -0,03344           0,02688
          32,85000       16679,89500        3372,15400         -10,90300         -24,85751           0,03325
          32,90000       16679,89500        3372,15500         -10,95200         -12,66883           0,03963
          32,95000       16679,89500        3372,15300         -10,95300         -26,19763           0,03963
          33,00000       16679,89500        3372,15300         -10,95400         -29,06930           0,02051
          33,05000       16679,89500        3372,15300         -10,95500         -29,45220           0,00139
          33,10000       16679,89500        3372,15300         -11,00400         -29,96272           0,02051
          33,15000       16679,89500        3372,15300         -11,00400           3,09350           0,03325
          33,20000       16679,89600        3372,15300         -11,05300         -26,70815          -0,00498
          33,25000       16679,89500        3372,15300         -11,05300         -28,81404          -0,02410
          33,30000       16679,89500        3372,15300         -11,05400         -24,02791           0,04600
          33,35000       16679,89500        3372,15400         -11,10400         -26,13381           0,01413
          33,40000       16679,89500        3372,15300         -11,10500         -28,55878           0,03963
          33,45000       16679,89500        3372,15300         -11,10600           7,75200           0,02688
          33,50000       16679,89400        3372,15300         -11,15300         -22,49635           0,02051
          33,55000       16679,89500        3372,15300         -11,15400         -26,19763           0,01413
          33,60000       16679,89500        3372,15200         -11,20400         -31,36665           0,02051
          33,65000       16679,89500        3372,15400         -11,20400         -30,28179           0,03963
          33,70000       16679,89500        3372,15300         -11,20500         -25,55947           0,02688
          33,75000       16679,89400        3372,15300         -11,25200         -11,07345           0,01413
          33,80000       16679,89500        3372,15300         -11,25400         -22,24109           0,00139
          33,85000       16679,89400        3372,15300         -11,30100         -10,49911          -0,02410
          33,90000       16679,89400        3372,15200         -11,30300           6,28425          -0,00498
          33,95000       16679,89500        3372,15300         -11,30400          -4,56431           0,02051
          34,00000       16679,89500        3372,15300         -11,35400          18,66438           0,02688
          34,05000       16679,89500        3372,15200         -11,35500         -33,60018           0,02051
          34,10000       16679,89500        3372,15300         -11,35400         -25,94237           0,01413
          34,15000       16679,89500        3372,15300         -11,40300         -29,19693           0,02051
          34,20000       16679,89500        3372,15300         -11,40400         -26,96341           0,02051
          34,25000       16679,89500        3372,15300         -11,40400         -29,00549           0,02051
          34,30000       16679,89500        3372,15300         -11,45300         -31,23902           0,03963
          34,35000       16679,89500        3372,15300         -11,45500         -33,85544          -0,01136
          34,40000       16679,89500        3372,15300         -11,50400         -33,15347          -0,05597
          34,45000       16679,89600        3372,15300         -11,50600         -30,09035           0,04600
          34,50000       16679,89500        3372,15300         -11,50500         -28,75023           0,00139
          34,55000       16679,89500        3372,15400         -11,55400         -26,83578           0,01413
          34,60000       16679,89600        3372,15300         -11,55400         -27,09104           0,06512
          34,65000       16679,89500        3372,15300         -11,60300         -29,89890           0,03963
          34,70000       16679,89500        3372,15300         -11,60400         -27,66537           0,04600
          34,75000       16679,89500        3372,15200         -11,60400         -30,66468           0,00139
          34,80000       16679,89500        3372,15300         -11,65800         -24,34699           0,02688
          34,85000       16679,89600        3372,15300         -11,65500         -33,21729           0,02688
          34,90000       16679,89600        3372,15300         -11,65500         -36,72712           0,01413
          34,95000       16679,89500        3372,15400         -11,69900         -34,36596           0,05237
          35,00000       16679,89500        3372,15300         -11,70500         -29,19693           0,03963
          35,05000       16679,89600        3372,15300         -11,70600         -32,38769           0,00139
          35,10000       16679,89400        3372,15300         -11,75300         -34,49359           0,03325
          35,15000       16679,89600        3372,15300         -11,75400         -34,87648           0,05237
          35,20000       16679,89600        3372,15300         -11,75400         -20,77334           0,00776
          35,25000       16679,89500        3372,15300         -11,80400         -35,00411           0,05874
          35,30000       16679,89500        3372,15300         -11,80300         -34,74885           0,03325
          35,35000       16679,89600        3372,15300         -11,85400         -35,96133           0,01413
          35,40000       16679,89500        3372,15300         -11,85400         -35,45081           0,05237
          35,45000       16679,89400        3372,15300         -11,85400          -6,35113           0,05874
          35,50000       16679,89500        3372,15300         -11,90400         -37,87579           0,02051
          35,55000       16679,89500        3372,15300         -11,90500         -36,66330           0,05237
          35,60000       16679,89400        3372,15200         -11,92800         -39,27972           0,02688
          35,65000       16679,89500        3372,15300         -11,95400         -37,87579           0,07149
          35,70000       16679,89500        3372,15300         -11,95500         -22,94306           0,01413
          35,75000       16679,89500        3372,15300         -12,00400         -39,85405           0,09061
          35,80000       16679,89500        3372,15200         -12,00400         -37,74816           0,02051
          35,85000       16679,89600        3372,15300         -12,00400         -36,53567           0,00139
          35,90000       16679,89500        3372,15300         -12,05100         -35,32318           0,02051
          35,95000       16679,89500        3372,15200         -12,05300         -38,13105           0,01413
          36,00000       16679,89500        3372,15300         -12,05300         -43,10862           0,02688
          36,05000       16679,89500        3372,15300         -12,10300         -37,23764           0,00776
          36,10000       16679,89500        3372,15200         -12,10400         -29,06930           0,03325
          36,15000       16679,89500        3372,15300         -12,15400          23,00381          -0,00498
          36,20000       16679,89500        3372,15300         -12,15400         -35,76989          -0,01136
          36,25000       16679,89500        3372,15300         -12,15400         -22,36872           0,01413
          36,30000       16679,89500        3372,15300         -12,20500         274,24381           0,01413
          36,35000       16679,89500        3372,15300         -12,20500         246,80333           0,02688
          36,40000       16679,89500        3372,15400         -12,25300         144,63537           0,03325
          36,45000       16679,89600        3372,15300         -12,25400         243,86783           0,01413
          36,50000       16679,89500        3372,15300         -12,25400         198,04860           0,01413
          36,55000       16679,89600        3372,15300         -12,30000         366,77569           0,01413
          36,60000       16679,89600        3372,15300         -12,30400          13,62299           0,01413
          36,65000       16679,89500        3372,15300         -12,35500          21,47225           0,02051
          36,70000       16679,89600        3372,15300         -12,35500         266,01167           0,04600
          36,75000       16679,89500        3372,15400         -12,35600         304,93887           0,02688
          36,80000       16679,89400        3372,15400         -12,38600         479,02644           0,07149
          36,85000       16679,89600        3372,15300         -12,40300         -14,90235           0,05237
          36,90000       16679,89500        3372,15300         -12,40300         157,14313           0,02051
          36,95000       16679,89400        3372,15300         -12,45400         496,57558           0,05237
          37,00000       16679,89500        3372,15300         -12,45400         527,07920           0,03963
          37,05000       16679,89600        3372,15300         -12,45500         471,30481           0,00776
          37,10000       16679,89500        3372,15300         -12,50400         320,44594           0,04600
          37,15000       16679,89500        3372,15400         -12,50400         115,21661           0,05874
          37,20000       16679,89500        3372,15300         -12,52900         101,87926           0,02051
          37,25000       16679,89500        3372,15400         -12,55400         419,42314           0,05237
          37,30000       16679,89500        3372,15300         -12,55400         659,87840          -0,00498
          37,35000       16679,89500        3372,15300         -12,55500         128,61778          -0,00498
          37,40000       16679,89500        3372,15300         -12,60200         329,31624           0,04600
          37,45000       16679,89600        3372,15300         -12,60300         762,68451           0,04600
          37,50000       16679,89500        3372,15300         -12,60200         138,50912          -0,01136
          37,55000       16679,89500        3372,15300         -12,65300         836,83764           0,04600
          37,60000       16679,89500        3372,15300         -12,65400         849,66447           0,01413
          37,65000       16679,89400        3372,15300         -12,69500         797,97425           0,02688
          37,70000       16679,89500        3372,15400         -12,70300         680,93738           0,03325
          37,75000       16679,89500        3372,15300         -12,70300         249,10067           0,00776
          37,80000       16679,89600        3372,15300         -12,70400         768,87457          -0,01773
          37,85000       16679,89400        3372,15300         -12,70300         614,18679           0,03963
          37,90000       16679,89300        3372,15200          -0,20700         -36,02515          -0,03685
          37,95000       16679,89200        3372,15100          -0,20800         -36,21659          -0,00498
          38,00000       16679,89300        3372,15100          -0,20800         -35,64226           0,02051
          38,05000       16679,89200        3372,15100          -0,20800         -35,64226           0,00139
          38,10000       16679,89200        3372,15200          -0,20800         -35,51463           0,03963
          38,15000       16679,89300        3372,15200          -0,20800         -35,38700           0,00776
          38,20000       16679,89300        3372,15200          -0,20900         -35,51463           0,03325
          38,25000       16679,89300        3372,15200          -0,20900         -35,83370           0,01413
          38,30000       16679,89200        3372,15100          -0,20900         -35,96133           0,03325
          38,35000       16679,89300        3372,15100          -0,20800         -35,25937           0,01413
          38,40000       16679,89300        3372,15200          -0,20900         -36,08896           0,04600
          38,45000       16679,89200        3372,15100          -0,20800         -35,45081           0,04600
          38,50000       16679,89200        3372,15100          -0,20800         -35,45081           0,04600
          38,55000       16679,89300        3372,15200          -0,20800         -35,38700           0,03963
          38,60000       16679,89200        3372,15100          -0,20900         -35,76989           0,03963
          38,65000       16679,89300        3372,15200          -0,20900         -35,45081           0,02688
          38,70000       16679,89200        3372,15200          -0,20800         -35,57844          -0,00498
          38,75000       16679,89200        3372,15200          -0,20900         -36,02515           0,05237
          38,80000       16679,89300        3372,15200          -0,20900         -35,45081          -0,00498
          38,85000       16679,89200        3372,15100          -0,20800         -35,76989           0,00139
          38,90000       16679,89300        3372,15200          -0,20900         -35,25937          -0,00498
          38,95000       16679,89300        3372,15200          -0,20800         -35,57844          -0,01136
          39,00000       16679,89300        3372,15200          -0,20800         -35,06792           0,02688
          39,05000       16679,89200        3372,15200          -0,20900         -34,68503           0,05874
          39,10000       16679,89300        3372,15100          -0,20800         -35,45081           0,03963
          39,15000       16679,89300        3372,15200          -0,20800         -35,57844          -0,00498
          39,20000       16679,89200        3372,15100          -0,20800         -35,38700           0,00139
          39,25000       16679,89300        3372,15100          -0,20800         -35,76989          -0,01773
          39,30000       16679,89200        3372,15200          -0,20900         -35,13174           0,05237
          39,35000       16679,89300        3372,15200          -0,20900         -35,83370           0,02688
          39,40000       16679,89200        3372,15200          -0,20800         -34,81266           0,04600
          39,45000       16679,89300        3372,15200          -0,20800         -35,06792          -0,00498
          39,50000       16679,89200        3372,15100          -0,20800         -34,87648           0,03325
          39,55000       16679,89200        3372,15100          -0,20800         -35,70607           0,00776
          39,60000       16679,89300        3372,15200          -0,20900         -35,51463           0,01413
          39,65000       16679,89200        3372,15200          -0,20900         -35,45081           0,02051
          39,70000       16679,89300        3372,15100          -0,20900         -35,76989           0,03963
          39,75000       16679,89300        3372,15200          -0,20900         -35,38700           0,03963
          39,80000       16679,89300        3372,15200          -0,20900         -35,70607           0,04600
          39,85000       16679,89200        3372,15200          -0,20800         -35,00411           0,03963
          39,90000       16679,89200        3372,15200          -0,20900         -35,06792           0,00776
          39,95000       16679,89200        3372,15200          -0,20800         -35,06792           0,03963
          40,00000       16679,89200        3372,15200          -0,20900         -35,70607          -0,01773
          40,05000       16679,89300        3372,15100          -0,20900         -35,00411          -0,01136
          40,10000       16679,89300        3372,15100          -0,20900         -35,96133           0,03963
          40,15000       16679,89300        3372,15100          -0,20900         -35,51463           0,01413
          40,20000       16679,89200        3372,15200          -0,20800         -35,51463           0,02051
          40,25000       16679,89300        3372,15100          -0,20900         -36,02515           0,04600
          40,30000       16679,89300        3372,15200          -0,20900         -35,76989           0,00776
          40,35000       16679,89300        3372,15200          -0,20800         -35,25937           0,02051
          40,40000       16679,89300        3372,15200          -0,20900         -35,51463           0,04600
          40,45000       16679,89300        3372,15100          -0,20900         -35,89752           0,05874
          40,50000       16679,89200        3372,15200          -0,20800         -35,45081          -0,00498
          40,55000       16679,89300        3372,15100          -0,20800         -35,64226           0,04600
          40,60000       16679,89200        3372,15100          -0,20800         -35,00411           0,05237
          40,65000       16679,89300        3372,15200          -0,20800         -35,32318          -0,00498
          40,70000       16679,89300        3372,15100          -0,20800         -35,96133          -0,00498
          40,75000       16679,89200        3372,15100          -0,20900         -35,64226          -0,02410
          40,80000       16679,89200        3372,15200          -0,20900         -35,83370           0,04600
          40,85000       16679,89300        3372,15200          -0,20800         -35,25937           0,00776
          40,90000       16679,89200        3372,15200          -0,20800         -35,76989           0,03325
          40,95000       16679,89200        3372,15100          -0,20900         -35,19555           0,02688
          41,00000       16679,89300        3372,15200          -0,20800         -35,76989           0,00139
          41,05000       16679,89200        3372,15100          -0,20900         -35,19555          -0,03685
          41,10000       16679,89200        3372,15100          -0,20900         -35,25937          -0,01136
          41,15000       16679,89200        3372,15200          -0,20800         -36,15278           0,00776
          41,20000       16679,89300        3372,15100          -0,20800         -35,64226           0,01413
          41,25000       16679,89300        3372,15200          -0,20800         -35,32318           0,00776
          41,30000       16679,89300        3372,15200          -0,20900         -35,06792           0,05874
          41,35000       16679,89300        3372,15200          -0,20800         -35,19555           0,02051
          41,40000       16679,89300        3372,15200          -0,20900         -35,89752           0,03963
          41,45000       16679,89300        3372,15200          -0,20900         -35,76989           0,03325
          41,50000       16679,89200        3372,15200          -0,20900         -35,51463          -0,01136
          41,55000       16679,89200        3372,15200          -0,20900         -35,57844           0,02051
          41,60000       16679,89300        3372,15200          -0,20800         -35,06792           0,03325
          41,65000       16679,89300        3372,15200          -0,20900         -35,13174           0,02051
          41,70000       16679,89300        3372,15200          -0,20800         -35,45081           0,03325
          41,75000       16679,89300        3372,15200          -0,20900         -35,70607           0,02688
          41,80000       16679,89300        3372,15100          -0,20800         -35,70607           0,02688
          41,85000       16679,89300        3372,15200          -0,20800         -35,25937          -0,01136
          41,90000       16679,89300        3372,15200          -0,20900         -35,89752           0,00139
          41,95000       16679,89200        3372,15100          -0,20900         -36,15278           0,03963
          42,00000       16679,89300        3372,15200          -0,20900         -35,51463           0,02688
          42,05000       16679,89300        3372,15200          -0,20800         -35,25937           0,03963
          42,10000       16679,89200        3372,15100          -0,20900         -35,57844           0,01413
          42,15000       16679,89200        3372,15100          -0,20800         -35,83370           0,03325
          42,20000       16679,89200        3372,15200          -0,20900         -35,70607           0,02051
          42,25000       16679,89300        3372,15200          -0,20800         -35,57844           0,01413
          42,30000       16679,89300        3372,15200          -0,20900         -34,87648           0,01413
          42,35000       16679,89200        3372,15100          -0,20800         -36,21659           0,01413
          42,40000       16679,89200        3372,15100          -0,20800         -35,83370           0,03325
          42,45000       16679,89300        3372,15200          -0,20900         -35,45081           0,02688
          42,50000       16679,89300        3372,15100          -0,20900         -35,83370           0,05237
          42,55000       16679,89200        3372,15200          -0,20800         -35,96133           0,03325
          42,60000       16679,89300        3372,15200          -0,20900         -35,96133           0,01413
          42,65000       16679,89200        3372,15100          -0,20900         -35,45081           0,01413
          42,70000       16679,89300        3372,15200          -0,20800         -34,68503           0,00139
          42,75000       16679,89300        3372,15100          -0,20800         -35,83370          -0,03047
          42,80000       16679,89300        3372,15200          -0,20800         -35,51463           0,03325
          42,85000       16679,89200        3372,15200          -0,20800         -35,64226          -0,00498
          42,90000       16679,89300        3372,15200          -0,20900         -35,25937           0,00139
          42,95000       16679,89300        3372,15100          -0,20800         -35,25937           0,00776
          43,00000       16679,89200        3372,15200          -0,20900         -35,76989           0,03325
          43,05000       16679,89300        3372,15200          -0,20900         -36,02515           0,02051
          43,10000       16679,89300        3372,15100          -0,20900         -35,00411           0,05237
          43,15000       16679,89300        3372,15200          -0,20900         -35,57844           0,03963
          43,20000       16679,89200        3372,15100          -0,20800         -35,19555           0,04600
          43,25000       16679,89200        3372,15100          -0,20900         -36,21659           0,05874
          43,30000       16679,89300        3372,15200          -0,20800         -35,38700           0,01413
          43,35000       16679,89200        3372,15200          -0,20800         -36,08896          -0,00498
          43,40000       16679,89200        3372,15200          -0,20900         -35,89752          -0,00498
          43,45000       16679,89300        3372,15200          -0,20900         -35,70607           0,01413
          43,50000       16679,89300        3372,15100          -0,20900         -35,64226           0,01413
          43,55000       16679,89200        3372,15200          -0,20900         -35,51463           0,00776
          43,60000       16679,89200        3372,15200          -0,20900         -35,76989           0,07149
