
// =========================================================================================================
// 2026-04-17, 12:10:29
//        Time [s]        Pos X [um]        Pos Y [um]        Pos Z [um]      Force A [uN]      Force B [uN]
// =========================================================================================================
           0,00000       16996,36600        3177,05300          -0,12400         -39,08827           0,03963
           0,05000       16996,36500        3177,05300          -0,12400         -38,45012           0,05874
           0,10000       16996,36500        3177,05300          -0,12400         -38,83301           0,00776
           0,15000       16996,36500        3177,05200          -0,12400         -39,34353           0,01413
           0,20000       16996,36500        3177,05300          -0,12400         -39,02446           0,00139
           0,25000       16996,36500        3177,05300          -0,12500         -38,70538           0,04600
           0,30000       16996,36600        3177,05300          -0,12400         -38,51394           0,03963
           0,35000       16996,36500        3177,05200          -0,12400         -38,13105           0,02688
           0,40000       16996,36500        3177,05200          -0,12400         -38,89683           0,00139
           0,45000       16996,36500        3177,05200          -0,12400         -38,96064           0,05237
           0,50000       16996,36600        3177,05200          -0,12400         -38,76920           0,00139
           0,55000       16996,36600        3177,05200          -0,12400         -38,89683           0,00139
           0,60000       16996,36600        3177,05200          -0,12400         -38,45012           0,04600
           0,65000       16996,36600        3177,05300          -0,12400         -38,89683           0,02051
           0,70000       16996,36500        3177,05200          -0,12400         -38,51394           0,03325
           0,75000       16996,36600        3177,05200          -0,12400         -38,51394           0,02688
           0,80000       16996,36600        3177,05200          -0,12400         -38,32249           0,02051
           0,85000       16996,36500        3177,05200          -0,12400         -38,45012           0,02688
           0,90000       16996,36500        3177,05200          -0,12400         -38,13105           0,01413
           0,95000       16996,36500        3177,05200          -0,12400         -38,38631           0,03963
           1,00000       16996,36500        3177,05300          -0,12400         -38,83301           0,03963
           1,05000       16996,36500        3177,05100          -0,12500         -38,57775           0,01413
           1,10000       16996,36600        3177,05200          -0,12500         -38,70538           0,02688
           1,15000       16996,36600        3177,05200          -0,12400         -39,21590           0,04600
           1,20000       16996,36500        3177,05300          -0,12400         -38,89683           0,01413
           1,25000       16996,36600        3177,05200          -0,12400         -38,70538           0,02688
           1,30000       16996,36600        3177,05200          -0,12400         -38,83301           0,05874
           1,35000       16996,36500        3177,05200          -0,12400         -37,81197           0,03963
           1,40000       16996,36500        3177,05200          -0,12400         -38,45012           0,02051
           1,45000       16996,36600        3177,05200          -0,12400         -38,83301           0,01413
           1,50000       16996,36500        3177,05100          -0,12500         -38,57775           0,01413
           1,55000       16996,36500        3177,05100          -0,12500         -38,51394           0,03963
           1,60000       16996,36500        3177,05100          -0,12400         -38,25868           0,04600
           1,65000       16996,36500        3177,05100          -0,12400         -38,64157          -0,01136
           1,70000       16996,36500        3177,05200          -0,12400         -38,64157          -0,01773
           1,75000       16996,36500        3177,05200          -0,12400         -39,08827           0,00776
           1,80000       16996,36500        3177,05200          -0,12500         -38,76920           0,03963
           1,85000       16996,36600        3177,05200          -0,12500         -38,76920           0,01413
           1,90000       16996,36600        3177,05200          -0,12500         -38,83301           0,00776
           1,95000       16996,36600        3177,05200          -0,12400         -38,76920          -0,01136
           2,00000       16996,36500        3177,05200          -0,12400         -38,45012           0,01413
           2,05000       16996,36500        3177,05100          -0,12400         -38,13105           0,00776
           2,10000       16996,36600        3177,05200          -0,12400         -39,02446           0,00776
           2,15000       16996,36600        3177,05200          -0,12400         -38,96064           0,00776
           2,20000       16996,36600        3177,05200          -0,12400         -38,96064           0,03325
           2,25000       16996,36500        3177,05200          -0,12400         -38,38631           0,00139
           2,30000       16996,36500        3177,05200          -0,12400         -38,38631          -0,01136
           2,35000       16996,36500        3177,05300          -0,56300         -39,08827           0,00776
           2,40000       16996,36600        3177,05200          -0,58800         -38,96064           0,00776
           2,45000       16996,36600        3177,05200          -0,59300         -38,70538           0,00776
           2,50000       16996,36600        3177,05100          -0,61900         -38,64157          -0,00498
           2,55000       16996,36500        3177,05200          -0,62200         -39,08827          -0,02410
           2,60000       16996,36500        3177,05100          -0,62500         -38,45012          -0,00498
           2,65000       16996,36500        3177,05100          -0,63100         -38,19486           0,05237
           2,70000       16996,36500        3177,05200          -0,63200         -38,70538           0,00776
           2,75000       16996,36600        3177,05100          -0,63600         -38,64157           0,02688
           2,80000       16996,36600        3177,05200          -0,63700         -38,38631           0,02051
           2,85000       16996,36500        3177,05200          -0,63800         -38,19486           0,03325
           2,90000       16996,36600        3177,05200          -0,64100         -39,21590           0,04600
           2,95000       16996,36600        3177,05100          -0,64300         -38,96064           0,00776
           3,00000       16996,36500        3177,05200          -0,64300         -38,76920           0,02051
           3,05000       16996,36500        3177,05100          -0,64600         -37,62053           0,02688
           3,10000       16996,36500        3177,05100          -0,64700         -38,25868           0,00139
           3,15000       16996,36400        3177,05100          -0,64900         -38,51394           0,01413
           3,20000       16996,36600        3177,05100          -0,65000         -39,02446          -0,02410
           3,25000       16996,36500        3177,05100          -0,65000         -38,51394           0,03325
           3,30000       16996,36600        3177,05100          -0,65400         -38,89683          -0,00498
           3,35000       16996,36600        3177,05200          -0,65300         -38,76920           0,02688
           3,40000       16996,36500        3177,05100          -0,64600         -38,83301          -0,00498
           3,45000       16996,36500        3177,05100          -0,65800         -39,27972           0,03963
           3,50000       16996,36500        3177,05100          -0,65800         -39,02446           0,00139
           3,55000       16996,36500        3177,05000          -0,65800         -38,83301           0,07149
           3,60000       16996,36400        3177,05100          -0,66200         -38,70538          -0,00498
           3,65000       16996,36500        3177,05100          -0,66300         -38,64157           0,02688
           3,70000       16996,36400        3177,05100          -0,67500         -38,96064           0,02051
           3,75000       16996,36500        3177,05000          -0,67600         -38,70538           0,02051
           3,80000       16996,36500        3177,05100          -0,67700         -38,45012           0,02051
           3,85000       16996,36500        3177,05000          -0,70600         -39,08827           0,00776
           3,90000       16996,36500        3177,05100          -0,70600         -39,59879          -0,01136
           3,95000       16996,36400        3177,05100          -0,70700         -38,83301           0,05237
           4,00000       16996,36500        3177,05100          -0,74600         -38,38631           0,00139
           4,05000       16996,36500        3177,05100          -0,74700         -38,57775           0,03325
           4,10000       16996,36500        3177,05100          -0,78900         -38,76920           0,03963
           4,15000       16996,36500        3177,05100          -0,79000         -38,38631           0,05237
           4,20000       16996,36400        3177,05000          -0,79000         -38,45012           0,01413
           4,25000       16996,36400        3177,05100          -0,83600         -38,38631           0,01413
           4,30000       16996,36500        3177,05000          -0,83600         -38,51394          -0,00498
           4,35000       16996,36500        3177,05100          -0,85000         -38,57775           0,02051
           4,40000       16996,36400        3177,05100          -0,88300         -38,38631           0,03325
           4,45000       16996,36500        3177,05000          -0,88400         -38,64157           0,01413
           4,50000       16996,36500        3177,05000          -0,93200         -37,74816          -0,02410
           4,55000       16996,36400        3177,05000          -0,93200         -38,57775           0,02051
           4,60000       16996,36400        3177,05000          -0,93300         -38,76920           0,02051
           4,65000       16996,36400        3177,05000          -0,98200         -38,57775           0,02051
           4,70000       16996,36500        3177,05000          -0,98300         -38,64157           0,00776
           4,75000       16996,36400        3177,05100          -1,03500         -38,32249           0,02051
           4,80000       16996,36400        3177,05000          -1,03400         -38,76920           0,02051
           4,85000       16996,36500        3177,05100          -1,03400         -38,70538           0,02051
           4,90000       16996,36600        3177,05100          -1,03400         -38,70538           0,05874
           4,95000       16996,36500        3177,05000          -1,08500         -38,64157           0,02051
           5,00000       16996,36500        3177,05100          -1,08500         -38,57775          -0,01773
           5,05000       16996,36400        3177,05100          -1,13500         -38,89683           0,01413
           5,10000       16996,36400        3177,05100          -1,13600         -39,08827          -0,00498
           5,15000       16996,36400        3177,05100          -1,13600         -38,45012           0,00776
           5,20000       16996,36400        3177,05000          -1,18600         -38,19486           0,00139
           5,25000       16996,36500        3177,05000          -1,18700         -38,83301          -0,01136
           5,30000       16996,36500        3177,05100          -1,22800         -38,89683           0,02051
           5,35000       16996,36500        3177,05000          -1,23800         -38,64157           0,00776
           5,40000       16996,36500        3177,05000          -1,23800         -38,64157           0,03325
           5,45000       16996,36400        3177,05000          -1,28800         -38,51394           0,00776
           5,50000       16996,36400        3177,05000          -1,28900         -38,64157           0,02688
           5,55000       16996,36500        3177,05000          -1,28900         -38,76920           0,03325
           5,60000       16996,36500        3177,05000          -1,34100         -39,15209           0,04600
           5,65000       16996,36500        3177,05000          -1,34200         -39,15209           0,03325
           5,70000       16996,36500        3177,05000          -1,39100         -38,00342           0,03325
           5,75000       16996,36400        3177,05000          -1,39200         -38,76920           0,03325
           5,80000       16996,36400        3177,05000          -1,39200         -38,57775           0,02688
           5,85000       16996,36400        3177,05000          -1,44400         -39,21590          -0,00498
           5,90000       16996,36400        3177,05000          -1,44400         -39,08827           0,02688
           5,95000       16996,36500        3177,05100          -1,47100         -38,45012           0,02051
           6,00000       16996,36400        3177,05000          -1,49600         -38,89683           0,03963
           6,05000       16996,36400        3177,05000          -1,49600         -38,89683           0,00776
           6,10000       16996,36400        3177,05000          -1,49800         -38,57775           0,04600
           6,15000       16996,36400        3177,05100          -1,54500         -38,38631           0,02688
           6,20000       16996,36400        3177,05000          -1,54600         -38,38631           0,03963
           6,25000       16996,36400        3177,05000          -1,59500         -38,83301           0,01413
           6,30000       16996,36400        3177,05000          -1,59500         -38,70538           0,07786
           6,35000       16996,36400        3177,05000          -1,59600         -38,38631           0,00139
           6,40000       16996,36400        3177,05000          -1,64700         -38,38631           0,04600
           6,45000       16996,36400        3177,05000          -1,64900         -39,08827           0,06512
           6,50000       16996,36400        3177,05000          -1,70000         -39,15209          -0,00498
           6,55000       16996,36500        3177,05000          -1,70000         -38,45012           0,01413
           6,60000       16996,36400        3177,05000          -1,69900         -38,32249           0,05237
           6,65000       16996,36500        3177,05200          -1,71000         -38,13105           0,02051
           6,70000       16996,36400        3177,05000          -1,74800         -38,38631           0,02688
           6,75000       16996,36400        3177,05000          -1,74900         -38,19486           0,05237
           6,80000       16996,36400        3177,05000          -1,79900         -38,06723           0,00776
           6,85000       16996,36500        3177,05000          -1,80000         -38,32249           0,02688
           6,90000       16996,36400        3177,05000          -1,82700         -38,06723           0,01413
           6,95000       16996,36500        3177,05000          -1,84900         -38,32249           0,04600
           7,00000       16996,36400        3177,05000          -1,85000         -39,21590           0,01413
           7,05000       16996,36400        3177,05000          -1,90100         -38,13105          -0,00498
           7,10000       16996,36400        3177,04900          -1,90200         -38,25868           0,03963
           7,15000       16996,36400        3177,05000          -1,90200         -38,13105           0,03325
           7,20000       16996,36400        3177,05100          -1,95100         -38,76920          -0,01773
           7,25000       16996,36400        3177,05000          -1,95100         -38,64157           0,03963
           7,30000       16996,36400        3177,05000          -1,95200         -38,45012           0,02688
           7,35000       16996,36300        3177,05000          -2,00100         -38,38631           0,05874
           7,40000       16996,36400        3177,05000          -2,00100         -38,70538           0,02688
           7,45000       16996,36200        3177,05000          -2,00100         -38,13105           0,01413
           7,50000       16996,36400        3177,05000          -2,05100         -38,38631           0,03325
           7,55000       16996,36400        3177,04900          -2,05100         -38,57775           0,01413
           7,60000       16996,36400        3177,04900          -2,10000         -38,32249           0,04600
           7,65000       16996,36300        3177,05000          -2,10100         -38,70538          -0,00498
           7,70000       16996,36400        3177,05000          -2,10100         -38,89683           0,00139
           7,75000       16996,36500        3177,05000          -2,11000         -38,45012           0,02688
           7,80000       16996,36500        3177,04900          -2,15100         -38,96064           0,00776
           7,85000       16996,36500        3177,05000          -2,16200         -38,51394           0,04600
           7,90000       16996,36400        3177,04900          -2,20100         -38,38631           0,02688
           7,95000       16996,36400        3177,05000          -2,20100         -38,25868           0,03963
           8,00000       16996,36400        3177,05000          -2,20200         -38,70538           0,02688
           8,05000       16996,36400        3177,05000          -2,25000         -38,83301           0,03963
           8,10000       16996,36400        3177,04900          -2,25200         -38,45012           0,02051
           8,15000       16996,36400        3177,05000          -2,25100         -38,32249           0,03963
           8,20000       16996,36400        3177,05000          -2,30100         -38,70538           0,05237
           8,25000       16996,36400        3177,05000          -2,30200         -38,83301           0,05237
           8,30000       16996,36500        3177,05100          -2,34800         -38,25868           0,05874
           8,35000       16996,36400        3177,05000          -2,35200         -38,06723           0,02688
           8,40000       16996,36400        3177,04900          -2,35200         -38,13105           0,04600
           8,45000       16996,36500        3177,04900          -2,40100         -37,93960           0,00776
           8,50000       16996,36400        3177,04900          -2,40100         -38,96064           0,04600
           8,55000       16996,36400        3177,05000          -2,40200         -38,19486           0,06512
           8,60000       16996,36400        3177,05000          -2,45300         -38,00342           0,03325
           8,65000       16996,36400        3177,05000          -2,45300         -38,25868           0,01413
           8,70000       16996,36500        3177,05000          -2,48300         -38,19486           0,02051
           8,75000       16996,36400        3177,05000          -2,50300         -38,00342           0,05237
           8,80000       16996,36300        3177,05000          -2,50300         -38,45012           0,02051
           8,85000       16996,36500        3177,04900          -2,55100         -38,57775           0,03963
           8,90000       16996,36400        3177,05000          -2,55400         -38,06723           0,02688
           8,95000       16996,36400        3177,04900          -2,55400         -38,64157           0,00776
           9,00000       16996,36400        3177,04900          -2,60300         -38,25868           0,03325
           9,05000       16996,36400        3177,04900          -2,60300         -38,13105           0,05237
           9,10000       16996,36500        3177,04900          -2,65100         -38,51394          -0,03047
           9,15000       16996,36400        3177,04900          -2,65300         -38,83301           0,03963
           9,20000       16996,36400        3177,04900          -2,65400         -38,51394           0,04600
           9,25000       16996,36400        3177,05000          -2,65400         -38,06723          -0,00498
           9,30000       16996,36400        3177,05000          -2,70300         -38,38631           0,02051
           9,35000       16996,36500        3177,04900          -2,70200         -38,45012          -0,01773
           9,40000       16996,36400        3177,04900          -2,75500         -39,08827           0,00776
           9,45000       16996,36400        3177,04900          -2,75500         -38,76920           0,01413
           9,50000       16996,36400        3177,04900          -2,75600         -38,38631           0,05874
           9,55000       16996,36400        3177,04900          -2,80400         -38,25868           0,00139
           9,60000       16996,36400        3177,05000          -2,80400         -38,38631          -0,01136
           9,65000       16996,36400        3177,04900          -2,85300         -38,25868          -0,02410
           9,70000       16996,36400        3177,04900          -2,85400         -38,51394           0,02051
           9,75000       16996,36400        3177,04900          -2,85400         -38,57775           0,00776
           9,80000       16996,36400        3177,04900          -2,85400         -38,38631           0,00776
           9,85000       16996,36400        3177,04900          -2,90400         -38,32249          -0,00498
           9,90000       16996,36400        3177,04900          -2,90400         -38,51394           0,05237
           9,95000       16996,36500        3177,04900          -2,95400         -38,70538           0,02051
          10,00000       16996,36400        3177,04900          -2,95500         -38,70538           0,00139
          10,05000       16996,36400        3177,05000          -2,95500         -38,64157           0,03963
          10,10000       16996,36400        3177,04900          -3,00400         -38,45012           0,00776
          10,15000       16996,36400        3177,05000          -3,00500         -38,38631           0,01413
          10,20000       16996,36500        3177,04900          -3,05500         -38,45012           0,05874
          10,25000       16996,36400        3177,05000          -3,05500         -38,51394           0,00776
          10,30000       16996,36400        3177,05000          -3,05600         -37,74816           0,02051
          10,35000       16996,36400        3177,05000          -3,05600         -37,81197           0,01413
          10,40000       16996,36500        3177,05000          -3,10600         -38,45012           0,00776
          10,45000       16996,36400        3177,05000          -3,10600         -37,74816           0,03325
          10,50000       16996,36300        3177,04900          -3,15100         -38,00342          -0,01136
          10,55000       16996,36400        3177,04900          -3,15600         -38,25868           0,02688
          10,60000       16996,36400        3177,05000          -3,15600         -39,02446           0,01413
          10,65000       16996,36400        3177,04900          -3,20300         -38,32249           0,02051
          10,70000       16996,36400        3177,04900          -3,20400         -38,19486           0,00139
          10,75000       16996,36300        3177,04900          -3,20500         -38,45012           0,00139
          10,80000       16996,36300        3177,04900          -3,25400         -38,25868           0,03325
          10,85000       16996,36300        3177,04900          -3,25400         -38,70538           0,02051
          10,90000       16996,36400        3177,04900          -3,25500         -38,83301           0,03963
          10,95000       16996,36400        3177,04900          -3,30400         -38,13105           0,03325
          11,00000       16996,36400        3177,04900          -3,30400         -39,08827           0,01413
          11,05000       16996,36400        3177,05000          -3,35500         -38,32249           0,04600
          11,10000       16996,36400        3177,04900          -3,35400         -37,81197           0,03325
          11,15000       16996,36300        3177,04900          -3,39900         -38,76920           0,04600
          11,20000       16996,36400        3177,04900          -3,40700         -38,06723           0,00776
          11,25000       16996,36300        3177,04900          -3,40600         -38,38631           0,01413
          11,30000       16996,36300        3177,04900          -3,45500         -37,87579           0,03325
          11,35000       16996,36300        3177,05000          -3,45600         -38,19486           0,01413
          11,40000       16996,36400        3177,05000          -3,45600         -39,02446           0,02051
          11,45000       16996,36400        3177,04900          -3,50700         -38,64157          -0,00498
          11,50000       16996,36300        3177,04900          -3,50700         -38,00342           0,02688
          11,55000       16996,36400        3177,04800          -3,55600         -38,51394          -0,00498
          11,60000       16996,36300        3177,04900          -3,55600         -38,64157          -0,01773
          11,65000       16996,36300        3177,04900          -3,55600         -38,32249           0,01413
          11,70000       16996,36300        3177,04900          -3,60400         -38,32249           0,02051
          11,75000       16996,36400        3177,04900          -3,60500         -38,70538           0,00776
          11,80000       16996,36300        3177,04900          -3,60500         -38,76920           0,03325
          11,85000       16996,36500        3177,05000          -3,60500         -38,45012          -0,01136
          11,90000       16996,36300        3177,04900          -3,65500         -37,68434          -0,03685
          11,95000       16996,36300        3177,04900          -3,65600         -37,93960           0,03325
          12,00000       16996,36400        3177,05000          -3,70600         -37,68434          -0,00498
          12,05000       16996,36400        3177,04900          -3,70600         -38,38631           0,02051
          12,10000       16996,36400        3177,04900          -3,70600         -37,93960           0,03963
          12,15000       16996,36400        3177,04900          -3,75500         -38,25868           0,03325
          12,20000       16996,36400        3177,04900          -3,75500         -38,38631           0,02688
          12,25000       16996,36400        3177,05000          -3,78700         -37,42908           0,01413
          12,30000       16996,36300        3177,04900          -3,80400         -38,70538           0,03325
          12,35000       16996,36300        3177,05000          -3,80400         -38,45012           0,02688
          12,40000       16996,36300        3177,05000          -3,80400         -38,57775           0,04600
          12,45000       16996,36300        3177,05000          -3,85600         -38,25868           0,00776
          12,50000       16996,36300        3177,04900          -3,85700         -38,19486           0,00139
          12,55000       16996,36300        3177,04900          -3,90600         -38,19486           0,00139
          12,60000       16996,36200        3177,04900          -3,90600         -38,13105           0,02051
          12,65000       16996,36300        3177,04900          -3,90600         -38,13105           0,02051
          12,70000       16996,36400        3177,04900          -3,95600         -38,38631           0,02688
          12,75000       16996,36400        3177,04900          -3,95600         -38,57775           0,01413
          12,80000       16996,36400        3177,04900          -3,95600         -38,51394           0,02688
          12,85000       16996,36400        3177,04900          -4,00600         -38,45012           0,00776
          12,90000       16996,36400        3177,04900          -4,00600         -38,06723           0,02051
          12,95000       16996,36300        3177,05000          -4,05500         -38,00342           0,03325
          13,00000       16996,36400        3177,04900          -4,05500         -38,70538           0,00776
          13,05000       16996,36300        3177,04900          -4,05600         -37,81197           0,02688
          13,10000       16996,36500        3177,04800          -4,10400         -38,19486           0,02688
          13,15000       16996,36400        3177,04900          -4,10500         -38,25868           0,01413
          13,20000       16996,36400        3177,04900          -4,10600         -38,00342           0,02051
          13,25000       16996,36400        3177,04900          -4,15300         -38,45012           0,03325
          13,30000       16996,36400        3177,04900          -4,15500         -38,32249           0,02051
          13,35000       16996,36400        3177,04900          -4,16700         -38,57775           0,02051
          13,40000       16996,36300        3177,04800          -4,20600         -38,57775          -0,01136
          13,45000       16996,36400        3177,04900          -4,20600         -38,64157           0,05874
          13,50000       16996,36300        3177,04900          -4,20600         -37,93960           0,04600
          13,55000       16996,36300        3177,04900          -4,25500         -38,57775           0,00139
          13,60000       16996,36400        3177,04900          -4,25500         -38,45012           0,03963
          13,65000       16996,36400        3177,04900          -4,30400         -37,93960           0,01413
          13,70000       16996,36400        3177,04900          -4,30400         -38,96064           0,04600
          13,75000       16996,36400        3177,04900          -4,30400         -38,00342           0,02688
          13,80000       16996,36400        3177,04900          -4,35500         -38,00342           0,05237
          13,85000       16996,36400        3177,04900          -4,35500         -37,93960           0,03963
          13,90000       16996,36400        3177,04900          -4,38700         -38,76920           0,04600
          13,95000       16996,36400        3177,04900          -4,40600         -38,51394           0,05237
          14,00000       16996,36400        3177,05000          -4,40600         -38,57775           0,03325
          14,05000       16996,36400        3177,04900          -4,45500         -38,64157           0,03963
          14,10000       16996,36400        3177,04900          -4,45800         -38,64157           0,03963
          14,15000       16996,36400        3177,04900          -4,45700         -36,91856           0,00139
          14,20000       16996,36400        3177,04900          -4,50600         -38,51394           0,01413
          14,25000       16996,36400        3177,04900          -4,50700         -38,13105           0,03963
          14,30000       16996,36400        3177,04900          -4,50700         -38,76920           0,01413
          14,35000       16996,36400        3177,04900          -4,55500         -38,06723           0,00139
          14,40000       16996,36400        3177,04900          -4,55500         -38,32249           0,00776
          14,45000       16996,36400        3177,04900          -4,55600         -38,13105           0,05237
          14,50000       16996,36400        3177,04900          -4,60500         -38,64157           0,02051
          14,55000       16996,36400        3177,04900          -4,60600         -38,51394           0,02688
          14,60000       16996,36400        3177,04900          -4,60600         -38,70538           0,02051
          14,65000       16996,36400        3177,04900          -4,65500         -38,76920           0,02051
          14,70000       16996,36300        3177,04900          -4,65500         -38,25868           0,01413
          14,75000       16996,36300        3177,05000          -4,70300         -37,87579           0,01413
          14,80000       16996,36400        3177,04900          -4,70300         -38,00342           0,02688
          14,85000       16996,36400        3177,05000          -4,70400         -38,06723           0,04600
          14,90000       16996,36400        3177,05000          -4,75200         -38,32249           0,00139
          14,95000       16996,36400        3177,04900          -4,75600         -38,51394           0,02688
          15,00000       16996,36300        3177,05000          -4,80500         -38,25868           0,00776
          15,05000       16996,36300        3177,04900          -4,80500         -38,32249           0,01413
          15,10000       16996,36300        3177,04900          -4,80500         -38,19486           0,03325
          15,15000       16996,36300        3177,04900          -4,80500         -38,64157           0,00776
          15,20000       16996,36300        3177,04900          -4,85600         -38,00342           0,03325
          15,25000       16996,36400        3177,04900          -4,85700         -38,32249          -0,00498
          15,30000       16996,36400        3177,04900          -4,90400         -37,81197           0,01413
          15,35000       16996,36400        3177,04900          -4,90500         -38,57775           0,00776
          15,40000       16996,36400        3177,04900          -4,90500         -38,25868           0,02051
          15,45000       16996,36500        3177,05000          -4,95400         -38,25868           0,00776
          15,50000       16996,36400        3177,04900          -4,95600         -38,13105          -0,00498
          15,55000       16996,36400        3177,04900          -4,95700         -38,57775           0,03325
          15,60000       16996,36400        3177,04900          -5,00500         -38,45012           0,00776
          15,65000       16996,36400        3177,04900          -5,00600         -37,87579           0,02688
          15,70000       16996,36400        3177,05000          -5,00600         -38,57775           0,06512
          15,75000       16996,36400        3177,04900          -5,05500         -38,64157          -0,00498
          15,80000       16996,36400        3177,04900          -5,05500         -38,25868           0,01413
          15,85000       16996,36400        3177,04900          -5,05600         -38,38631          -0,00498
          15,90000       16996,36400        3177,04800          -5,10500         -37,55671           0,02688
          15,95000       16996,36400        3177,04800          -5,10500         -38,13105           0,03325
          16,00000       16996,36400        3177,04900          -5,10500         -37,87579           0,06512
          16,05000       16996,36400        3177,04900          -5,15500         -38,06723           0,02688
          16,10000       16996,36400        3177,04900          -5,15500         -37,93960           0,01413
          16,15000       16996,36400        3177,04900          -5,15200         -37,74816           0,00139
          16,20000       16996,36400        3177,05000          -5,20500         -38,06723           0,00776
          16,25000       16996,36300        3177,04900          -5,20500         -38,32249           0,02051
          16,30000       16996,36500        3177,04900          -5,25200         -38,51394           0,06512
          16,35000       16996,36400        3177,04900          -5,25500         -37,87579           0,05874
          16,40000       16996,36400        3177,05000          -5,27100         -38,57775           0,00139
          16,45000       16996,36400        3177,04900          -5,30500         -38,06723           0,02051
          16,50000       16996,36400        3177,04900          -5,30500         -37,74816           0,03325
          16,55000       16996,36400        3177,05000          -5,30500         -38,25868           0,03963
          16,60000       16996,36400        3177,04900          -5,35700         -38,45012           0,01413
          16,65000       16996,36400        3177,04900          -5,35700         -38,51394           0,04600
          16,70000       16996,36400        3177,04800          -5,40500         -38,06723           0,00776
          16,75000       16996,36400        3177,04900          -5,40500         -38,06723           0,02688
          16,80000       16996,36400        3177,04900          -5,40600         -37,30145           0,02688
          16,85000       16996,36400        3177,04900          -5,45600         -38,45012           0,00139
          16,90000       16996,36400        3177,04900          -5,45700         -37,74816           0,01413
          16,95000       16996,36400        3177,05000          -5,50600         -38,32249           0,03963
          17,00000       16996,36400        3177,04900          -5,50800         -38,32249          -0,00498
          17,05000       16996,36400        3177,04900          -5,50700         -37,87579           0,02688
          17,10000       16996,36400        3177,04900          -5,55600         -37,62053           0,03963
          17,15000       16996,36300        3177,04900          -5,55600         -38,13105           0,03325
          17,20000       16996,36400        3177,04900          -5,55600         -38,96064           0,03963
          17,25000       16996,36500        3177,04900          -5,60500         -38,13105           0,01413
          17,30000       16996,36400        3177,05000          -5,60500         -38,19486           0,02051
          17,35000       16996,36400        3177,05000          -5,60600         -38,45012           0,03325
          17,40000       16996,36400        3177,05000          -5,65500         -38,45012           0,02051
          17,45000       16996,36400        3177,04900          -5,65600         -38,13105           0,00776
          17,50000       16996,36400        3177,04900          -5,65500         -37,87579           0,01413
          17,55000       16996,36400        3177,04900          -5,70600         -38,25868           0,01413
          17,60000       16996,36400        3177,04900          -5,70600         -38,32249           0,00139
          17,65000       16996,36400        3177,05100          -5,72600         -38,19486           0,01413
          17,70000       16996,36400        3177,04900          -5,75500         -37,87579           0,01413
          17,75000       16996,36400        3177,04800          -5,75600         -37,68434           0,03963
          17,80000       16996,36400        3177,04900          -5,80600         -37,93960           0,00776
          17,85000       16996,36500        3177,04900          -5,80700         -38,25868           0,02051
          17,90000       16996,36400        3177,04900          -5,80700         -37,87579           0,03963
          17,95000       16996,36400        3177,04900          -5,85400         -38,45012           0,02688
          18,00000       16996,36400        3177,04900          -5,85600         -37,81197          -0,01773
          18,05000       16996,36500        3177,04900          -5,90600         -38,25868           0,01413
          18,10000       16996,36500        3177,04900          -5,90700         -38,32249           0,01413
          18,15000       16996,36500        3177,04900          -5,90700         -38,32249           0,04600
          18,20000       16996,36500        3177,04900          -5,95400         -37,81197           0,00139
          18,25000       16996,36500        3177,04900          -5,95600         -38,38631           0,02688
          18,30000       16996,36500        3177,04900          -5,97300         -37,68434           0,01413
          18,35000       16996,36400        3177,04900          -6,00600         -38,06723           0,00139
          18,40000       16996,36500        3177,05000          -6,00600         -37,87579           0,04600
          18,45000       16996,36500        3177,05000          -6,00600         -37,62053           0,04600
          18,50000       16996,36600        3177,05000          -6,05500         -37,87579           0,02051
          18,55000       16996,36500        3177,04900          -6,05500         -38,45012           0,03325
          18,60000       16996,36400        3177,04900          -6,05600         -38,06723           0,00776
          18,65000       16996,36400        3177,04900          -6,10600         -37,55671           0,02688
          18,70000       16996,36400        3177,04900          -6,10700         -38,38631           0,02051
          18,75000       16996,36500        3177,04900          -6,10700         -37,68434           0,03325
          18,80000       16996,36500        3177,04800          -6,12200         -38,00342           0,03963
          18,85000       16996,36500        3177,04900          -6,15600         -38,38631           0,03963
          18,90000       16996,36500        3177,04900          -6,15700         -37,55671           0,00776
          18,95000       16996,36500        3177,05000          -6,20700         -37,87579           0,01413
          19,00000       16996,36600        3177,04900          -6,20700         -38,00342           0,02688
          19,05000       16996,36500        3177,05000          -6,21700         -38,38631           0,02051
          19,10000       16996,36500        3177,05000          -6,25700         -38,45012           0,05874
          19,15000       16996,36600        3177,04900          -6,26500         -38,13105           0,06512
          19,20000       16996,36600        3177,04800          -6,30800         -38,25868           0,02688
          19,25000       16996,36600        3177,04900          -6,30800         -38,06723           0,03325
          19,30000       16996,36600        3177,05000          -6,35500         -37,62053          -0,01136
          19,35000       16996,36500        3177,04900          -6,35700         -38,51394          -0,01773
          19,40000       16996,36500        3177,05000          -6,35700         -37,23764           0,02688
          19,45000       16996,36500        3177,04900          -6,40600         -38,19486           0,01413
          19,50000       16996,36500        3177,04900          -6,40600         -37,62053          -0,00498
          19,55000       16996,36400        3177,04900          -6,45700         -37,87579           0,04600
          19,60000       16996,36500        3177,04900          -6,45600         -38,25868          -0,01773
          19,65000       16996,36600        3177,04800          -6,45700         -37,55671           0,03963
          19,70000       16996,36600        3177,04900          -6,49000         -38,19486           0,02688
          19,75000       16996,36600        3177,04900          -6,50600         -37,93960           0,02688
          19,80000       16996,36600        3177,04900          -6,50700         -37,81197           0,03325
          19,85000       16996,36500        3177,04900          -6,55600         -37,49290           0,02051
          19,90000       16996,36600        3177,04900          -6,55600         -38,32249           0,01413
          19,95000       16996,36600        3177,04900          -6,55700         -37,87579           0,05874
          20,00000       16996,36500        3177,04900          -6,60400         -37,74816           0,02051
          20,05000       16996,36500        3177,04900          -6,60500         -37,62053           0,00139
          20,10000       16996,36500        3177,04900          -6,65400         -38,45012           0,00139
          20,15000       16996,36500        3177,04900          -6,65600         -38,32249           0,02051
          20,20000       16996,36600        3177,04900          -6,65600         -37,87579           0,03325
          20,25000       16996,36600        3177,04900          -6,70500         -37,68434          -0,00498
          20,30000       16996,36600        3177,04900          -6,70600         -37,87579           0,01413
          20,35000       16996,36600        3177,04900          -6,75500         -38,00342           0,00139
          20,40000       16996,36500        3177,05000          -6,75500         -37,55671           0,00776
          20,45000       16996,36600        3177,05000          -6,75600         -38,06723           0,01413
          20,50000       16996,36500        3177,05000          -6,80800         -38,13105           0,02051
          20,55000       16996,36600        3177,05000          -6,80600         -37,49290          -0,00498
          20,60000       16996,36500        3177,04900          -6,82100         -38,00342           0,05874
          20,65000       16996,36500        3177,04900          -6,85700         -37,74816           0,02688
          20,70000       16996,36600        3177,04800          -6,85700         -38,25868           0,01413
          20,75000       16996,36600        3177,04900          -6,90700         -37,68434           0,03325
          20,80000       16996,36700        3177,04900          -6,90800         -38,25868           0,00776
          20,85000       16996,36600        3177,05000          -6,90700         -37,42908           0,01413
          20,90000       16996,36600        3177,04900          -6,95600         -37,62053          -0,01136
          20,95000       16996,36600        3177,04900          -6,95600         -37,74816           0,02688
          21,00000       16996,36700        3177,05000          -6,97300         -37,81197          -0,01136
          21,05000       16996,36700        3177,04800          -7,00700         -38,06723           0,00776
          21,10000       16996,36600        3177,04900          -7,00600         -37,68434           0,03325
          21,15000       16996,36500        3177,04800          -7,05400         -38,19486           0,02051
          21,20000       16996,36600        3177,04900          -7,05700         -37,62053           0,03963
          21,25000       16996,36600        3177,04900          -7,05700         -38,32249          -0,00498
          21,30000       16996,36600        3177,04900          -7,10600         -38,13105          -0,01136
          21,35000       16996,36600        3177,04900          -7,10800         -37,23764           0,03325
          21,40000       16996,36600        3177,04900          -7,10800         -37,42908           0,04600
          21,45000       16996,36500        3177,04900          -7,15400         -37,93960          -0,00498
          21,50000       16996,36600        3177,04900          -7,15600         -37,93960           0,01413
          21,55000       16996,36600        3177,04900          -7,15600         -38,13105           0,03325
          21,60000       16996,36600        3177,04800          -7,20700         -38,51394           0,03325
          21,65000       16996,36700        3177,04800          -7,20700         -37,81197           0,03963
          21,70000       16996,36600        3177,04900          -7,20700         -37,74816           0,03963
          21,75000       16996,36600        3177,04900          -7,25700         -37,36527           0,03963
          21,80000       16996,36600        3177,04800          -7,25700         -37,55671           0,01413
          21,85000       16996,36700        3177,04900          -7,28900         -37,93960           0,02051
          21,90000       16996,36600        3177,04800          -7,30600         -37,49290           0,03325
          21,95000       16996,36500        3177,04900          -7,30700         -37,87579           0,01413
          22,00000       16996,36600        3177,04800          -7,35600         -37,55671           0,02688
          22,05000       16996,36500        3177,04900          -7,35700         -37,81197          -0,00498
          22,10000       16996,36500        3177,04800          -7,40600         -37,55671           0,02688
          22,15000       16996,36500        3177,04900          -7,40700         -37,81197           0,01413
          22,20000       16996,36600        3177,04900          -7,40700         -38,00342           0,00139
          22,25000       16996,36600        3177,04900          -7,45500         -37,23764           0,01413
          22,30000       16996,36600        3177,04800          -7,45600         -37,36527           0,02688
          22,35000       16996,36600        3177,04900          -7,45600         -38,00342           0,00139
          22,40000       16996,36600        3177,04900          -7,50500         -38,00342          -0,01136
          22,45000       16996,36600        3177,04900          -7,50600         -37,42908          -0,01136
          22,50000       16996,36600        3177,04900          -7,50600         -38,57775           0,03325
          22,55000       16996,36600        3177,04900          -7,55400         -38,19486          -0,01136
          22,60000       16996,36600        3177,04800          -7,55400         -37,74816           0,01413
          22,65000       16996,36600        3177,04900          -7,60500         -37,36527           0,03963
          22,70000       16996,36600        3177,04900          -7,60500         -37,55671           0,03325
          22,75000       16996,36600        3177,04900          -7,60600         -38,00342           0,02688
          22,80000       16996,36500        3177,04900          -7,65500         -37,36527          -0,00498
          22,85000       16996,36600        3177,04900          -7,65500         -37,23764           0,04600
          22,90000       16996,36600        3177,04900          -7,70600         -37,74816           0,00776
          22,95000       16996,36600        3177,04900          -7,70600         -37,74816           0,04600
          23,00000       16996,36700        3177,04900          -7,70700         -37,87579           0,02051
          23,05000       16996,36600        3177,04800          -7,75600         -37,30145           0,02688
          23,10000       16996,36600        3177,04900          -7,75700         -37,87579          -0,01136
          23,15000       16996,36500        3177,04900          -7,80600         -37,04619           0,02051
          23,20000       16996,36500        3177,04800          -7,80700         -37,62053           0,00776
          23,25000       16996,36500        3177,04900          -7,80600         -37,81197           0,03963
          23,30000       16996,36500        3177,04800          -7,85500         -37,68434           0,03963
          23,35000       16996,36600        3177,04900          -7,85600         -37,17382           0,02051
          23,40000       16996,36500        3177,04900          -7,89600         -37,49290           0,02051
          23,45000       16996,36500        3177,04900          -7,90500         -38,13105           0,01413
          23,50000       16996,36500        3177,04900          -7,90500         -37,23764           0,00139
          23,55000       16996,36600        3177,04900          -7,92700         -37,62053           0,02688
          23,60000       16996,36500        3177,04900          -7,95500         -36,79093           0,02051
          23,65000       16996,36500        3177,04900          -7,95600         -37,68434           0,03963
          23,70000       16996,36500        3177,04900          -7,95700         -37,62053           0,00139
          23,75000       16996,36500        3177,04900          -8,00700         -36,98238          -0,01136
          23,80000       16996,36600        3177,04900          -8,00800         -37,49290           0,03963
          23,85000       16996,36500        3177,04800          -8,05700         -37,68434           0,02688
          23,90000       16996,36700        3177,04900          -8,05800         -37,74816           0,01413
          23,95000       16996,36700        3177,04900          -8,05800         -36,91856           0,02051
          24,00000       16996,36700        3177,04900          -8,10700         -37,62053           0,01413
          24,05000       16996,36600        3177,04900          -8,10700         -37,55671           0,05874
          24,10000       16996,36600        3177,04900          -8,10700         -37,55671           0,03325
          24,15000       16996,36600        3177,04900          -8,15500         -37,30145           0,05237
          24,20000       16996,36700        3177,04800          -8,15600         -37,36527           0,00139
          24,25000       16996,36600        3177,04900          -8,15600         -37,74816          -0,00498
          24,30000       16996,36600        3177,04800          -8,20600         -36,85475           0,04600
          24,35000       16996,36600        3177,04900          -8,20600         -37,17382           0,03325
          24,40000       16996,36600        3177,04900          -8,24300         -37,17382           0,03963
          24,45000       16996,36600        3177,04900          -8,25500         -37,23764           0,02051
          24,50000       16996,36600        3177,04800          -8,25500         -36,91856           0,02688
          24,55000       16996,36500        3177,04900          -8,30500         -37,68434           0,01413
          24,60000       16996,36600        3177,04900          -8,30600         -37,36527          -0,01136
          24,65000       16996,36500        3177,04900          -8,30600         -36,66330           0,02051
          24,70000       16996,36600        3177,04900          -8,35600         -37,30145           0,03325
          24,75000       16996,36500        3177,04900          -8,35600         -37,42908           0,02051
          24,80000       16996,36500        3177,04900          -8,40700         -37,23764           0,02051
          24,85000       16996,36500        3177,04900          -8,40600         -37,23764           0,03963
          24,90000       16996,36500        3177,04900          -8,40600         -37,62053          -0,01773
          24,95000       16996,36500        3177,04900          -8,45600         -36,85475          -0,00498
          25,00000       16996,36500        3177,04900          -8,45700         -37,81197           0,05874
          25,05000       16996,36600        3177,04800          -8,50800         -37,23764          -0,01136
          25,10000       16996,36600        3177,04900          -8,50700         -37,11001           0,02051
          25,15000       16996,36500        3177,04900          -8,50700         -37,68434           0,02051
          25,20000       16996,36600        3177,04900          -8,55500         -37,36527           0,00139
          25,25000       16996,36500        3177,04900          -8,55500         -36,91856           0,04600
          25,30000       16996,36500        3177,04800          -8,55500         -36,98238          -0,00498
          25,35000       16996,36500        3177,04900          -8,59200         -36,66330           0,04600
          25,40000       16996,36500        3177,04900          -8,60600         -37,93960          -0,00498
          25,45000       16996,36500        3177,04800          -8,65500         -36,98238           0,02688
          25,50000       16996,36500        3177,04900          -8,65600         -37,11001           0,02688
          25,55000       16996,36600        3177,04900          -8,65600         -37,49290           0,06512
          25,60000       16996,36500        3177,04900          -8,70600         -37,23764           0,02688
          25,65000       16996,36500        3177,04900          -8,70600         -36,79093           0,00776
          25,70000       16996,36500        3177,04800          -8,75500         -36,40804           0,01413
          25,75000       16996,36600        3177,04800          -8,75600         -36,66330           0,04600
          25,80000       16996,36500        3177,04900          -8,75600         -36,85475           0,03325
          25,85000       16996,36500        3177,05000          -8,80500         -37,30145           0,02051
          25,90000       16996,36500        3177,04900          -8,80500         -36,53567           0,02688
          25,95000       16996,36600        3177,04900          -8,85500         -37,49290           0,01413
          26,00000       16996,36500        3177,04900          -8,85600         -37,11001           0,05874
          26,05000       16996,36600        3177,04900          -8,85500         -37,04619           0,05237
          26,10000       16996,36600        3177,05000          -8,89900         -36,91856           0,03963
          26,15000       16996,36600        3177,04900          -8,90400         -37,74816           0,03325
          26,20000       16996,36600        3177,04800          -8,90500         -36,53567           0,02051
          26,25000       16996,36600        3177,04900          -8,90700         -36,91856           0,02051
          26,30000       16996,36600        3177,04900          -8,95500         -37,11001           0,04600
          26,35000       16996,36600        3177,04900          -8,95600         -37,23764           0,00776
          26,40000       16996,36600        3177,04900          -9,00700         -37,42908           0,02051
          26,45000       16996,36600        3177,04800          -9,00500         -36,85475           0,03963
          26,50000       16996,36600        3177,04900          -9,00500         -36,85475           0,02688
          26,55000       16996,36700        3177,04900          -9,05300         -36,08896           0,03963
          26,60000       16996,36500        3177,04800          -9,05300         -36,53567           0,03963
          26,65000       16996,36600        3177,04700          -9,05400         -36,72712           0,05237
          26,70000       16996,36500        3177,04800          -9,10300         -36,91856           0,06512
          26,75000       16996,36500        3177,04800          -9,10500         -37,17382           0,00139
          26,80000       16996,36500        3177,04800          -9,10500         -36,72712           0,02051
          26,85000       16996,36500        3177,04800          -9,15500         -36,40804           0,03963
          26,90000       16996,36500        3177,04800          -9,15600         -36,53567           0,02051
          26,95000       16996,36600        3177,04800          -9,15600         -36,91856           0,03963
          27,00000       16996,36600        3177,04800          -9,20600         -36,98238           0,02051
          27,05000       16996,36600        3177,04800          -9,20600         -35,76989           0,05237
          27,10000       16996,36700        3177,04900          -9,25900         -36,85475          -0,01136
          27,15000       16996,36600        3177,04800          -9,25600         -36,66330           0,02051
          27,20000       16996,36600        3177,04900          -9,25600         -36,53567           0,00776
          27,25000       16996,36600        3177,04900          -9,25600         -37,17382           0,01413
          27,30000       16996,36600        3177,04800          -9,30500         -35,64226           0,03325
          27,35000       16996,36600        3177,04800          -9,30600         -36,59949           0,01413
          27,40000       16996,36600        3177,04800          -9,31800         -36,28041           0,02688
          27,45000       16996,36600        3177,04800          -9,35400         -36,21659           0,03963
          27,50000       16996,36600        3177,04800          -9,35500         -37,23764           0,00139
          27,55000       16996,36600        3177,04800          -9,35500         -37,68434           0,00776
          27,60000       16996,36500        3177,04800          -9,40500         -35,83370           0,03325
          27,65000       16996,36500        3177,04900          -9,40600         -35,25937           0,04600
          27,70000       16996,36500        3177,04800          -9,45400         -35,57844           0,01413
          27,75000       16996,36500        3177,04900          -9,45700         -36,59949           0,02051
          27,80000       16996,36600        3177,04800          -9,45700         -36,40804           0,00139
          27,85000       16996,36500        3177,04800          -9,50600         -36,40804           0,00139
          27,90000       16996,36500        3177,04900          -9,50500         -36,40804           0,03325
          27,95000       16996,36500        3177,04900          -9,50600         -34,36596           0,02051
          28,00000       16996,36500        3177,04800          -9,55500         -36,91856          -0,01773
          28,05000       16996,36500        3177,04800          -9,55500         -34,30214           0,06512
          28,10000       16996,36500        3177,04800          -9,57000         -36,34422           0,02051
          28,15000       16996,36500        3177,04900          -9,60600         -35,25937           0,01413
          28,20000       16996,36500        3177,04800          -9,60600         -35,38700           0,01413
          28,25000       16996,36400        3177,04800          -9,65500         -35,96133           0,04600
          28,30000       16996,36500        3177,04800          -9,65600         -35,89752           0,02688
          28,35000       16996,36500        3177,04700          -9,65500         -36,08896           0,02688
          28,40000       16996,36500        3177,04800          -9,70500         -35,76989           0,02051
          28,45000       16996,36500        3177,04800          -9,70500         -33,40873           0,04600
          28,50000       16996,36600        3177,04800          -9,75600         -35,13174           0,00776
          28,55000       16996,36500        3177,04900          -9,75500         -36,02515           0,02051
          28,60000       16996,36600        3177,04800          -9,75700         -36,47186           0,05874
          28,65000       16996,36500        3177,04800          -9,80700         -36,53567           0,03325
          28,70000       16996,36500        3177,04900          -9,80500         -32,26006           0,00139
          28,75000       16996,36700        3177,04800          -9,80500         -36,79093           0,03325
          28,80000       16996,36600        3177,04900          -9,85500         -35,38700           0,07149
          28,85000       16996,36700        3177,04800          -9,85500         -35,70607           0,02688
          28,90000       16996,36600        3177,04800          -9,85500         -35,83370           0,03963
          28,95000       16996,36600        3177,04800          -9,90500         -35,89752           0,00776
          29,00000       16996,36500        3177,04800          -9,90700         -36,08896           0,03325
          29,05000       16996,36500        3177,04800          -9,90600         -35,64226           0,01413
          29,10000       16996,36600        3177,04900          -9,95500         -30,85613           0,04600
          29,15000       16996,36600        3177,04800          -9,95500         -36,02515          -0,03047
          29,20000       16996,36500        3177,04800          -9,95600         -35,57844           0,02051
          29,25000       16996,36600        3177,04900         -10,00600         -30,47324           0,05237
          29,30000       16996,36500        3177,04900         -10,00700         -31,23902           0,02688
          29,35000       16996,36600        3177,04800         -10,00700         -31,17520           0,00776
          29,40000       16996,36600        3177,04800         -10,05700         -35,32318           0,03325
          29,45000       16996,36600        3177,04900         -10,05700         -35,45081           0,03325
          29,50000       16996,36600        3177,04900         -10,10100         -34,81266           0,05237
          29,55000       16996,36600        3177,04900         -10,10600         -34,87648           0,00776
          29,60000       16996,36600        3177,04900         -10,10700         -29,51601           0,07149
          29,65000       16996,36600        3177,04800         -10,15600         -34,87648           0,01413
          29,70000       16996,36600        3177,04900         -10,15600         -33,91925          -0,01136
          29,75000       16996,36600        3177,04900         -10,15600         -34,62122           0,01413
          29,80000       16996,36600        3177,04700         -10,20500         -33,28110           0,03963
          29,85000       16996,36500        3177,04800         -10,20600         -32,83439           0,02688
          29,90000       16996,36600        3177,04800         -10,20700         -34,62122          -0,00498
          29,95000       16996,36500        3177,04800         -10,25600         -32,57913           0,06512
          30,00000       16996,36500        3177,04900         -10,25700         -28,17589           0,02051
          30,05000       16996,36500        3177,04800         -10,25700         -28,04826           0,02688
          30,10000       16996,36500        3177,04800         -10,30500         -32,00480           0,03325
          30,15000       16996,36500        3177,04800         -10,30500         -35,13174           0,02051
          30,20000       16996,36500        3177,04800         -10,35600         -33,72781           0,03963
          30,25000       16996,36500        3177,04800         -10,35700         -33,85544           0,05874
          30,30000       16996,36700        3177,04800         -10,35700         -29,89890          -0,01136
          30,35000       16996,36600        3177,04800         -10,40500         -30,34561           0,02688
          30,40000       16996,36500        3177,04800         -10,40700         -31,55809           0,00776
          30,45000       16996,36600        3177,04800         -10,40600         -32,89821           0,00139
          30,50000       16996,36600        3177,04800         -10,45600         -26,32526           0,00139
          30,55000       16996,36600        3177,04800         -10,45600         -34,30214           0,05237
          30,60000       16996,36600        3177,04800         -10,45600         -34,87648           0,01413
          30,65000       16996,36500        3177,04900         -10,50600         -33,98307           0,02051
          30,70000       16996,36500        3177,04800         -10,50700         -28,43115           0,00776
          30,75000       16996,36600        3177,04900         -10,55900         -34,62122           0,03963
          30,80000       16996,36500        3177,04900         -10,55700         -30,85613          -0,00498
          30,85000       16996,36600        3177,04900         -10,55800         -28,43115           0,01413
          30,90000       16996,36500        3177,04900         -10,56400         -24,79369          -0,01773
          30,95000       16996,36600        3177,04800         -10,60600         -26,51670           0,03325
          31,00000       16996,36500        3177,04800         -10,60700         -34,94029           0,02688
          31,05000       16996,36500        3177,04800         -10,65600         -26,70815           0,02688
          31,10000       16996,36500        3177,04800         -10,65600         -25,81474          -0,01136
          31,15000       16996,36600        3177,04800         -10,65600         -28,23971           0,02688
          31,20000       16996,36500        3177,04800         -10,70700         -24,72988           0,03963
          31,25000       16996,36500        3177,04800         -10,70800         -35,45081           0,06512
          31,30000       16996,36500        3177,04800         -10,75600         -27,09104          -0,00498
          31,35000       16996,36500        3177,04800         -10,75700         -25,43184           0,02688
          31,40000       16996,36400        3177,04800         -10,75700         -28,55878           0,02051
          31,45000       16996,36500        3177,04800         -10,77900         -23,83647           0,00776
          31,50000       16996,36400        3177,04800         -10,80800         -35,38700           0,02051
          31,55000       16996,36500        3177,04800         -10,82400         -25,62329           0,02688
          31,60000       16996,36400        3177,04800         -10,85700         -26,38907           0,02688
          31,65000       16996,36500        3177,04800         -10,85700         -35,13174           0,03325
          31,70000       16996,36400        3177,04800         -10,85700         -27,34630           0,02051
          31,75000       16996,36400        3177,04800         -10,90600         -35,57844           0,00776
          31,80000       16996,36500        3177,04700         -10,90800         -24,28317          -0,01136
          31,85000       16996,36400        3177,04700         -10,90700         -32,13243           0,03325
          31,90000       16996,36400        3177,04800         -10,95800         -34,87648           0,05237
          31,95000       16996,36400        3177,04800         -10,95800         -22,75161          -0,01773
          32,00000       16996,36400        3177,04800         -10,99900         -16,75299           0,06512
          32,05000       16996,36400        3177,04800         -11,00700         -16,24247          -0,00498
          32,10000       16996,36400        3177,04800         -11,00800         -20,32664          -0,01136
          32,15000       16996,36400        3177,04800         -11,05600         -34,81266           0,04600
          32,20000       16996,36400        3177,04800         -11,05800         -23,13450           0,01413
          32,25000       16996,36400        3177,04700         -11,05800         -12,73264          -0,01136
          32,30000       16996,36500        3177,04800         -11,10700         -12,86027           0,02051
          32,35000       16996,36400        3177,04800         -11,10700         -30,28179           0,00139
          32,40000       16996,36400        3177,04800         -11,11400         -35,19555           0,04600
          32,45000       16996,36300        3177,04700         -11,15800          -9,22281           0,04600
          32,50000       16996,36300        3177,04800         -11,15700         -17,51877           0,00139
          32,55000       16996,36400        3177,04700         -11,20600         -28,87786           0,04600
          32,60000       16996,36400        3177,04700         -11,20800         -32,19624           0,02688
          32,65000       16996,36400        3177,04800         -11,20800         -36,47186          -0,00498
          32,70000       16996,36400        3177,04800         -11,25700         -37,36527           0,03325
          32,75000       16996,36400        3177,04800         -11,25800         -37,30145           0,06512
          32,80000       16996,36300        3177,04800         -11,30900         -37,17382           0,05237
          32,85000       16996,36400        3177,04800         -11,30700         -37,23764           0,02051
          32,90000       16996,36400        3177,04800         -11,30700         -36,15278           0,02688
          32,95000       16996,36400        3177,04800         -11,35600         -37,93960           0,04600
          33,00000       16996,36300        3177,04700         -11,35700         -37,62053           0,03325
          33,05000       16996,36300        3177,04700         -11,35700         -38,06723           0,01413
          33,10000       16996,36400        3177,04800         -11,40700         -37,30145          -0,02410
          33,15000       16996,36300        3177,04800         -11,40700         -36,72712           0,05237
          33,20000       16996,36300        3177,04800         -11,40800         -35,83370          -0,00498
          33,25000       16996,36300        3177,04800         -11,45900         -38,83301           0,00139
          33,30000       16996,36400        3177,04800         -11,45900         -38,32249           0,00139
          33,35000       16996,36400        3177,04700         -11,50400         -37,62053          -0,01136
          33,40000       16996,36300        3177,04700         -11,50800         -38,13105           0,00776
          33,45000       16996,36400        3177,04700         -11,50800         -38,76920           0,02688
          33,50000       16996,36400        3177,04700         -11,55800         -39,08827           0,03325
          33,55000       16996,36400        3177,04700         -11,55800         -35,45081           0,00139
          33,60000       16996,36300        3177,04700         -11,55800         -37,68434          -0,01136
          33,65000       16996,36400        3177,04700         -11,60700         -39,40735           0,03325
          33,70000       16996,36300        3177,04800         -11,60700         -39,79024           0,01413
          33,75000       16996,36300        3177,04700         -11,60800         -36,08896           0,05874
          33,80000       16996,36400        3177,04800         -11,65700         -37,74816           0,02688
          33,85000       16996,36300        3177,04700         -11,65900         -34,30214          -0,00498
          33,90000       16996,36400        3177,04700         -11,66500         -34,11070           0,03325
          33,95000       16996,36300        3177,04700         -11,70900         -41,95995           0,00776
          34,00000       16996,36300        3177,04700         -11,70800         -41,06654          -0,01773
          34,05000       16996,36300        3177,04700         -11,75800         -34,30214           0,01413
          34,10000       16996,36300        3177,04700         -11,75700         -41,51325          -0,01136
          34,15000       16996,36400        3177,04800         -11,75800         -42,53429           0,02051
          34,20000       16996,36400        3177,04700         -11,80700         -42,98099           0,07149
          34,25000       16996,36300        3177,04800         -11,80800         -44,64019          -0,00498
          34,30000       16996,36300        3177,04800         -11,80800         -44,38493           0,02688
          34,35000       16996,36400        3177,04800         -11,85900         -46,49082           0,01413
          34,40000       16996,36300        3177,04800         -11,85800         -48,59672           0,01413
          34,45000       16996,36400        3177,04800         -11,85700         -21,53912           0,00776
          34,50000       16996,36300        3177,04800         -11,90800         -17,96548           0,04600
          34,55000       16996,36300        3177,04800         -11,90900         -36,98238          -0,01136
          34,60000       16996,36300        3177,04800         -11,94100         -42,02377           0,02051
          34,65000       16996,36300        3177,04800         -11,95800           4,30599           0,02051
          34,70000       16996,36300        3177,04800         -11,95900          -0,22488           0,01413
          34,75000       16996,36300        3177,04900         -12,00800         -25,04895          -0,01773
          34,80000       16996,36300        3177,04700         -12,00700         -39,91787           0,00139
          34,85000       16996,36300        3177,04800         -12,00800          20,89791           0,05237
          34,90000       16996,36300        3177,04800         -12,05700          -3,09656           0,03325
          34,95000       16996,36300        3177,04800         -12,05800         -46,80990          -0,01136
          35,00000       16996,36300        3177,04800         -12,10700         134,23351          -0,00498
          35,05000       16996,36400        3177,04700         -12,10700         169,33181           0,00776
          35,10000       16996,36400        3177,04700         -12,10700          87,26560          -0,00498
          35,15000       16996,36400        3177,04700         -12,15600         237,10343           0,05237
          35,20000       16996,36300        3177,04800         -12,15700         -42,40666           0,03963
          35,25000       16996,36400        3177,04700         -12,20700         295,62187           0,00776
          35,30000       16996,36300        3177,04800         -12,20800         186,49807           0,02051
          35,35000       16996,36300        3177,04800         -12,20800         228,42458           0,03963
          35,40000       16996,36400        3177,04800         -12,21200         172,39493           0,03963
          35,45000       16996,36300        3177,04800         -12,25800          70,35460           0,03963
          35,50000       16996,36400        3177,04900         -12,26800         -24,66606           0,00776
          35,55000       16996,36300        3177,04800         -12,30700          -0,73541           0,01413
          35,60000       16996,36400        3177,04800         -12,30800         -33,79162           0,02688
          35,65000       16996,36400        3177,04800         -12,30800         -24,02791           0,02051
          35,70000       16996,36300        3177,04800         -12,35700         -41,64088           0,00139
          35,75000       16996,36300        3177,04700         -12,35800         -28,43115           0,04600
          35,80000       16996,36300        3177,04700         -12,35800         -46,04412           0,00776
          35,85000       16996,36400        3177,04800         -12,40600         538,37447           0,02051
          35,90000       16996,36400        3177,04800         -12,40600         -43,04481           0,01413
          35,95000       16996,36300        3177,04700         -12,45700         164,80094           0,01413
          36,00000       16996,36400        3177,04800         -12,45800         375,83744           0,00139
          36,05000       16996,36300        3177,04700         -12,45900         626,94981           0,00776
          36,10000       16996,36300        3177,04800         -12,50800         405,38382           0,05237
          36,15000       16996,36300        3177,04800         -12,50900          89,30769          -0,03685
          36,20000       16996,36300        3177,04800         -12,50900         115,66332           0,00776
          36,25000       16996,36300        3177,04700         -12,55500         149,74058           0,04600
          36,30000       16996,36300        3177,04800         -12,55700         254,01443           0,05874
          36,35000       16996,36400        3177,04700         -12,57700         563,90050           0,02051
          36,40000       16996,36300        3177,04800         -12,60600         720,88562          -0,01136
          36,45000       16996,36300        3177,04800         -12,60700         835,36989           0,03325
          36,50000       16996,36300        3177,04800         -12,65700         833,90215           0,03325
          36,55000       16996,36300        3177,04700         -12,65800         900,39747           0,02051
          36,60000       16996,36200        3177,04700         -12,65800         653,36926           0,02688
          36,65000       16996,36300        3177,04700         -12,65800         367,66910           0,00139
          36,70000       16996,36500        3177,05300          -0,12400         -39,21590           0,01413
          36,75000       16996,36500        3177,05200          -0,12500         -38,96064           0,02688
          36,80000       16996,36500        3177,05200          -0,12500         -38,64157           0,02688
          36,85000       16996,36400        3177,05200          -0,12500         -39,27972          -0,01773
          36,90000       16996,36500        3177,05300          -0,12600         -39,34353           0,03325
          36,95000       16996,36500        3177,05300          -0,12500         -38,76920           0,00776
          37,00000       16996,36400        3177,05300          -0,12500         -39,27972           0,05237
          37,05000       16996,36400        3177,05200          -0,12600         -39,40735           0,04600
          37,10000       16996,36400        3177,05200          -0,12600         -38,57775          -0,02410
          37,15000       16996,36500        3177,05200          -0,12500         -38,25868           0,04600
          37,20000       16996,36400        3177,05300          -0,12600         -38,57775           0,05874
          37,25000       16996,36500        3177,05300          -0,12500         -39,15209           0,00139
          37,30000       16996,36500        3177,05300          -0,12600         -38,64157           0,02051
          37,35000       16996,36500        3177,05300          -0,12500         -39,27972           0,02051
          37,40000       16996,36500        3177,05200          -0,12600         -38,89683          -0,00498
          37,45000       16996,36400        3177,05200          -0,12500         -39,15209           0,00776
          37,50000       16996,36500        3177,05300          -0,12500         -39,47116          -0,01773
          37,55000       16996,36500        3177,05200          -0,12500         -39,02446           0,00776
          37,60000       16996,36400        3177,05300          -0,12500         -38,32249           0,02051
          37,65000       16996,36500        3177,05200          -0,12600         -38,76920           0,05237
          37,70000       16996,36400        3177,05300          -0,12500         -38,25868           0,02051
          37,75000       16996,36400        3177,05300          -0,12600         -38,96064          -0,01136
          37,80000       16996,36400        3177,05300          -0,12500         -39,02446           0,04600
          37,85000       16996,36500        3177,05200          -0,12500         -39,08827           0,05874
          37,90000       16996,36400        3177,05200          -0,12500         -39,15209           0,02051
          37,95000       16996,36500        3177,05300          -0,12500         -39,08827          -0,00498
          38,00000       16996,36400        3177,05300          -0,12500         -38,96064           0,00776
          38,05000       16996,36400        3177,05200          -0,12500         -39,66261           0,02051
          38,10000       16996,36400        3177,05300          -0,12500         -39,02446           0,00139
          38,15000       16996,36500        3177,05200          -0,12500         -38,64157           0,02051
          38,20000       16996,36500        3177,05200          -0,12600         -38,70538           0,02051
          38,25000       16996,36400        3177,05300          -0,12500         -39,27972          -0,00498
          38,30000       16996,36400        3177,05300          -0,12600         -39,02446           0,00139
          38,35000       16996,36400        3177,05300          -0,12500         -39,21590           0,03963
          38,40000       16996,36500        3177,05200          -0,12500         -38,96064           0,03325
          38,45000       16996,36500        3177,05300          -0,12500         -39,27972           0,00776
          38,50000       16996,36400        3177,05200          -0,12500         -38,76920           0,02051
          38,55000       16996,36500        3177,05200          -0,12600         -38,70538           0,03963
          38,60000       16996,36400        3177,05300          -0,12600         -38,76920           0,01413
          38,65000       16996,36500        3177,05300          -0,12600         -38,57775           0,02051
          38,70000       16996,36500        3177,05300          -0,12500         -39,53498           0,04600
          38,75000       16996,36400        3177,05300          -0,12500         -39,27972           0,02051
          38,80000       16996,36400        3177,05200          -0,12500         -38,06723          -0,01136
          38,85000       16996,36500        3177,05200          -0,12600         -38,51394          -0,00498
          38,90000       16996,36400        3177,05300          -0,12600         -38,64157           0,02688
          38,95000       16996,36500        3177,05200          -0,12500         -39,27972           0,00776
          39,00000       16996,36500        3177,05300          -0,12500         -38,64157           0,01413
          39,05000       16996,36500        3177,05300          -0,12500         -38,89683          -0,00498
          39,10000       16996,36500        3177,05300          -0,12500         -39,02446           0,03325
          39,15000       16996,36400        3177,05200          -0,12500         -39,08827           0,04600
          39,20000       16996,36400        3177,05200          -0,12500         -38,89683           0,06512
          39,25000       16996,36400        3177,05300          -0,12500         -39,02446           0,06512
          39,30000       16996,36500        3177,05200          -0,12600         -38,70538           0,00776
          39,35000       16996,36500        3177,05200          -0,12600         -39,21590           0,03963
          39,40000       16996,36400        3177,05300          -0,12600         -38,83301           0,03963
          39,45000       16996,36500        3177,05200          -0,12500         -39,59879           0,03325
          39,50000       16996,36400        3177,05300          -0,12500         -38,64157           0,02688
          39,55000       16996,36500        3177,05200          -0,12600         -39,02446           0,03325
          39,60000       16996,36500        3177,05200          -0,12600         -38,83301           0,04600
          39,65000       16996,36400        3177,05300          -0,12500         -39,08827           0,00139
          39,70000       16996,36400        3177,05300          -0,12500         -39,40735           0,00139
          39,75000       16996,36500        3177,05200          -0,12500         -39,15209           0,01413
          39,80000       16996,36400        3177,05300          -0,12600         -38,19486           0,04600
          39,85000       16996,36400        3177,05300          -0,12600         -39,02446           0,02688
          39,90000       16996,36500        3177,05200          -0,12500         -38,83301           0,00776
          39,95000       16996,36400        3177,05200          -0,12500         -38,76920           0,03325
          40,00000       16996,36500        3177,05200          -0,12600         -38,45012           0,00139
          40,05000       16996,36500        3177,05200          -0,12500         -38,70538           0,02051
          40,10000       16996,36500        3177,05300          -0,12500         -38,64157           0,05237
          40,15000       16996,36400        3177,05300          -0,12600         -39,15209           0,04600
          40,20000       16996,36500        3177,05300          -0,12600         -38,57775           0,03963
          40,25000       16996,36400        3177,05200          -0,12500         -38,76920           0,01413
          40,30000       16996,36500        3177,05300          -0,12600         -38,76920          -0,01773
          40,35000       16996,36400        3177,05200          -0,12600         -38,70538           0,01413
          40,40000       16996,36400        3177,05200          -0,12500         -38,51394           0,03325
          40,45000       16996,36400        3177,05300          -0,12600         -38,70538           0,02688
          40,50000       16996,36400        3177,05200          -0,12600         -39,34353           0,00139
          40,55000       16996,36500        3177,05200          -0,12500         -38,76920           0,02051
          40,60000       16996,36400        3177,05200          -0,12600         -38,89683          -0,01136
          40,65000       16996,36500        3177,05300          -0,12600         -38,76920           0,05237
          40,70000       16996,36500        3177,05200          -0,12500         -38,64157           0,00139
          40,75000       16996,36500        3177,05300          -0,12500         -39,27972           0,03963
          40,80000       16996,36500        3177,05200          -0,12500         -39,02446           0,03325
          40,85000       16996,36400        3177,05300          -0,12600         -38,89683           0,03325
          40,90000       16996,36400        3177,05300          -0,12500         -38,89683          -0,00498
          40,95000       16996,36500        3177,05200          -0,12500         -38,70538           0,04600
          41,00000       16996,36400        3177,05300          -0,12600         -38,76920           0,05874
          41,05000       16996,36500        3177,05200          -0,12600         -38,83301           0,02051
          41,10000       16996,36400        3177,05300          -0,12500         -39,08827           0,03325
          41,15000       16996,36500        3177,05200          -0,12600         -38,57775           0,05237
          41,20000       16996,36400        3177,05200          -0,12500         -39,34353           0,02051
          41,25000       16996,36500        3177,05200          -0,12600         -38,32249           0,00139
          41,30000       16996,36500        3177,05200          -0,12500         -39,27972           0,02051
          41,35000       16996,36400        3177,05200          -0,12600         -39,40735           0,03963
          41,40000       16996,36500        3177,05300          -0,12600         -39,40735          -0,01136
          41,45000       16996,36500        3177,05200          -0,12500         -38,83301           0,01413
