
// =========================================================================================================
// 2026-04-17, 11:58:09
//        Time [s]        Pos X [um]        Pos Y [um]        Pos Z [um]      Force A [uN]      Force B [uN]
// =========================================================================================================
           0,00000       16808,39300        3487,92200          -0,18300         -36,28041           0,05237
           0,05000       16808,39300        3487,92100          -0,18300         -36,28041          -0,01136
           0,10000       16808,39400        3487,92200          -0,18300         -37,11001           0,05237
           0,15000       16808,39300        3487,92200          -0,18300         -36,40804           0,02688
           0,20000       16808,39300        3487,92200          -0,18300         -36,85475           0,00776
           0,25000       16808,39300        3487,92200          -0,18300         -36,08896           0,01413
           0,30000       16808,39300        3487,92200          -0,18300         -36,66330           0,01413
           0,35000       16808,39300        3487,92100          -0,18300         -36,21659           0,05237
           0,40000       16808,39300        3487,92100          -0,18400         -35,83370           0,02051
           0,45000       16808,39300        3487,92100          -0,18400         -36,21659           0,01413
           0,50000       16808,39400        3487,92100          -0,18400         -36,47186           0,01413
           0,55000       16808,39400        3487,92100          -0,18400         -36,34422           0,02051
           0,60000       16808,39400        3487,92100          -0,18400         -36,53567           0,02688
           0,65000       16808,39400        3487,92100          -0,18400         -36,53567           0,01413
           0,70000       16808,39400        3487,92100          -0,18300         -36,08896           0,00776
           0,75000       16808,39400        3487,92200          -0,18300         -36,34422           0,02051
           0,80000       16808,39400        3487,92100          -0,18300         -36,40804           0,04600
           0,85000       16808,39400        3487,92100          -0,18300         -36,21659           0,05874
           0,90000       16808,39400        3487,92100          -0,18400         -36,15278           0,00776
           0,95000       16808,39400        3487,92100          -0,18400         -35,89752           0,03325
           1,00000       16808,39400        3487,92000          -0,18400         -36,40804           0,00139
           1,05000       16808,39400        3487,92100          -0,18300         -35,83370           0,05237
           1,10000       16808,39300        3487,92100          -0,18300         -36,15278           0,05237
           1,15000       16808,39300        3487,92100          -0,18400         -36,21659           0,05237
           1,20000       16808,39300        3487,92100          -0,18400         -35,76989           0,00776
           1,25000       16808,39300        3487,92100          -0,18300         -36,47186           0,05237
           1,30000       16808,39300        3487,92100          -0,18400         -36,91856          -0,01136
           1,35000       16808,39400        3487,92100          -0,18300         -36,15278           0,02051
           1,40000       16808,39400        3487,92100          -0,18300         -36,15278           0,00776
           1,45000       16808,39400        3487,92200          -0,18300         -36,15278           0,02051
           1,50000       16808,39300        3487,92100          -0,18300         -35,70607           0,00776
           1,55000       16808,39300        3487,92100          -0,18300         -35,76989           0,00139
           1,60000       16808,39300        3487,92100          -0,18200         -36,53567           0,00776
           1,65000       16808,39300        3487,92100          -0,18300         -36,53567           0,01413
           1,70000       16808,39300        3487,92200          -0,18300         -36,66330           0,02688
           1,75000       16808,39300        3487,92100          -0,18400         -36,53567           0,00139
           1,80000       16808,39300        3487,92100          -0,18400         -36,15278           0,02051
           1,85000       16808,39300        3487,92100          -0,18400         -36,34422           0,02051
           1,90000       16808,39300        3487,92200          -0,18300         -35,89752          -0,00498
           1,95000       16808,39300        3487,92100          -0,18300         -36,15278           0,01413
           2,00000       16808,39300        3487,92100          -0,18400         -36,66330          -0,01136
           2,05000       16808,39300        3487,92100          -0,18300         -36,08896           0,00776
           2,10000       16808,39300        3487,92100          -0,18300         -36,28041          -0,00498
           2,15000       16808,39300        3487,92200          -0,82200         -36,66330           0,06512
           2,20000       16808,39300        3487,92200          -0,83600         -35,83370           0,02688
           2,25000       16808,39300        3487,92100          -0,87300         -36,02515           0,02688
           2,30000       16808,39300        3487,92100          -0,87600         -35,64226           0,03325
           2,35000       16808,39300        3487,92100          -0,87900         -36,66330           0,05874
           2,40000       16808,39300        3487,92200          -0,88900         -38,00342           0,01413
           2,45000       16808,39300        3487,92100          -0,89100         -36,15278           0,02688
           2,50000       16808,39300        3487,92100          -0,89400         -35,76989           0,04600
           2,55000       16808,39300        3487,92100          -0,89300         -35,70607           0,00776
           2,60000       16808,39200        3487,92100          -0,90200         -36,47186           0,02688
           2,65000       16808,39300        3487,92100          -0,90500         -36,21659           0,02051
           2,70000       16808,39400        3487,92100          -0,90900         -36,21659           0,02688
           2,75000       16808,39300        3487,92100          -0,91100         -36,40804           0,03325
           2,80000       16808,39300        3487,92100          -0,91200         -36,59949          -0,02410
           2,85000       16808,39300        3487,92200          -0,91800         -36,34422           0,03963
           2,90000       16808,39200        3487,92100          -0,91900         -36,08896           0,01413
           2,95000       16808,39200        3487,92100          -0,92100         -36,72712           0,02688
           3,00000       16808,39300        3487,92100          -0,92400         -35,83370           0,01413
           3,05000       16808,39300        3487,92100          -0,92500         -35,96133          -0,00498
           3,10000       16808,39300        3487,92200          -0,92600         -36,47186           0,05237
           3,15000       16808,39300        3487,92100          -0,93000         -36,28041          -0,00498
           3,20000       16808,39300        3487,92100          -0,93100         -36,34422           0,05237
           3,25000       16808,39300        3487,92000          -0,93200         -35,70607           0,01413
           3,30000       16808,39200        3487,92100          -0,93400         -35,64226           0,00139
           3,35000       16808,39200        3487,92100          -0,93500         -36,21659           0,00776
           3,40000       16808,39200        3487,92200          -0,94200         -36,34422           0,01413
           3,45000       16808,39300        3487,92100          -0,94200         -36,08896           0,00776
           3,50000       16808,39200        3487,92100          -0,94300         -36,15278           0,05874
           3,55000       16808,39200        3487,92100          -0,95100         -36,02515           0,02688
           3,60000       16808,39300        3487,92100          -0,95300         -37,23764           0,02051
           3,65000       16808,39300        3487,92100          -0,97500         -36,53567           0,02051
           3,70000       16808,39300        3487,92100          -0,97600         -36,28041           0,02051
           3,75000       16808,39200        3487,92100          -0,97600         -35,83370           0,03325
           3,80000       16808,39200        3487,92100          -1,01100         -36,28041           0,05237
           3,85000       16808,39200        3487,92100          -1,01100         -36,21659           0,05237
           3,90000       16808,39300        3487,92100          -1,01200         -36,28041           0,03963
           3,95000       16808,39100        3487,92000          -1,05100         -36,34422           0,02688
           4,00000       16808,39300        3487,92100          -1,05300         -36,21659           0,00139
           4,05000       16808,39200        3487,92100          -1,05400         -36,28041           0,00776
           4,10000       16808,39200        3487,92100          -1,09700         -36,28041           0,03963
           4,15000       16808,39200        3487,92100          -1,09800         -36,47186           0,03325
           4,20000       16808,39200        3487,92100          -1,10000         -36,02515          -0,01136
           4,25000       16808,39200        3487,92100          -1,14400         -36,15278          -0,00498
           4,30000       16808,39100        3487,92100          -1,14500         -35,70607           0,02051
           4,35000       16808,39300        3487,92000          -1,17700         -36,72712           0,00139
           4,40000       16808,39200        3487,92200          -1,19400         -36,53567           0,01413
           4,45000       16808,39100        3487,92100          -1,19400         -36,34422           0,02051
           4,50000       16808,39100        3487,92200          -1,19700         -36,15278           0,03325
           4,55000       16808,39200        3487,92100          -1,24300         -36,15278           0,02051
           4,60000       16808,39100        3487,92200          -1,24300         -36,21659           0,03963
           4,65000       16808,39000        3487,92100          -1,28000         -35,76989           0,03325
           4,70000       16808,39200        3487,92100          -1,29200         -35,96133           0,00139
           4,75000       16808,39100        3487,92100          -1,29300         -36,02515           0,06512
           4,80000       16808,39100        3487,92200          -1,34400         -36,28041           0,02688
           4,85000       16808,39200        3487,92100          -1,34400         -35,89752           0,00776
           4,90000       16808,39100        3487,92100          -1,34400         -35,13174           0,01413
           4,95000       16808,39200        3487,92100          -1,39400         -35,76989           0,02688
           5,00000       16808,39200        3487,92100          -1,39400         -36,15278           0,06512
           5,05000       16808,39200        3487,92100          -1,39500         -36,59949           0,05237
           5,10000       16808,39200        3487,92100          -1,44500         -35,96133           0,01413
           5,15000       16808,39200        3487,92100          -1,44700         -35,96133           0,01413
           5,20000       16808,39200        3487,92100          -1,49800         -36,08896          -0,00498
           5,25000       16808,39200        3487,92100          -1,49800         -36,53567           0,02051
           5,30000       16808,39200        3487,92100          -1,49900         -35,76989          -0,00498
           5,35000       16808,39200        3487,92000          -1,54900         -35,64226           0,00776
           5,40000       16808,39200        3487,92000          -1,55000         -36,59949           0,02051
           5,45000       16808,39100        3487,92100          -1,59700         -36,08896           0,03963
           5,50000       16808,39200        3487,92100          -1,59900         -35,96133           0,03963
           5,55000       16808,39100        3487,92100          -1,60000         -36,79093           0,00139
           5,60000       16808,39200        3487,92000          -1,65200         -36,08896           0,03963
           5,65000       16808,39200        3487,92100          -1,65200         -36,34422           0,04600
           5,70000       16808,39200        3487,92000          -1,70400         -36,15278           0,02051
           5,75000       16808,39200        3487,92100          -1,70400         -36,79093           0,02051
           5,80000       16808,39200        3487,92100          -1,70400         -36,59949          -0,00498
           5,85000       16808,39200        3487,92100          -1,75400         -36,40804           0,03325
           5,90000       16808,39200        3487,92000          -1,75400         -36,08896           0,05237
           5,95000       16808,39200        3487,92100          -1,75500         -36,47186           0,00139
           6,00000       16808,39200        3487,92100          -1,80400         -36,21659           0,02051
           6,05000       16808,39200        3487,92100          -1,80500         -36,47186           0,00139
           6,10000       16808,39200        3487,92100          -1,80500         -36,02515          -0,01773
           6,15000       16808,39200        3487,92200          -1,85400         -35,70607          -0,00498
           6,20000       16808,39300        3487,92100          -1,85500         -36,28041           0,00139
           6,25000       16808,39200        3487,92000          -1,85500         -36,53567           0,00139
           6,30000       16808,39100        3487,92100          -1,90800         -35,96133           0,01413
           6,35000       16808,39200        3487,92100          -1,90900         -35,96133           0,00776
           6,40000       16808,39200        3487,92000          -1,95800         -36,40804           0,01413
           6,45000       16808,39200        3487,92000          -1,95800         -35,96133           0,00139
           6,50000       16808,39200        3487,92100          -1,95800         -36,34422           0,00776
           6,55000       16808,39200        3487,92100          -1,97600         -36,40804           0,02051
           6,60000       16808,39200        3487,92100          -2,00800         -35,45081           0,03963
           6,65000       16808,39200        3487,92000          -2,00800         -36,34422          -0,01136
           6,70000       16808,39200        3487,92000          -2,05800         -36,02515           0,02051
           6,75000       16808,39300        3487,92000          -2,05900         -36,02515           0,03325
           6,80000       16808,39200        3487,92000          -2,09100         -35,64226          -0,01136
           6,85000       16808,39100        3487,92100          -2,11000         -36,21659           0,05237
           6,90000       16808,39200        3487,92100          -2,11000         -36,02515           0,03325
           6,95000       16808,39200        3487,92000          -2,16100         -35,38700           0,02688
           7,00000       16808,39200        3487,92100          -2,16000         -35,57844           0,03963
           7,05000       16808,39100        3487,92100          -2,16100         -36,40804           0,00139
           7,10000       16808,39100        3487,92000          -2,21200         -35,51463           0,02051
           7,15000       16808,39200        3487,92100          -2,21200         -36,15278           0,04600
           7,20000       16808,39100        3487,92100          -2,21100         -36,47186           0,00776
           7,25000       16808,39200        3487,92000          -2,26000         -36,28041           0,02051
           7,30000       16808,39200        3487,92000          -2,26100         -36,40804           0,00776
           7,35000       16808,39200        3487,92100          -2,31100         -35,57844           0,04600
           7,40000       16808,39200        3487,92100          -2,31100         -36,53567           0,02051
           7,45000       16808,39200        3487,92000          -2,31100         -36,08896           0,03963
           7,50000       16808,39200        3487,92100          -2,36200         -35,51463           0,00776
           7,55000       16808,39200        3487,92100          -2,36300         -36,53567           0,00776
           7,60000       16808,39200        3487,92100          -2,36400         -35,96133           0,00776
           7,65000       16808,39200        3487,92100          -2,41000         -36,28041           0,02051
           7,70000       16808,39200        3487,92100          -2,41200         -36,28041           0,01413
           7,75000       16808,39200        3487,92100          -2,46300         -36,02515           0,03325
           7,80000       16808,39200        3487,91900          -2,46300         -36,40804           0,04600
           7,85000       16808,39200        3487,92000          -2,46400         -36,08896           0,02688
           7,90000       16808,39200        3487,92000          -2,51300         -36,02515           0,03963
           7,95000       16808,39200        3487,92000          -2,51300         -35,96133          -0,01136
           8,00000       16808,39200        3487,92100          -2,56100         -36,28041           0,05237
           8,05000       16808,39200        3487,92100          -2,56200         -35,45081           0,03963
           8,10000       16808,39200        3487,92100          -2,56200         -35,70607          -0,00498
           8,15000       16808,39200        3487,92100          -2,58800         -36,02515           0,02051
           8,20000       16808,39100        3487,92100          -2,61400         -35,89752          -0,02410
           8,25000       16808,39200        3487,92100          -2,61400         -35,64226           0,03963
           8,30000       16808,39100        3487,92100          -2,66300         -36,47186           0,03325
           8,35000       16808,39200        3487,92000          -2,66300         -35,70607           0,03963
           8,40000       16808,39100        3487,92100          -2,66300         -36,02515           0,05874
           8,45000       16808,39100        3487,92100          -2,71400         -36,47186           0,03325
           8,50000       16808,39200        3487,92100          -2,71500         -36,08896          -0,00498
           8,55000       16808,39200        3487,92000          -2,71400         -36,28041           0,01413
           8,60000       16808,39200        3487,92100          -2,76500         -35,89752           0,02688
           8,65000       16808,39200        3487,92000          -2,76500         -36,21659           0,00776
           8,70000       16808,39200        3487,92100          -2,79300         -36,15278           0,02051
           8,75000       16808,39100        3487,92000          -2,81300         -35,76989           0,01413
           8,80000       16808,39200        3487,92000          -2,81300         -36,21659           0,01413
           8,85000       16808,39100        3487,92000          -2,86300         -35,96133           0,03963
           8,90000       16808,39100        3487,92100          -2,86400         -35,83370           0,00776
           8,95000       16808,39200        3487,92100          -2,86400         -36,02515          -0,01136
           9,00000       16808,39200        3487,92000          -2,91300         -36,02515           0,03963
           9,05000       16808,39100        3487,92100          -2,91500         -36,72712           0,03325
           9,10000       16808,39200        3487,92000          -2,91500         -36,08896           0,05874
           9,15000       16808,39200        3487,92000          -2,96400         -35,64226          -0,00498
           9,20000       16808,39200        3487,92000          -2,96500         -35,76989          -0,00498
           9,25000       16808,39100        3487,92000          -2,96500         -35,96133           0,01413
           9,30000       16808,39100        3487,92100          -3,01400         -35,83370           0,03325
           9,35000       16808,39100        3487,92100          -3,01500         -36,15278          -0,02410
           9,40000       16808,39200        3487,92000          -3,06400         -35,83370          -0,00498
           9,45000       16808,39100        3487,92000          -3,06500         -35,89752           0,04600
           9,50000       16808,39100        3487,92100          -3,06600         -36,28041           0,03325
           9,55000       16808,39200        3487,92100          -3,06700         -35,51463           0,01413
           9,60000       16808,39100        3487,92000          -3,11600         -36,15278           0,02051
           9,65000       16808,39200        3487,92100          -3,11600         -35,64226          -0,01136
           9,70000       16808,39200        3487,92000          -3,16400         -35,76989           0,04600
           9,75000       16808,39100        3487,92000          -3,16400         -36,34422           0,03963
           9,80000       16808,39200        3487,92100          -3,16500         -36,02515           0,00776
           9,85000       16808,39100        3487,92000          -3,21400         -36,02515           0,03325
           9,90000       16808,39200        3487,92000          -3,21500         -35,89752           0,02688
           9,95000       16808,39300        3487,92100          -3,20900         -35,76989           0,03325
          10,00000       16808,39100        3487,92000          -3,26400         -35,76989           0,06512
          10,05000       16808,39100        3487,92000          -3,26400         -35,89752           0,00776
          10,10000       16808,39200        3487,92000          -3,26400         -35,51463           0,03325
          10,15000       16808,39200        3487,92000          -3,31400         -36,28041           0,02688
          10,20000       16808,39100        3487,92100          -3,31400         -36,21659          -0,01136
          10,25000       16808,39200        3487,92100          -3,31400         -36,34422           0,02051
          10,30000       16808,39200        3487,92000          -3,36400         -36,08896           0,01413
          10,35000       16808,39200        3487,92100          -3,36500         -36,21659           0,04600
          10,40000       16808,39200        3487,92100          -3,36500         -35,64226           0,03325
          10,45000       16808,39200        3487,92100          -3,41700         -35,83370           0,03963
          10,50000       16808,39200        3487,92000          -3,41700         -35,70607           0,02688
          10,55000       16808,39100        3487,92100          -3,46600         -36,08896           0,04600
          10,60000       16808,39200        3487,92100          -3,46700         -35,89752           0,00139
          10,65000       16808,39100        3487,92100          -3,46700         -35,25937           0,03963
          10,70000       16808,39200        3487,92200          -3,51600         -35,83370           0,02051
          10,75000       16808,39200        3487,92100          -3,51700         -35,83370           0,03325
          10,80000       16808,39200        3487,92100          -3,56500         -35,70607           0,02688
          10,85000       16808,39200        3487,92100          -3,56600         -35,19555           0,01413
          10,90000       16808,39200        3487,92100          -3,56600         -36,15278           0,02051
          10,95000       16808,39000        3487,92100          -3,56700         -35,70607           0,00139
          11,00000       16808,39100        3487,92000          -3,61400         -36,08896          -0,01136
          11,05000       16808,39200        3487,92100          -3,66300         -35,64226           0,02688
          11,10000       16808,39200        3487,92100          -3,66500         -35,32318           0,03325
          11,15000       16808,39200        3487,92100          -3,66600         -35,70607           0,00776
          11,20000       16808,39200        3487,92000          -3,66600         -35,38700           0,04600
          11,25000       16808,39200        3487,92100          -3,71600         -35,19555           0,03325
          11,30000       16808,39200        3487,92100          -3,71700         -36,08896           0,01413
          11,35000       16808,39200        3487,92100          -3,76600         -35,32318           0,01413
          11,40000       16808,39200        3487,92000          -3,76500         -35,25937           0,04600
          11,45000       16808,39300        3487,92000          -3,76600         -35,89752           0,00139
          11,50000       16808,39200        3487,92000          -3,81400         -35,70607           0,03963
          11,55000       16808,39100        3487,92100          -3,81500         -35,64226           0,01413
          11,60000       16808,39200        3487,92000          -3,81500         -35,32318          -0,00498
          11,65000       16808,39200        3487,92000          -3,86500         -36,28041           0,00776
          11,70000       16808,39200        3487,92000          -3,86600         -36,08896           0,03325
          11,75000       16808,39200        3487,91900          -3,91400         -35,51463           0,02051
          11,80000       16808,39100        3487,92000          -3,91500         -35,45081           0,01413
          11,85000       16808,39200        3487,92000          -3,91600         -35,57844           0,04600
          11,90000       16808,39200        3487,92000          -3,96400         -35,70607           0,02688
          11,95000       16808,39100        3487,91900          -3,96400         -35,70607           0,03325
          12,00000       16808,39200        3487,92000          -3,96500         -35,38700           0,03963
          12,05000       16808,39200        3487,92000          -4,01500         -35,06792           0,00139
          12,10000       16808,39200        3487,92000          -4,01500         -35,57844          -0,00498
          12,15000       16808,39200        3487,92000          -4,01600         -36,02515           0,03325
          12,20000       16808,39100        3487,92000          -4,06600         -35,45081           0,04600
          12,25000       16808,39100        3487,92000          -4,06600         -35,70607           0,01413
          12,30000       16808,39100        3487,92000          -4,10700         -35,83370           0,02688
          12,35000       16808,39100        3487,92000          -4,11500         -35,13174           0,04600
          12,40000       16808,39200        3487,92100          -4,11700         -35,51463           0,05237
          12,45000       16808,39200        3487,92100          -4,16700         -36,40804           0,02051
          12,50000       16808,39100        3487,92000          -4,16700         -35,83370           0,00776
          12,55000       16808,39100        3487,91900          -4,18800         -36,02515           0,01413
          12,60000       16808,39100        3487,92000          -4,21600         -35,57844          -0,00498
          12,65000       16808,39100        3487,91900          -4,21700         -35,38700           0,00776
          12,70000       16808,39300        3487,92000          -4,26400         -36,40804           0,03325
          12,75000       16808,39100        3487,92100          -4,26600         -36,15278           0,02051
          12,80000       16808,39100        3487,92000          -4,26600         -36,08896           0,01413
          12,85000       16808,39100        3487,91900          -4,31400         -35,64226           0,02051
          12,90000       16808,39100        3487,92000          -4,31500         -36,28041           0,03963
          12,95000       16808,39200        3487,92100          -4,31500         -35,64226           0,00776
          13,00000       16808,39100        3487,92000          -4,36400         -35,25937          -0,01136
          13,05000       16808,39100        3487,92100          -4,36500         -35,83370           0,01413
          13,10000       16808,39100        3487,91900          -4,41900         -35,13174           0,04600
          13,15000       16808,39100        3487,92100          -4,41600         -35,32318           0,00776
          13,20000       16808,39100        3487,92000          -4,41600         -35,38700          -0,00498
          13,25000       16808,39100        3487,92000          -4,46500         -35,45081           0,00776
          13,30000       16808,39200        3487,92000          -4,46500         -35,64226          -0,02410
          13,35000       16808,39100        3487,91900          -4,47400         -36,02515           0,02688
          13,40000       16808,39100        3487,92000          -4,51500         -35,38700           0,01413
          13,45000       16808,39100        3487,92000          -4,51600         -35,57844           0,04600
          13,50000       16808,39200        3487,91900          -4,51700         -35,57844           0,00139
          13,55000       16808,39100        3487,92000          -4,56500         -34,87648           0,00776
          13,60000       16808,39100        3487,92000          -4,56500         -35,51463           0,02051
          13,65000       16808,39200        3487,92000          -4,61500         -34,94029           0,00776
          13,70000       16808,39100        3487,92000          -4,61500         -35,13174           0,03325
          13,75000       16808,39100        3487,92000          -4,61500         -35,57844           0,02051
          13,80000       16808,39100        3487,92000          -4,65800         -35,76989           0,00776
          13,85000       16808,39100        3487,92000          -4,66400         -35,57844           0,00776
          13,90000       16808,39200        3487,92000          -4,66500         -35,64226          -0,00498
          13,95000       16808,39100        3487,92100          -4,71500         -35,45081           0,00776
          14,00000       16808,39100        3487,92000          -4,71500         -35,45081           0,00139
          14,05000       16808,39100        3487,92000          -4,71600         -35,89752          -0,00498
          14,10000       16808,39100        3487,92000          -4,76500         -35,57844          -0,00498
          14,15000       16808,39200        3487,91900          -4,76500         -35,19555           0,00139
          14,20000       16808,39200        3487,91800          -4,77200         -35,38700          -0,01136
          14,25000       16808,39100        3487,91900          -4,81300         -34,81266           0,02051
          14,30000       16808,39100        3487,91900          -4,81500         -34,49359           0,03325
          14,35000       16808,39200        3487,91900          -4,86300         -34,81266           0,02688
          14,40000       16808,39100        3487,91900          -4,86400         -35,00411          -0,03685
          14,45000       16808,39200        3487,92000          -4,86500         -35,51463           0,03325
          14,50000       16808,39100        3487,92000          -4,91300         -34,94029           0,03325
          14,55000       16808,39100        3487,91900          -4,91400         -35,38700          -0,00498
          14,60000       16808,39200        3487,92000          -4,96500         -35,25937           0,00776
          14,65000       16808,39100        3487,92000          -4,96500         -35,25937           0,01413
          14,70000       16808,39100        3487,92000          -4,96500         -35,45081          -0,01136
          14,75000       16808,39100        3487,92000          -5,01500         -35,00411           0,05237
          14,80000       16808,39100        3487,92000          -5,01600         -35,00411           0,03325
          14,85000       16808,39100        3487,92000          -5,01600         -35,25937          -0,02410
          14,90000       16808,39200        3487,91900          -5,06500         -35,45081           0,02051
          14,95000       16808,39200        3487,92000          -5,06500         -34,94029           0,00776
          15,00000       16808,39100        3487,92000          -5,11500         -34,87648           0,01413
          15,05000       16808,39100        3487,92000          -5,11500         -34,55740           0,02688
          15,10000       16808,39100        3487,92000          -5,11500         -34,49359           0,00139
          15,15000       16808,39200        3487,92000          -5,16400         -34,49359          -0,01136
          15,20000       16808,39200        3487,92000          -5,16400         -34,17451           0,05874
          15,25000       16808,39100        3487,92000          -5,16500         -34,36596           0,02688
          15,30000       16808,39200        3487,92000          -5,21300         -34,62122           0,03963
          15,35000       16808,39100        3487,91900          -5,21300         -34,87648           0,00139
          15,40000       16808,39200        3487,92000          -5,26400         -33,85544           0,02688
          15,45000       16808,39100        3487,92000          -5,26500         -34,55740          -0,02410
          15,50000       16808,39000        3487,92000          -5,26600         -35,64226           0,04600
          15,55000       16808,39100        3487,91900          -5,31500         -35,19555           0,05237
          15,60000       16808,39000        3487,92000          -5,31600         -34,68503           0,01413
          15,65000       16808,39100        3487,92000          -5,35300         -33,79162           0,02051
          15,70000       16808,39100        3487,92000          -5,36400         -34,23833           0,05874
          15,75000       16808,39100        3487,92000          -5,36400         -35,00411          -0,02410
          15,80000       16808,39100        3487,92200          -5,38300         -34,87648           0,00776
          15,85000       16808,39100        3487,92000          -5,41300         -35,06792           0,05237
          15,90000       16808,39100        3487,92000          -5,44800         -34,36596           0,01413
          15,95000       16808,39100        3487,92000          -5,46600         -34,49359           0,01413
          16,00000       16808,39200        3487,92000          -5,46500         -35,25937           0,00776
          16,05000       16808,39200        3487,92000          -5,46600         -34,23833           0,02051
          16,10000       16808,39200        3487,92000          -5,51600         -34,81266           0,04600
          16,15000       16808,39100        3487,92000          -5,51700         -34,23833           0,02688
          16,20000       16808,39100        3487,92000          -5,53200         -34,42977           0,00776
          16,25000       16808,39200        3487,92100          -5,56500         -34,68503           0,01413
          16,30000       16808,39100        3487,92000          -5,56600         -34,55740           0,04600
          16,35000       16808,39100        3487,92000          -5,61500         -35,38700          -0,02410
          16,40000       16808,39100        3487,92000          -5,61700         -34,23833           0,02688
          16,45000       16808,39100        3487,92000          -5,61600         -34,68503           0,01413
          16,50000       16808,39100        3487,92000          -5,66400         -34,42977          -0,01773
          16,55000       16808,39100        3487,92000          -5,66400         -34,30214           0,05874
          16,60000       16808,39100        3487,92000          -5,66600         -35,00411           0,03963
          16,65000       16808,39200        3487,92000          -5,67100         -33,85544           0,02688
          16,70000       16808,39100        3487,92000          -5,71600         -34,62122          -0,00498
          16,75000       16808,39100        3487,92100          -5,71500         -34,23833           0,02688
          16,80000       16808,39100        3487,92000          -5,76400         -34,30214           0,03325
          16,85000       16808,39100        3487,92000          -5,76400         -33,28110           0,03325
          16,90000       16808,39200        3487,92000          -5,76500         -34,36596           0,00139
          16,95000       16808,39100        3487,92000          -5,81500         -35,00411           0,00776
          17,00000       16808,39100        3487,92000          -5,81600         -35,13174           0,02688
          17,05000       16808,39200        3487,91900          -5,86400         -35,38700           0,04600
          17,10000       16808,39100        3487,92000          -5,86500         -34,36596           0,03325
          17,15000       16808,39100        3487,91900          -5,86500         -34,87648           0,03963
          17,20000       16808,39100        3487,92000          -5,86500         -35,45081           0,03325
          17,25000       16808,39100        3487,92000          -5,91400         -33,98307           0,00139
          17,30000       16808,39200        3487,92000          -5,91500         -35,13174          -0,04959
          17,35000       16808,39100        3487,91900          -5,92200         -33,53636          -0,02410
          17,40000       16808,39200        3487,92000          -5,96400         -34,68503           0,02688
          17,45000       16808,39100        3487,92000          -5,96500         -34,74885           0,02688
          17,50000       16808,39100        3487,91900          -6,01400         -34,11070           0,05237
          17,55000       16808,39100        3487,91900          -6,01400         -33,47255           0,03963
          17,60000       16808,39200        3487,92000          -6,03900         -33,15347           0,01413
          17,65000       16808,39100        3487,91900          -6,06400         -34,11070           0,02688
          17,70000       16808,39100        3487,92000          -6,06500         -34,74885           0,02051
          17,75000       16808,39100        3487,91900          -6,06400         -34,23833           0,05874
          17,80000       16808,39100        3487,91900          -6,11600         -34,23833           0,05237
          17,85000       16808,39100        3487,91900          -6,11600         -34,36596           0,06512
          17,90000       16808,38900        3487,92000          -6,17000         -33,02584           0,01413
          17,95000       16808,39100        3487,91900          -6,16600         -33,66399           0,00776
          18,00000       16808,39200        3487,92000          -6,16600         -34,23833           0,03325
          18,05000       16808,39100        3487,91800          -6,21600         -34,55740           0,03325
          18,10000       16808,39100        3487,91900          -6,21700         -34,49359           0,02688
          18,15000       16808,39100        3487,91900          -6,21700         -32,38769           0,01413
          18,20000       16808,39100        3487,92000          -6,26500         -33,98307           0,00776
          18,25000       16808,39200        3487,91900          -6,26600         -34,04688           0,00776
          18,30000       16808,39200        3487,91900          -6,31100         -33,60018          -0,01773
          18,35000       16808,39100        3487,91900          -6,31500         -34,36596          -0,00498
          18,40000       16808,39000        3487,92000          -6,31500         -32,32387           0,00139
          18,45000       16808,39100        3487,91900          -6,36400         -33,91925           0,03325
          18,50000       16808,39100        3487,91900          -6,36600         -33,60018           0,01413
          18,55000       16808,39100        3487,92000          -6,36600         -33,66399           0,02051
          18,60000       16808,39100        3487,92000          -6,41600         -33,28110           0,04600
          18,65000       16808,39000        3487,91900          -6,41600         -32,96203          -0,01773
          18,70000       16808,39100        3487,91900          -6,46500         -33,21729           0,03963
          18,75000       16808,39000        3487,91900          -6,46600         -31,74954           0,02688
          18,80000       16808,39100        3487,91900          -6,46600         -34,36596           0,02051
          18,85000       16808,39100        3487,91900          -6,51700         -33,34492          -0,00498
          18,90000       16808,39100        3487,91900          -6,51600         -32,77058          -0,01773
          18,95000       16808,39100        3487,91900          -6,56300         -32,06861           0,02688
          19,00000       16808,39100        3487,92000          -6,56600         -32,77058           0,00139
          19,05000       16808,39100        3487,91900          -6,56700         -32,70676           0,02051
          19,10000       16808,39100        3487,91800          -6,61000         -32,77058           0,01413
          19,15000       16808,39100        3487,91900          -6,61500         -31,36665          -0,01136
          19,20000       16808,39100        3487,91900          -6,61500         -30,34561          -0,00498
          19,25000       16808,39200        3487,91700          -6,65800         -30,02653           0,05237
          19,30000       16808,39100        3487,91900          -6,66600         -33,15347          -0,01136
          19,35000       16808,39100        3487,91900          -6,66700         -30,72850           0,02051
          19,40000       16808,39200        3487,91900          -6,71600         -33,85544           0,01413
          19,45000       16808,39100        3487,91900          -6,71800         -31,04757           0,01413
          19,50000       16808,39100        3487,92000          -6,71800         -33,34492           0,02688
          19,55000       16808,39000        3487,92000          -6,76600         -32,06861           0,02688
          19,60000       16808,39100        3487,92000          -6,76600         -31,04757           0,06512
          19,65000       16808,39200        3487,91900          -6,78600         -29,57983           0,00776
          19,70000       16808,39100        3487,91800          -6,81700         -31,23902           0,00776
          19,75000       16808,39100        3487,91900          -6,81700         -29,06930           0,06512
          19,80000       16808,39100        3487,92000          -6,82600         -33,79162           0,01413
          19,85000       16808,39100        3487,91900          -6,86700         -30,09035           0,02051
          19,90000       16808,39100        3487,91900          -6,86700         -29,45220           0,03963
          19,95000       16808,39200        3487,91900          -6,91600         -30,21798           0,00776
          20,00000       16808,39100        3487,91900          -6,91700         -29,19693          -0,03685
          20,05000       16808,39100        3487,91900          -6,91700         -32,26006           0,02051
          20,10000       16808,39100        3487,91900          -6,96600         -30,72850           0,03325
          20,15000       16808,39100        3487,91900          -6,96700         -27,72919           0,03963
          20,20000       16808,39000        3487,91900          -6,97200         -29,06930           0,00776
          20,25000       16808,39100        3487,91900          -7,01700         -31,36665          -0,01136
          20,30000       16808,39100        3487,92000          -7,01700         -32,83439           0,00139
          20,35000       16808,39100        3487,91900          -7,06800         -32,64295           0,01413
          20,40000       16808,39100        3487,91900          -7,06800         -32,64295           0,00776
          20,45000       16808,39100        3487,91900          -7,06800         -32,06861           0,03325
          20,50000       16808,39100        3487,91900          -7,11700         -32,45150          -0,00498
          20,55000       16808,39100        3487,91900          -7,11700         -32,89821           0,00139
          20,60000       16808,39100        3487,91900          -7,11800         -32,00480           0,03325
          20,65000       16808,39100        3487,91900          -7,16400         -32,26006          -0,00498
          20,70000       16808,39100        3487,91900          -7,16500         -26,38907           0,03325
          20,75000       16808,39000        3487,91900          -7,21400         -31,04757           0,02051
          20,80000       16808,39100        3487,91900          -7,21600         -32,45150           0,03325
          20,85000       16808,39100        3487,91900          -7,21500         -31,43046           0,00139
          20,90000       16808,39100        3487,92000          -7,26800         -29,83509           0,04600
          20,95000       16808,39000        3487,91900          -7,26600         -24,09173           0,00776
          21,00000       16808,39100        3487,91900          -7,31300         -29,70746           0,03325
          21,05000       16808,39000        3487,91900          -7,31700         -31,94098           0,02688
          21,10000       16808,39100        3487,91900          -7,31700         -31,23902           0,02688
          21,15000       16808,39100        3487,91900          -7,31700         -27,92063           0,03963
          21,20000       16808,39100        3487,92000          -7,36600         -23,51739           0,02051
          21,25000       16808,39100        3487,92000          -7,36600         -26,83578           0,00776
          21,30000       16808,39100        3487,91900          -7,41600         -27,66537           0,03963
          21,35000       16808,39100        3487,91900          -7,41600         -30,72850          -0,00498
          21,40000       16808,39100        3487,91900          -7,41700         -31,55809          -0,01136
          21,45000       16808,39100        3487,91900          -7,46600         -27,60156           0,01413
          21,50000       16808,39100        3487,91900          -7,46700         -20,70953          -0,01136
          21,55000       16808,39100        3487,91900          -7,50700         -19,94375           0,03325
          21,60000       16808,39100        3487,91900          -7,51600         -20,00756           0,02051
          21,65000       16808,39100        3487,91900          -7,51600         -21,34768           0,05237
          21,70000       16808,39000        3487,91800          -7,56600         -27,72919           0,02051
          21,75000       16808,39000        3487,91900          -7,56600         -28,30352          -0,01773
          21,80000       16808,39000        3487,91900          -7,56600         -22,43254           0,01413
          21,85000       16808,39000        3487,91900          -7,61300         -20,90097           0,05874
          21,90000       16808,39000        3487,91800          -7,61600         -27,85682           0,00139
          21,95000       16808,39000        3487,92000          -7,61600         -21,15623           0,05874
          22,00000       16808,39000        3487,91900          -7,66500         -23,13450          -0,02410
          22,05000       16808,39000        3487,91900          -7,66500         -28,55878           0,00776
          22,10000       16808,39000        3487,91900          -7,66600         -20,64571           0,01413
          22,15000       16808,39100        3487,91900          -7,71700         -28,36734          -0,01136
          22,20000       16808,39100        3487,91900          -7,71700         -29,19693           0,00776
          22,25000       16808,39000        3487,91900          -7,75800         -29,06930           0,03325
          22,30000       16808,39100        3487,92000          -7,76700         -29,06930           0,00139
          22,35000       16808,39100        3487,92000          -7,76700         -14,39183          -0,01136
          22,40000       16808,39100        3487,91900          -7,81700         -28,81404           0,03963
          22,45000       16808,39000        3487,92000          -7,81700         -28,75023           0,00139
          22,50000       16808,39000        3487,91900          -7,81600         -28,36734          -0,00498
          22,55000       16808,39100        3487,91900          -7,86600         -29,32457           0,02051
          22,60000       16808,39100        3487,92000          -7,86800         -13,05172           0,03963
          22,65000       16808,39100        3487,91900          -7,91600         -28,17589           0,01413
          22,70000       16808,39100        3487,91900          -7,91600         -28,43115           0,03325
          22,75000       16808,39100        3487,91900          -7,91600         -28,68641           0,00776
          22,80000       16808,39100        3487,91900          -7,96200         -27,34630           0,02688
          22,85000       16808,39000        3487,91900          -7,96600         -12,34975           0,01413
          22,90000       16808,39000        3487,91900          -8,01700         -27,66537           0,01413
          22,95000       16808,39000        3487,91900          -8,01600         -27,66537           0,04600
          23,00000       16808,39100        3487,91900          -8,01700         -27,47393           0,01413
          23,05000       16808,39000        3487,91800          -8,06700         -26,89959          -0,03047
          23,10000       16808,39100        3487,91900          -8,06700         -26,32526           0,02688
          23,15000       16808,39100        3487,91900          -8,06800         -27,15485          -0,01136
          23,20000       16808,39100        3487,91800          -8,11700         -24,66606           0,03963
          23,25000       16808,39000        3487,91800          -8,11700         -10,24385          -0,01773
          23,30000       16808,39000        3487,91800          -8,16700         -26,45289           0,04600
          23,35000       16808,39100        3487,91900          -8,16700         -26,96341           0,04600
          23,40000       16808,39000        3487,92000          -8,16700         -25,49566           0,02051
          23,45000       16808,39200        3487,91900          -8,16700         -26,07000           0,00139
          23,50000       16808,39000        3487,91900          -8,21700          -5,13865           0,03963
          23,55000       16808,39000        3487,91900          -8,21800         -25,36803           0,03325
          23,60000       16808,39100        3487,91800          -8,26500         -25,24040           0,02051
          23,65000       16808,39100        3487,92000          -8,26500         -22,75161          -0,01136
          23,70000       16808,39100        3487,91900          -8,26500         -25,49566          -0,01136
          23,75000       16808,39100        3487,91900          -8,31600         -23,83647           0,02051
          23,80000       16808,39000        3487,91900          -8,31600         -23,00687          -0,01136
          23,85000       16808,39100        3487,91900          -8,36500         -23,26213           0,02688
          23,90000       16808,39100        3487,92000          -8,36600          -9,92478           0,03325
          23,95000       16808,39100        3487,91900          -8,36600          -3,03275           0,01413
          24,00000       16808,39100        3487,91800          -8,41600         -21,73057           0,03325
          24,05000       16808,39100        3487,91900          -8,41600         -15,92340          -0,01773
          24,10000       16808,39100        3487,91800          -8,41700          -9,22281           0,07786
          24,15000       16808,39100        3487,91800          -8,46500           0,28564           0,01413
          24,20000       16808,39100        3487,91800          -8,46600           4,56125           0,03325
          24,25000       16808,39100        3487,91800          -8,46500         -25,68710           0,00776
          24,30000       16808,39100        3487,91800          -8,51600           5,70992           0,02688
          24,35000       16808,39100        3487,91900          -8,51500           6,34807           0,02688
          24,40000       16808,39100        3487,91900          -8,56400           8,70923           0,03325
          24,45000       16808,39100        3487,91900          -8,56600          11,96380           0,02051
          24,50000       16808,39100        3487,91900          -8,56600           6,34807           0,00139
          24,55000       16808,39100        3487,91900          -8,61600          10,94276           0,01413
          24,60000       16808,39100        3487,91900          -8,61600          11,19802           0,02688
          24,65000       16808,39100        3487,91900          -8,62700         -22,49635           0,01413
          24,70000       16808,39100        3487,91900          -8,66700          -2,58604           0,05237
          24,75000       16808,39100        3487,91900          -8,66700         -12,60501          -0,01773
          24,80000       16808,39100        3487,91900          -8,71500         -20,90097          -0,01136
          24,85000       16808,39100        3487,91900          -8,71500          15,28218           0,02688
          24,90000       16808,39100        3487,91900          -8,76300          17,38808          -0,01136
          24,95000       16808,39100        3487,91900          -8,76600           9,28356          -0,03685
          25,00000       16808,39100        3487,91900          -8,76600           0,09419           0,02051
          25,05000       16808,39200        3487,91800          -8,76700           8,90067           0,05237
          25,10000       16808,39100        3487,91900          -8,81500          -1,30974           0,01413
          25,15000       16808,39100        3487,91900          -8,81600         -20,64571          -0,01136
          25,20000       16808,39100        3487,92000          -8,86400           3,15732           0,02688
          25,25000       16808,39100        3487,91900          -8,86500          11,77235           0,02688
          25,30000       16808,39100        3487,91900          -8,86600          16,17559           0,02051
          25,35000       16808,39200        3487,91900          -8,91400          18,02623           0,02051
          25,40000       16808,39200        3487,91900          -8,91600         -23,32595           0,01413
          25,45000       16808,39100        3487,91900          -8,96600          -5,39391           0,03963
          25,50000       16808,39100        3487,91900          -8,96600           2,45535           0,03325
          25,55000       16808,39100        3487,91900          -8,96700          -8,07414           0,03963
          25,60000       16808,39100        3487,91900          -8,96600          -0,28870           0,04600
          25,65000       16808,39100        3487,91900          -9,01500          29,76821           0,03325
          25,70000       16808,39100        3487,91900          -9,01500          28,68335           0,02051
          25,75000       16808,39100        3487,92000          -9,01600          -3,47945           0,04600
          25,80000       16808,39100        3487,91900          -9,06500         -25,75092           0,02688
          25,85000       16808,39100        3487,91900          -9,06700          -9,15900           0,02688
          25,90000       16808,39100        3487,92000          -9,11500           6,79478           0,05237
          25,95000       16808,39100        3487,92000          -9,11600          -9,03137           0,02051
          26,00000       16808,39000        3487,91900          -9,11600          -1,94789           0,02688
          26,05000       16808,39100        3487,92000          -9,16500          20,06831           0,00139
          26,10000       16808,39100        3487,92000          -9,16600          29,89584           0,02051
          26,15000       16808,39100        3487,92000          -9,18300         -23,96410          -0,02410
          26,20000       16808,39000        3487,91900          -9,21600          13,75062           0,03963
          26,25000       16808,39100        3487,91900          -9,21700         -13,75368           0,03963
          26,30000       16808,39100        3487,92000          -9,22400          28,10902           0,02051
          26,35000       16808,39000        3487,91900          -9,26700         -27,21867           0,02051
          26,40000       16808,39100        3487,91900          -9,26700         -26,70815           0,00139
          26,45000       16808,39100        3487,92000          -9,31600         -27,60156           0,00139
          26,50000       16808,39000        3487,92000          -9,31600         -26,07000           0,07149
          26,55000       16808,39100        3487,92000          -9,31600          38,76614           0,05237
          26,60000       16808,39100        3487,92000          -9,36500         -28,23971           0,02051
          26,65000       16808,39100        3487,91900          -9,36600         -24,85751           0,01413
          26,70000       16808,39100        3487,91900          -9,36600         -20,77334           0,01413
          26,75000       16808,39000        3487,91900          -9,41600          -3,67090           0,04600
          26,80000       16808,39100        3487,91900          -9,41600          61,35668           0,01413
          26,85000       16808,39100        3487,91900          -9,44100          -0,92685           0,03325
          26,90000       16808,39100        3487,91900          -9,46700         -26,45289           0,02051
          26,95000       16808,39100        3487,91900          -9,46700         -25,43184          -0,02410
          27,00000       16808,39100        3487,91900          -9,51600          10,04934           0,07149
          27,05000       16808,39100        3487,91900          -9,51600         -23,13450           0,04600
          27,10000       16808,39100        3487,91900          -9,51700         -25,87855           0,01413
          27,15000       16808,39100        3487,91900          -9,56600         -24,47462           0,03325
          27,20000       16808,39100        3487,91900          -9,56700         -23,38976           0,00139
          27,25000       16808,39100        3487,91900          -9,61600         -36,40804           0,03325
          27,30000       16808,39100        3487,91800          -9,61500         -35,70607          -0,01773
          27,35000       16808,39100        3487,91900          -9,61600         -35,51463           0,02051
          27,40000       16808,39200        3487,92000          -9,66300         -35,70607           0,03963
          27,45000       16808,39100        3487,91900          -9,66700         -34,62122           0,00776
          27,50000       16808,39100        3487,91900          -9,69000         -35,19555           0,03963
          27,55000       16808,39100        3487,91800          -9,71600         -36,21659          -0,01136
          27,60000       16808,39100        3487,91800          -9,71700         -35,96133           0,03325
          27,65000       16808,39100        3487,92000          -9,71700         -36,40804           0,00776
          27,70000       16808,39100        3487,91900          -9,76500         -35,51463           0,02688
          27,75000       16808,39100        3487,91900          -9,76500         -33,60018           0,03325
          27,80000       16808,39000        3487,91900          -9,78800         -32,77058           0,02051
          27,85000       16808,39100        3487,91900          -9,81600         -32,89821          -0,01773
          27,90000       16808,39000        3487,91900          -9,81700         -33,60018           0,00776
          27,95000       16808,39300        3487,91900          -9,85200         -36,15278           0,00139
          28,00000       16808,39200        3487,91900          -9,86600         -30,47324           0,02688
          28,05000       16808,39100        3487,91800          -9,86600         -34,94029           0,05874
          28,10000       16808,39100        3487,91900          -9,91600         -36,15278           0,00776
          28,15000       16808,39100        3487,91900          -9,91700         -35,32318           0,04600
          28,20000       16808,39100        3487,92000          -9,96800         -35,57844           0,02051
          28,25000       16808,39100        3487,91800          -9,96600         -34,74885           0,03325
          28,30000       16808,39100        3487,91900          -9,96700         -34,17451           0,02051
          28,35000       16808,39100        3487,91900          -9,96700         -30,21798           0,00139
          28,40000       16808,39100        3487,91900         -10,01700         -31,36665           0,02688
          28,45000       16808,39000        3487,91900         -10,01700         -29,26075           0,00776
          28,50000       16808,39000        3487,91900         -10,01700         -30,79231           0,03325
          28,55000       16808,39100        3487,92000         -10,06700         -30,91994          -0,00498
          28,60000       16808,39000        3487,91800         -10,06700         -36,79093           0,00139
          28,65000       16808,39000        3487,91800         -10,11600         -35,51463           0,01413
          28,70000       16808,39100        3487,91800         -10,11600         -34,55740          -0,01773
          28,75000       16808,39100        3487,91900         -10,11800         -34,68503           0,03963
          28,80000       16808,39100        3487,91800         -10,16400         -34,68503           0,04600
          28,85000       16808,39100        3487,91900         -10,16800         -36,08896           0,05237
          28,90000       16808,39100        3487,91800         -10,21600         -36,72712           0,00139
          28,95000       16808,39100        3487,91800         -10,21600         -19,17797           0,04600
          29,00000       16808,39000        3487,91900         -10,21700         -32,77058           0,00139
          29,05000       16808,39100        3487,92000         -10,21700         -35,25937           0,00776
          29,10000       16808,39100        3487,91800         -10,26700         -20,77334           0,03963
          29,15000       16808,39100        3487,91900         -10,26800         -34,94029           0,01413
          29,20000       16808,39100        3487,91900         -10,30300           1,75338           0,03963
          29,25000       16808,39100        3487,91900         -10,31700         -35,25937           0,03963
          29,30000       16808,39100        3487,91800         -10,31700          -7,49980           0,00776
          29,35000       16808,39000        3487,91800         -10,35200         -13,75368          -0,00498
          29,40000       16808,39000        3487,91900         -10,36800         -29,64364           0,00139
          29,45000       16808,39100        3487,91900         -10,36900         -34,49359           0,04600
          29,50000       16808,39100        3487,91900         -10,41700         -35,64226           0,00139
          29,55000       16808,39100        3487,91800         -10,41700         -37,11001           0,00776
          29,60000       16808,39000        3487,91800         -10,44200           9,21975           0,02688
          29,65000       16808,39100        3487,91800         -10,46800         -36,28041           0,01413
          29,70000       16808,39100        3487,91800         -10,46800         -36,47186           0,01413
          29,75000       16808,39000        3487,91800         -10,46900         -33,15347           0,04600
          29,80000       16808,39100        3487,91800         -10,51700          -6,79784           0,02051
          29,85000       16808,39100        3487,91800         -10,51700         -23,90028           0,03325
          29,90000       16808,39100        3487,91800         -10,51700           4,05073           0,05237
          29,95000       16808,39000        3487,91800         -10,56900          -7,94651          -0,01773
          30,00000       16808,39000        3487,91900         -10,56800         -32,45150          -0,01136
          30,05000       16808,39000        3487,91900         -10,56300         -37,62053           0,00139
          30,10000       16808,39100        3487,91900         -10,61700         -34,74885          -0,01773
          30,15000       16808,39100        3487,91900         -10,61700         -26,00618           0,04600
          30,20000       16808,39200        3487,91900         -10,66500         111,57915           0,03325
          30,25000       16808,39100        3487,92000         -10,66600          70,35460           0,00776
          30,30000       16808,39100        3487,91900         -10,66700          47,25354           0,02051
          30,35000       16808,39100        3487,91800         -10,71700         103,98516           0,01413
          30,40000       16808,39100        3487,91900         -10,71800          63,90928           0,03325
          30,45000       16808,39100        3487,92000         -10,71800         108,64366           0,04600
          30,50000       16808,39100        3487,91900         -10,76600         -35,45081           0,03963
          30,55000       16808,39100        3487,91900         -10,76700         105,38909           0,02051
          30,60000       16808,39100        3487,91800         -10,76700          97,41220           0,04600
          30,65000       16808,39100        3487,91900         -10,81800         148,65572           0,03325
          30,70000       16808,39100        3487,91900         -10,81900         105,58053           0,02688
          30,75000       16808,39100        3487,91900         -10,86700         -39,40735           0,03325
          30,80000       16808,39100        3487,91900         -10,86800           2,90205           0,04600
          30,85000       16808,39100        3487,91800         -10,86900          27,15179           0,03325
          30,90000       16808,39100        3487,91800         -10,91700         180,05274           0,02051
          30,95000       16808,39100        3487,91900         -10,91800         180,75471           0,00776
          31,00000       16808,39100        3487,91800         -10,91900         -35,25937           0,04600
          31,05000       16808,39000        3487,91800         -10,96800         211,44977           0,03325
          31,10000       16808,39100        3487,91800         -10,96800         207,30179           0,01413
          31,15000       16808,39000        3487,91900         -10,98300         216,74642           0,01413
          31,20000       16808,39100        3487,91900         -11,01700         238,89025           0,08424
          31,25000       16808,39100        3487,91900         -11,01700         243,86783           0,02051
          31,30000       16808,39100        3487,92000         -11,02500         272,32936           0,02051
          31,35000       16808,39100        3487,91900         -11,06800         292,75019           0,05874
          31,40000       16808,39100        3487,91800         -11,06900         -24,92132           0,02688
          31,45000       16808,39000        3487,91800         -11,11700         -18,85889           0,01413
          31,50000       16808,39100        3487,91800         -11,11900         -47,06516           0,00776
          31,55000       16808,39100        3487,91900         -11,11800         -51,78748           0,01413
          31,60000       16808,39100        3487,91900         -11,16900         -57,46702           0,02051
          31,65000       16808,39100        3487,91900         -11,16900         -29,77127           0,02051
          31,70000       16808,39000        3487,91800         -11,21900          67,41911          -0,01136
          31,75000       16808,39100        3487,91800         -11,22000          16,23941          -0,01773
          31,80000       16808,39100        3487,91700         -11,22000         -20,00756           0,03325
          31,85000       16808,39100        3487,91700         -11,26800         -38,00342           0,03325
          31,90000       16808,39100        3487,91800         -11,26800         403,53318           0,03325
          31,95000       16808,39100        3487,91800         -11,31000         -71,69778           0,02051
          32,00000       16808,39100        3487,91800         -11,31700         -46,55464           0,01413
          32,05000       16808,39100        3487,91800         -11,31800         -69,46426           0,01413
          32,10000       16808,39100        3487,91900         -11,36600         -64,86957           0,00776
          32,15000       16808,39100        3487,91800         -11,36700         555,79599           0,03325
          32,20000       16808,39000        3487,91800         -11,41700         -14,26420           0,00139
          32,25000       16808,39100        3487,91800         -11,41700          -5,26628           0,01413
          32,30000       16808,39000        3487,91800         -11,41900          -8,01033           0,00776
          32,35000       16808,39200        3487,91800         -11,45000          25,42878           0,00776
          32,40000       16808,39000        3487,91900         -11,47000         633,39514           0,02688
          32,45000       16808,39000        3487,91800         -11,47000          85,15970          -0,00498
          32,50000       16808,39100        3487,91800         -11,51900         179,22315           0,03325
          32,55000       16808,39000        3487,91800         -11,52000         431,99471           0,03325
          32,60000       16808,38900        3487,91800         -11,51900         703,14503           0,02051
          32,65000       16808,39000        3487,91800         -11,56600         249,35593           0,04600
          32,70000       16808,39100        3487,91900         -11,56900         181,90338           0,01413
          32,75000       16808,39100        3487,91900         -11,56800         719,29025          -0,01136
          32,80000       16808,39100        3487,91900         -11,61900         554,83876           0,04600
          32,85000       16808,39100        3487,91900         -11,61900         265,82022           0,01413
          32,90000       16808,39100        3487,91800         -11,63200         314,00061           0,04600
          32,95000       16808,39100        3487,91800         -11,66900         300,40800           0,05874
          33,00000       16808,39100        3487,91800         -11,66900         319,29727          -0,01773
          33,05000       16808,39100        3487,91800         -11,66900         719,54551           0,03963
          33,10000       16808,39100        3487,91800         -11,66900         890,56995          -0,01136
          33,15000       16808,39300        3487,92100          -0,20400         -36,40804           0,03325
          33,20000       16808,39300        3487,92000          -0,18400         -36,53567          -0,01136
          33,25000       16808,39400        3487,92100          -0,18300         -36,79093          -0,00498
          33,30000       16808,39300        3487,92100          -0,18400         -36,59949          -0,01773
          33,35000       16808,39400        3487,92100          -0,18300         -36,34422           0,03963
          33,40000       16808,39400        3487,92100          -0,18300         -36,59949           0,01413
          33,45000       16808,39300        3487,92100          -0,18400         -36,02515          -0,00498
          33,50000       16808,39400        3487,92100          -0,18300         -36,98238           0,06512
          33,55000       16808,39300        3487,92100          -0,18400         -37,36527           0,03963
          33,60000       16808,39300        3487,92100          -0,18400         -36,40804           0,03963
          33,65000       16808,39400        3487,92100          -0,18300         -36,40804           0,03325
          33,70000       16808,39300        3487,92000          -0,18400         -36,85475           0,00776
          33,75000       16808,39400        3487,92000          -0,18300         -37,04619          -0,02410
          33,80000       16808,39300        3487,92100          -0,18400         -36,28041           0,05874
          33,85000       16808,39400        3487,92000          -0,18300         -36,21659           0,05874
          33,90000       16808,39300        3487,92000          -0,18300         -36,28041           0,01413
          33,95000       16808,39400        3487,92100          -0,18300         -36,53567           0,05237
          34,00000       16808,39400        3487,92100          -0,18300         -35,57844           0,01413
          34,05000       16808,39400        3487,92100          -0,18300         -36,91856           0,04600
          34,10000       16808,39300        3487,92100          -0,18400         -36,40804           0,03963
          34,15000       16808,39400        3487,92100          -0,18400         -36,40804           0,00139
          34,20000       16808,39300        3487,92000          -0,18300         -36,72712           0,01413
          34,25000       16808,39400        3487,92100          -0,18300         -36,85475           0,02688
          34,30000       16808,39300        3487,92100          -0,18300         -36,72712           0,02051
          34,35000       16808,39300        3487,92100          -0,18300         -36,08896          -0,01136
          34,40000       16808,39400        3487,92100          -0,18400         -36,53567           0,04600
          34,45000       16808,39400        3487,92000          -0,18400         -36,79093           0,03963
          34,50000       16808,39300        3487,92100          -0,18300         -36,28041           0,01413
          34,55000       16808,39300        3487,92000          -0,18300         -36,47186           0,02051
          34,60000       16808,39300        3487,92000          -0,18300         -36,28041           0,02688
          34,65000       16808,39400        3487,92100          -0,18300         -36,72712           0,02051
          34,70000       16808,39400        3487,92100          -0,18400         -36,53567          -0,01773
          34,75000       16808,39400        3487,92100          -0,18400         -37,23764           0,00776
          34,80000       16808,39400        3487,92000          -0,18400         -36,91856           0,02051
          34,85000       16808,39300        3487,92100          -0,18300         -36,34422           0,02051
          34,90000       16808,39300        3487,92100          -0,18300         -36,72712           0,02688
          34,95000       16808,39400        3487,92100          -0,18300         -36,59949           0,02051
          35,00000       16808,39400        3487,92100          -0,18300         -36,59949           0,00139
          35,05000       16808,39400        3487,92100          -0,18400         -36,53567           0,03963
          35,10000       16808,39400        3487,92100          -0,18400         -36,79093           0,00776
          35,15000       16808,39300        3487,92100          -0,18400         -36,59949           0,04600
          35,20000       16808,39400        3487,92100          -0,18300         -36,53567           0,04600
          35,25000       16808,39300        3487,92100          -0,18400         -37,17382           0,00139
          35,30000       16808,39400        3487,92000          -0,18400         -36,98238           0,00776
          35,35000       16808,39300        3487,92000          -0,18300         -36,21659           0,06512
          35,40000       16808,39300        3487,92000          -0,18300         -36,59949           0,03325
          35,45000       16808,39400        3487,92000          -0,18300         -36,72712           0,02051
          35,50000       16808,39400        3487,92100          -0,18300         -36,85475          -0,00498
          35,55000       16808,39300        3487,92000          -0,18300         -36,21659           0,07149
          35,60000       16808,39400        3487,92100          -0,18300         -36,34422           0,03325
          35,65000       16808,39300        3487,92100          -0,18400         -36,79093           0,03963
          35,70000       16808,39400        3487,92100          -0,18300         -36,66330           0,01413
          35,75000       16808,39300        3487,92000          -0,18300         -36,47186           0,00139
          35,80000       16808,39300        3487,92000          -0,18400         -36,21659           0,02051
          35,85000       16808,39400        3487,92100          -0,18300         -36,21659           0,01413
          35,90000       16808,39300        3487,92100          -0,18300         -36,79093          -0,02410
          35,95000       16808,39400        3487,92000          -0,18300         -36,85475           0,01413
          36,00000       16808,39400        3487,92000          -0,18300         -36,66330           0,02051
          36,05000       16808,39400        3487,92100          -0,18400         -36,91856           0,01413
          36,10000       16808,39400        3487,92000          -0,18300         -36,98238           0,03963
          36,15000       16808,39300        3487,92000          -0,18300         -36,28041           0,01413
          36,20000       16808,39300        3487,92100          -0,18400         -36,72712           0,00139
          36,25000       16808,39300        3487,92100          -0,18400         -35,96133           0,02051
