
// =========================================================================================================
// 2026-04-17, 12:30:23
//        Time [s]        Pos X [um]        Pos Y [um]        Pos Z [um]      Force A [uN]      Force B [uN]
// =========================================================================================================
           0,00000       16502,05400         174,45800          -4,24300         -43,68296           0,00139
           0,05000       16502,05400         174,45800          -4,24300         -44,12967           0,05237
           0,10000       16502,05200         174,45800          -4,24300         -43,87441          -0,01136
           0,15000       16502,05300         174,45800          -4,24300         -43,87441           0,02688
           0,20000       16502,05200         174,45800          -4,24300         -43,68296           0,02688
           0,25000       16502,05300         174,45700          -4,24300         -43,68296          -0,02410
           0,30000       16502,05300         174,45800          -4,24300         -43,87441           0,04600
           0,35000       16502,05300         174,45800          -4,24300         -43,93822           0,04600
           0,40000       16502,05300         174,45800          -4,24300         -44,12967           0,02688
           0,45000       16502,05300         174,45800          -4,24300         -43,55533           0,02051
           0,50000       16502,05300         174,45800          -4,24300         -43,81059           0,00139
           0,55000       16502,05300         174,45800          -4,24300         -44,06585           0,00776
           0,60000       16502,05300         174,45800          -4,24300         -44,06585           0,00776
           0,65000       16502,05300         174,45800          -4,24300         -43,49151           0,03325
           0,70000       16502,05300         174,45700          -4,24400         -43,61915           0,05874
           0,75000       16502,05400         174,45800          -4,24300         -44,51256          -0,00498
           0,80000       16502,05400         174,45800          -4,24300         -44,00204           0,03325
           0,85000       16502,05400         174,45900          -4,24300         -43,87441          -0,03685
           0,90000       16502,05300         174,45800          -4,24300         -43,49151           0,05874
           0,95000       16502,05400         174,45800          -4,24300         -44,12967          -0,01136
           1,00000       16502,05300         174,45800          -4,24300         -43,81059           0,02051
           1,05000       16502,05400         174,45700          -4,24300         -43,61915           0,02688
           1,10000       16502,05300         174,45800          -4,24300         -43,74678           0,03325
           1,15000       16502,05300         174,45800          -4,24300         -43,49151           0,02051
           1,20000       16502,05300         174,45800          -4,24300         -44,06585           0,00139
           1,25000       16502,05300         174,45800          -4,24300         -43,81059           0,01413
           1,30000       16502,05300         174,45800          -4,24300         -43,74678           0,01413
           1,35000       16502,05300         174,45800          -4,24300         -44,12967           0,05237
           1,40000       16502,05300         174,45900          -4,24300         -43,55533           0,05237
           1,45000       16502,05300         174,45800          -4,24300         -44,19348           0,06512
           1,50000       16502,05300         174,45800          -4,24300         -44,32111           0,00139
           1,55000       16502,05300         174,45800          -4,24300         -43,49151           0,03325
           1,60000       16502,05300         174,45800          -4,24300         -43,61915           0,04600
           1,65000       16502,05300         174,45700          -4,24300         -44,38493          -0,02410
           1,70000       16502,05300         174,45700          -4,24300         -44,44874           0,02688
           1,75000       16502,05400         174,45800          -4,24300         -43,81059           0,00776
           1,80000       16502,05400         174,45800          -4,24400         -43,49151           0,00776
           1,85000       16502,05400         174,45800          -4,24300         -43,61915          -0,00498
           1,90000       16502,05300         174,45700          -4,24300         -44,19348           0,03325
           1,95000       16502,05400         174,45900          -4,10700         -44,25730          -0,00498
           2,00000       16502,05300         174,45900          -4,11100         -43,30007           0,05874
           2,05000       16502,05300         174,46000          -4,11100         -44,00204           0,03325
           2,10000       16502,05300         174,45900          -4,11000         -44,57637           0,01413
           2,15000       16502,05300         174,45900          -4,11000         -44,64019           0,05874
           2,20000       16502,05300         174,45900          -4,11100         -43,87441           0,02051
           2,25000       16502,05400         174,45900          -4,10800         -43,36388           0,00776
           2,30000       16502,05300         174,45900          -4,11000         -44,83163           0,06512
           2,35000       16502,05300         174,45900          -4,11000         -43,68296           0,05874
           2,40000       16502,05300         174,45900          -4,10600         -43,49151           0,03325
           2,45000       16502,05300         174,46000          -4,10800         -43,93822          -0,00498
           2,50000       16502,05300         174,45900          -4,10500         -44,89545           0,03963
           2,55000       16502,05300         174,45900          -4,10500         -44,00204           0,00139
           2,60000       16502,05300         174,46000          -4,10600         -43,68296           0,02051
           2,65000       16502,05300         174,46000          -4,10400         -43,81059           0,00139
           2,70000       16502,05300         174,45900          -4,10400         -43,93822           0,02688
           2,75000       16502,05400         174,45900          -4,10500         -43,68296          -0,00498
           2,80000       16502,05300         174,46000          -4,10000         -43,81059           0,03325
           2,85000       16502,05300         174,46000          -4,10300         -43,81059          -0,01136
           2,90000       16502,05400         174,45900          -4,09800         -43,04481           0,00776
           2,95000       16502,05300         174,46000          -4,10100         -43,81059           0,00776
           3,00000       16502,05300         174,46000          -4,10200         -43,87441           0,02051
           3,05000       16502,05300         174,45900          -4,10200         -44,32111           0,03963
           3,10000       16502,05300         174,46000          -4,10200         -43,68296           0,03325
           3,15000       16502,05400         174,46000          -4,10200         -43,68296           0,03325
           3,20000       16502,05400         174,45900          -4,11100         -44,12967           0,05874
           3,25000       16502,05400         174,46000          -4,11200         -43,74678           0,00139
           3,30000       16502,05400         174,46000          -4,11200         -43,49151           0,01413
           3,35000       16502,05400         174,46000          -4,14400         -43,17244           0,01413
           3,40000       16502,05300         174,45900          -4,14400         -43,36388           0,00139
           3,45000       16502,05300         174,46000          -4,14000         -43,36388           0,04600
           3,50000       16502,05400         174,45900          -4,18500         -43,74678           0,00139
           3,55000       16502,05300         174,46000          -4,18600         -44,44874          -0,00498
           3,60000       16502,05300         174,46000          -4,23100         -43,87441           0,05237
           3,65000       16502,05400         174,46000          -4,23100         -43,36388           0,05237
           3,70000       16502,05400         174,46000          -4,27600         -43,61915           0,03963
           3,75000       16502,05400         174,46000          -4,27700         -43,87441           0,03325
           3,80000       16502,05300         174,46000          -4,27800         -44,06585          -0,02410
           3,85000       16502,05400         174,45900          -4,27800         -43,87441           0,03963
           3,90000       16502,05300         174,46000          -4,32600         -43,87441           0,01413
           3,95000       16502,05400         174,46000          -4,32800         -43,74678          -0,03047
           4,00000       16502,05400         174,45900          -4,32800         -44,19348           0,01413
           4,05000       16502,05300         174,46000          -4,37900         -43,87441           0,01413
           4,10000       16502,05300         174,46000          -4,37900         -43,55533           0,02051
           4,15000       16502,05500         174,45900          -4,40500         -43,55533          -0,01773
           4,20000       16502,05400         174,46000          -4,43000         -43,55533           0,01413
           4,25000       16502,05400         174,46000          -4,43100         -44,19348           0,00776
           4,30000       16502,05400         174,46000          -4,48200         -43,68296           0,00776
           4,35000       16502,05400         174,46100          -4,48200         -43,55533           0,00139
           4,40000       16502,05400         174,46000          -4,48200         -43,68296           0,03325
           4,45000       16502,05400         174,46000          -4,53200         -43,93822           0,01413
           4,50000       16502,05400         174,46000          -4,53300         -43,68296          -0,01136
           4,55000       16502,05400         174,46000          -4,58300         -43,81059           0,03325
           4,60000       16502,05300         174,46000          -4,58300         -43,93822           0,03325
           4,65000       16502,05400         174,46000          -4,58600         -43,81059           0,02688
           4,70000       16502,05400         174,46000          -4,63400         -44,12967          -0,03047
           4,75000       16502,05400         174,46000          -4,63500         -44,00204           0,02051
           4,80000       16502,05400         174,46000          -4,65800         -43,61915           0,02688
           4,85000       16502,05400         174,46000          -4,68700         -43,17244           0,04600
           4,90000       16502,05300         174,46000          -4,68800         -43,61915           0,02051
           4,95000       16502,05300         174,46000          -4,68800         -44,12967           0,00776
           5,00000       16502,05400         174,46000          -4,73600         -44,44874           0,02688
           5,05000       16502,05300         174,46000          -4,73600         -44,12967           0,03963
           5,10000       16502,05400         174,46000          -4,73700         -43,87441           0,03963
           5,15000       16502,05400         174,46000          -4,78700         -44,51256           0,02051
           5,20000       16502,05400         174,46000          -4,78900         -44,70400           0,04600
           5,25000       16502,05400         174,46000          -4,83900         -44,25730           0,02688
           5,30000       16502,05400         174,46000          -4,83900         -43,68296           0,04600
           5,35000       16502,05400         174,46000          -4,83900         -44,00204           0,02688
           5,40000       16502,05400         174,46000          -4,89000         -43,30007           0,02051
           5,45000       16502,05400         174,46000          -4,89200         -44,32111           0,06512
           5,50000       16502,05400         174,46000          -4,89000         -43,68296           0,02688
           5,55000       16502,05400         174,46000          -4,94000         -43,49151           0,00139
           5,60000       16502,05400         174,46000          -4,94000         -43,55533          -0,01773
           5,65000       16502,05300         174,46000          -4,95300         -43,74678           0,03325
           5,70000       16502,05400         174,46000          -4,99200         -43,55533          -0,01136
           5,75000       16502,05300         174,46000          -4,99200         -44,06585           0,02051
           5,80000       16502,05300         174,46000          -5,04100         -43,74678           0,01413
           5,85000       16502,05400         174,46000          -5,04100         -43,61915           0,02051
           5,90000       16502,05400         174,46000          -5,05200         -43,87441           0,03325
           5,95000       16502,05300         174,46000          -5,09300         -44,25730          -0,00498
           6,00000       16502,05300         174,46000          -5,09300         -43,36388          -0,00498
           6,05000       16502,05400         174,46100          -5,14300         -43,87441          -0,03685
           6,10000       16502,05400         174,46000          -5,14300         -44,00204           0,00776
           6,15000       16502,05300         174,46000          -5,14400         -43,81059           0,03963
           6,20000       16502,05400         174,46000          -5,19400         -43,74678          -0,00498
           6,25000       16502,05400         174,46100          -5,19400         -43,49151           0,00139
           6,30000       16502,05400         174,46000          -5,23400         -43,87441           0,04600
           6,35000       16502,05500         174,46000          -5,24500         -43,74678           0,03963
           6,40000       16502,05400         174,46000          -5,24400         -44,00204           0,04600
           6,45000       16502,05300         174,45900          -5,29500         -43,49151           0,01413
           6,50000       16502,05400         174,46000          -5,29300         -43,49151           0,02688
           6,55000       16502,05400         174,46000          -5,29400         -43,81059           0,03325
           6,60000       16502,05400         174,46000          -5,34500         -43,17244           0,03325
           6,65000       16502,05400         174,46000          -5,34600         -43,68296           0,02688
           6,70000       16502,05400         174,46000          -5,34500         -43,74678           0,02051
           6,75000       16502,05400         174,46100          -5,39500         -43,74678           0,02688
           6,80000       16502,05400         174,46100          -5,39500         -43,87441           0,02688
           6,85000       16502,05400         174,46000          -5,44500         -43,68296           0,02051
           6,90000       16502,05400         174,46000          -5,44500         -43,87441           0,06512
           6,95000       16502,05300         174,46000          -5,44600         -43,87441           0,00776
           7,00000       16502,05400         174,46100          -5,49800         -43,81059           0,00139
           7,05000       16502,05300         174,46100          -5,49800         -43,42770           0,00776
           7,10000       16502,05400         174,46100          -5,54500         -43,04481           0,00776
           7,15000       16502,05400         174,46100          -5,54700         -43,87441           0,04600
           7,20000       16502,05400         174,46100          -5,54700         -44,44874           0,00776
           7,25000       16502,05500         174,46100          -5,54800         -43,87441           0,02688
           7,30000       16502,05400         174,46100          -5,59800         -43,87441           0,03325
           7,35000       16502,05400         174,46000          -5,59800         -43,81059          -0,00498
           7,40000       16502,05400         174,46000          -5,63700         -43,87441           0,03325
           7,45000       16502,05400         174,46000          -5,64700         -43,93822          -0,00498
           7,50000       16502,05300         174,46000          -5,64700         -43,74678          -0,01136
           7,55000       16502,05500         174,46000          -5,68300         -43,68296           0,03325
           7,60000       16502,05400         174,46100          -5,69800         -43,55533           0,00139
           7,65000       16502,05400         174,46000          -5,69800         -43,74678           0,00776
           7,70000       16502,05400         174,46000          -5,74700         -44,19348           0,00139
           7,75000       16502,05400         174,46000          -5,74800         -43,49151          -0,01136
           7,80000       16502,05400         174,46000          -5,74800         -43,55533           0,02688
           7,85000       16502,05500         174,46000          -5,79500         -43,93822           0,02051
           7,90000       16502,05400         174,46000          -5,79800         -44,00204           0,03325
           7,95000       16502,05400         174,46100          -5,79800         -44,06585           0,05237
           8,00000       16502,05400         174,46000          -5,84800         -43,87441           0,02051
           8,05000       16502,05400         174,46000          -5,84900         -43,74678           0,02051
           8,10000       16502,05500         174,46000          -5,84900         -44,44874           0,00776
           8,15000       16502,05400         174,46100          -5,89800         -44,19348           0,03963
           8,20000       16502,05400         174,46000          -5,89800         -43,87441          -0,01136
           8,25000       16502,05400         174,46100          -5,94700         -43,68296           0,01413
           8,30000       16502,05400         174,46100          -5,94800         -43,93822           0,03963
           8,35000       16502,05400         174,46100          -5,94700         -43,87441           0,03963
           8,40000       16502,05400         174,46000          -5,99800         -44,00204           0,02688
           8,45000       16502,05400         174,46000          -5,99900         -43,68296          -0,01773
           8,50000       16502,05400         174,46000          -6,04800         -43,81059          -0,01773
           8,55000       16502,05500         174,46000          -6,04700         -43,42770           0,02688
           8,60000       16502,05400         174,46100          -6,04900         -43,74678           0,02051
           8,65000       16502,05400         174,46100          -6,06300         -43,74678           0,04600
           8,70000       16502,05400         174,46000          -6,10000         -43,61915           0,05237
           8,75000       16502,05400         174,46100          -6,10000         -44,00204           0,00139
           8,80000       16502,05300         174,46000          -6,14900         -44,25730           0,00776
           8,85000       16502,05400         174,46000          -6,14900         -43,68296           0,00776
           8,90000       16502,05400         174,46000          -6,14900         -43,55533           0,03325
           8,95000       16502,05400         174,46100          -6,20000         -43,49151           0,00776
           9,00000       16502,05400         174,46100          -6,20100         -44,38493          -0,02410
           9,05000       16502,05400         174,46000          -6,24900         -43,87441           0,05874
           9,10000       16502,05400         174,46000          -6,25000         -43,93822           0,05237
           9,15000       16502,05500         174,46100          -6,24900         -43,36388           0,03325
           9,20000       16502,05500         174,46100          -6,25100         -43,23625           0,02051
           9,25000       16502,05400         174,46100          -6,30000         -43,68296           0,03963
           9,30000       16502,05400         174,46000          -6,30100         -43,87441           0,03963
           9,35000       16502,05400         174,46000          -6,30100         -43,23625           0,02688
           9,40000       16502,05400         174,46100          -6,35000         -43,61915           0,01413
           9,45000       16502,05300         174,46000          -6,35000         -43,93822           0,02688
           9,50000       16502,05400         174,46100          -6,36600         -43,17244           0,00776
           9,55000       16502,05400         174,46100          -6,39900         -43,30007           0,02051
           9,60000       16502,05500         174,46000          -6,40000         -43,55533           0,03963
           9,65000       16502,05400         174,46000          -6,45100         -43,87441          -0,00498
           9,70000       16502,05400         174,46000          -6,45200         -43,61915          -0,02410
           9,75000       16502,05400         174,46000          -6,45100         -43,55533           0,04600
           9,80000       16502,05400         174,46100          -6,49900         -43,61915           0,05237
           9,85000       16502,05400         174,46000          -6,50000         -43,61915           0,04600
           9,90000       16502,05400         174,46000          -6,50000         -43,42770           0,02688
           9,95000       16502,05500         174,46000          -6,54900         -43,55533           0,00139
          10,00000       16502,05500         174,46000          -6,55000         -43,74678           0,03963
          10,05000       16502,05500         174,46100          -6,55000         -43,87441           0,03325
          10,10000       16502,05500         174,46100          -6,59700         -43,42770           0,03325
          10,15000       16502,05500         174,46100          -6,59800         -43,87441          -0,00498
          10,20000       16502,05500         174,46000          -6,60300         -43,55533           0,05874
          10,25000       16502,05500         174,46100          -6,64900         -43,81059           0,01413
          10,30000       16502,05500         174,46100          -6,64900         -43,87441           0,02051
          10,35000       16502,05500         174,46000          -6,65000         -42,98099           0,03325
          10,40000       16502,05500         174,46100          -6,70000         -43,74678           0,02051
          10,45000       16502,05400         174,46100          -6,70000         -43,49151           0,00776
          10,50000       16502,05400         174,46100          -6,74700         -43,23625           0,03963
          10,55000       16502,05400         174,46100          -6,75000         -43,42770           0,00139
          10,60000       16502,05400         174,46100          -6,75000         -43,61915           0,00776
          10,65000       16502,05400         174,46100          -6,80000         -43,68296           0,08424
          10,70000       16502,05500         174,46100          -6,80100         -43,49151           0,02688
          10,75000       16502,05400         174,46100          -6,82900         -43,55533           0,01413
          10,80000       16502,05500         174,46100          -6,85000         -44,44874           0,00776
          10,85000       16502,05400         174,46100          -6,85000         -43,81059           0,02688
          10,90000       16502,05500         174,46000          -6,90000         -43,30007           0,02688
          10,95000       16502,05400         174,46200          -6,90000         -42,98099           0,00139
          11,00000       16502,05400         174,46100          -6,90100         -43,61915           0,04600
          11,05000       16502,05400         174,46000          -6,95000         -43,30007           0,04600
          11,10000       16502,05400         174,46000          -6,95100         -43,55533          -0,01773
          11,15000       16502,05400         174,46100          -7,00100         -43,61915           0,00139
          11,20000       16502,05400         174,46000          -7,00100         -43,68296           0,03963
          11,25000       16502,05400         174,46100          -7,00300         -43,42770           0,00139
          11,30000       16502,05500         174,46100          -7,05100         -43,68296           0,03963
          11,35000       16502,05500         174,46100          -7,05200         -43,55533           0,03325
          11,40000       16502,05500         174,46100          -7,05200         -43,55533           0,00139
          11,45000       16502,05500         174,46100          -7,10100         -42,98099           0,00776
          11,50000       16502,05400         174,46100          -7,10100         -43,61915           0,05237
          11,55000       16502,05500         174,46100          -7,10200         -43,68296           0,02688
          11,60000       16502,05400         174,46100          -7,14900         -43,55533          -0,00498
          11,65000       16502,05500         174,46100          -7,15000         -43,87441           0,04600
          11,70000       16502,05400         174,46100          -7,20000         -43,36388           0,04600
          11,75000       16502,05400         174,46100          -7,20000         -44,00204          -0,00498
          11,80000       16502,05400         174,46000          -7,20100         -43,17244           0,03963
          11,85000       16502,05400         174,46000          -7,20300         -43,49151           0,03963
          11,90000       16502,05400         174,46100          -7,24900         -43,36388          -0,01136
          11,95000       16502,05400         174,46100          -7,28400         -43,61915           0,00776
          12,00000       16502,05500         174,46100          -7,29900         -44,19348           0,03325
          12,05000       16502,05500         174,46100          -7,29900         -43,93822          -0,00498
          12,10000       16502,05500         174,46000          -7,34900         -43,68296           0,04600
          12,15000       16502,05500         174,46100          -7,35100         -44,19348           0,02051
          12,20000       16502,05500         174,46100          -7,35100         -43,36388           0,03325
          12,25000       16502,05500         174,46100          -7,39900         -43,42770           0,00776
          12,30000       16502,05500         174,46100          -7,40100         -43,74678          -0,01773
          12,35000       16502,05500         174,46100          -7,40200         -43,68296           0,03963
          12,40000       16502,05500         174,46100          -7,44900         -43,61915           0,00139
          12,45000       16502,05500         174,46200          -7,45000         -42,91718           0,03325
          12,50000       16502,05500         174,46100          -7,45000         -43,30007           0,00776
          12,55000       16502,05400         174,46100          -7,50100         -43,30007           0,01413
          12,60000       16502,05400         174,46100          -7,50100         -43,30007           0,00139
          12,65000       16502,05400         174,46100          -7,54800         -43,49151           0,03963
          12,70000       16502,05400         174,46100          -7,55000         -43,87441          -0,00498
          12,75000       16502,05400         174,46100          -7,55000         -43,30007           0,01413
          12,80000       16502,05400         174,46100          -7,59900         -43,55533           0,02688
          12,85000       16502,05400         174,46100          -7,59900         -43,42770           0,05874
          12,90000       16502,05400         174,46100          -7,59900         -43,10862          -0,01136
          12,95000       16502,05300         174,46100          -7,60000         -43,04481           0,00776
          13,00000       16502,05400         174,46100          -7,64900         -42,91718           0,03325
          13,05000       16502,05500         174,46100          -7,65000         -43,49151           0,03325
          13,10000       16502,05500         174,46100          -7,70000         -43,68296           0,03325
          13,15000       16502,05500         174,46100          -7,70100         -43,49151          -0,01136
          13,20000       16502,05500         174,46100          -7,70100         -43,10862           0,02051
          13,25000       16502,05400         174,46100          -7,75100         -43,74678           0,03325
          13,30000       16502,05400         174,46100          -7,75100         -43,42770           0,00776
          13,35000       16502,05400         174,46100          -7,80100         -43,36388           0,00139
          13,40000       16502,05500         174,46100          -7,80200         -43,36388           0,03325
          13,45000       16502,05400         174,46100          -7,80200         -43,36388           0,05237
          13,50000       16502,05400         174,46100          -7,85100         -43,49151           0,02051
          13,55000       16502,05400         174,46100          -7,85200         -43,42770           0,00776
          13,60000       16502,05500         174,46100          -7,89800         -43,49151           0,02051
          13,65000       16502,05400         174,46000          -7,90100         -43,49151          -0,00498
          13,70000       16502,05500         174,46100          -7,90100         -43,49151           0,01413
          13,75000       16502,05500         174,46100          -7,94900         -43,23625           0,00776
          13,80000       16502,05500         174,46200          -7,95000         -42,78955           0,00776
          13,85000       16502,05500         174,46200          -7,98900         -43,49151           0,03325
          13,90000       16502,05400         174,46100          -8,00100         -43,23625           0,03963
          13,95000       16502,05400         174,46100          -8,00100         -43,49151           0,01413
          14,00000       16502,05400         174,46100          -8,00100         -43,81059           0,02051
          14,05000       16502,05500         174,46100          -8,05000         -43,30007           0,02688
          14,10000       16502,05400         174,46100          -8,05100         -43,30007           0,00139
          14,15000       16502,05500         174,46100          -8,05100         -43,23625           0,00139
          14,20000       16502,05500         174,46100          -8,10100         -43,61915           0,03325
          14,25000       16502,05400         174,46100          -8,10300         -42,78955           0,02688
          14,30000       16502,05500         174,46100          -8,15200         -43,30007           0,03325
          14,35000       16502,05400         174,46100          -8,15200         -43,49151           0,02051
          14,40000       16502,05500         174,46100          -8,15100         -43,74678          -0,01136
          14,45000       16502,05500         174,46100          -8,16900         -43,36388           0,02688
          14,50000       16502,05400         174,46200          -8,20000         -43,68296           0,03963
          14,55000       16502,05500         174,46100          -8,20100         -43,55533           0,03963
          14,60000       16502,05400         174,46200          -8,24900         -43,81059           0,05874
          14,65000       16502,05400         174,46200          -8,25000         -43,49151           0,03963
          14,70000       16502,05300         174,46200          -8,27300         -43,30007          -0,00498
          14,75000       16502,05500         174,46100          -8,29900         -43,36388           0,00776
          14,80000       16502,05500         174,46100          -8,30000         -43,17244           0,02051
          14,85000       16502,05400         174,46100          -8,34900         -43,42770           0,06512
          14,90000       16502,05400         174,46200          -8,35000         -43,61915           0,01413
          14,95000       16502,05500         174,46200          -8,35000         -43,23625           0,06512
          15,00000       16502,05400         174,46200          -8,40100         -43,81059           0,05874
          15,05000       16502,05400         174,46200          -8,40100         -43,23625           0,00139
          15,10000       16502,05400         174,46100          -8,40000         -43,30007           0,03963
          15,15000       16502,05400         174,46200          -8,44900         -43,36388           0,01413
          15,20000       16502,05400         174,46200          -8,45000         -43,61915           0,00776
          15,25000       16502,05400         174,46200          -8,48100         -42,98099           0,00776
          15,30000       16502,05400         174,46100          -8,50000         -42,78955           0,05237
          15,35000       16502,05500         174,46100          -8,50000         -43,61915           0,04600
          15,40000       16502,05400         174,46200          -8,51000         -43,17244           0,01413
          15,45000       16502,05400         174,46200          -8,55000         -42,91718           0,01413
          15,50000       16502,05500         174,46100          -8,55000         -43,30007           0,03963
          15,55000       16502,05300         174,46100          -8,56500         -43,30007           0,03325
          15,60000       16502,05400         174,46200          -8,60000         -43,30007           0,06512
          15,65000       16502,05400         174,46200          -8,61100         -43,42770           0,00776
          15,70000       16502,05400         174,46100          -8,64900         -43,49151           0,02051
          15,75000       16502,05400         174,46200          -8,65000         -43,49151           0,05874
          15,80000       16502,05500         174,46200          -8,65000         -43,42770           0,03325
          15,85000       16502,05400         174,46200          -8,70000         -43,30007           0,00776
          15,90000       16502,05400         174,46100          -8,70100         -43,49151           0,02688
          15,95000       16502,05400         174,46200          -8,75100         -43,68296           0,05237
          16,00000       16502,05400         174,46200          -8,75100         -43,30007           0,02688
          16,05000       16502,05400         174,46200          -8,75000         -42,66192          -0,01773
          16,10000       16502,05500         174,46100          -8,75100         -43,55533           0,03325
          16,15000       16502,05500         174,46200          -8,79900         -43,30007           0,00776
          16,20000       16502,05400         174,46200          -8,80000         -43,49151          -0,01773
          16,25000       16502,05400         174,46100          -8,84800         -43,30007           0,03325
          16,30000       16502,05400         174,46100          -8,84800         -42,91718           0,03325
          16,35000       16502,05500         174,46200          -8,84900         -42,98099           0,02688
          16,40000       16502,05400         174,46100          -8,89900         -43,30007           0,02688
          16,45000       16502,05500         174,46200          -8,89900         -43,74678           0,03325
          16,50000       16502,05400         174,46200          -8,90000         -43,55533           0,00139
          16,55000       16502,05500         174,46200          -8,94900         -43,10862           0,02051
          16,60000       16502,05400         174,46200          -8,94900         -43,49151           0,02688
          16,65000       16502,05400         174,46100          -8,99800         -44,06585           0,02051
          16,70000       16502,05400         174,46200          -8,99900         -43,17244           0,01413
          16,75000       16502,05400         174,46200          -8,99900         -43,49151           0,03325
          16,80000       16502,05400         174,46200          -9,04800         -42,91718           0,01413
          16,85000       16502,05500         174,46200          -9,04900         -43,10862           0,02051
          16,90000       16502,05400         174,46200          -9,04900         -43,55533          -0,00498
          16,95000       16502,05400         174,46200          -9,10100         -43,93822           0,03325
          17,00000       16502,05400         174,46200          -9,09900         -43,68296          -0,01773
          17,05000       16502,05300         174,46000          -9,14500         -42,34284           0,01413
          17,10000       16502,05500         174,46200          -9,15000         -43,30007           0,02688
          17,15000       16502,05400         174,46200          -9,15000         -43,30007           0,02051
          17,20000       16502,05500         174,46200          -9,15000         -43,49151           0,00776
          17,25000       16502,05500         174,46200          -9,20000         -43,30007           0,01413
          17,30000       16502,05400         174,46200          -9,20100         -42,91718           0,02688
          17,35000       16502,05500         174,46100          -9,22800         -43,17244           0,03963
          17,40000       16502,05500         174,46100          -9,25100         -43,55533           0,05237
          17,45000       16502,05500         174,46100          -9,25100         -43,36388           0,01413
          17,50000       16502,05500         174,46100          -9,30000         -43,04481           0,03325
          17,55000       16502,05500         174,46100          -9,30100         -42,98099           0,02051
          17,60000       16502,05500         174,46200          -9,30100         -43,42770           0,03325
          17,65000       16502,05600         174,46100          -9,32600         -43,17244           0,02051
          17,70000       16502,05500         174,46200          -9,35000         -43,10862           0,06512
          17,75000       16502,05400         174,46100          -9,35100         -43,49151           0,02051
          17,80000       16502,05500         174,46200          -9,40000         -43,55533           0,05874
          17,85000       16502,05500         174,46300          -9,40100         -43,30007           0,00139
          17,90000       16502,05500         174,46300          -9,45000         -43,04481           0,06512
          17,95000       16502,05500         174,46200          -9,45000         -42,78955           0,04600
          18,00000       16502,05400         174,46300          -9,45100         -43,49151           0,04600
          18,05000       16502,05400         174,46200          -9,50100         -43,17244           0,00139
          18,10000       16502,05400         174,46200          -9,50100         -43,23625           0,04600
          18,15000       16502,05500         174,46200          -9,50200         -43,23625           0,02688
          18,20000       16502,05500         174,46200          -9,55100         -42,98099           0,03325
          18,25000       16502,05400         174,46200          -9,55100         -42,98099          -0,00498
          18,30000       16502,05500         174,46200          -9,55100         -43,36388           0,02051
          18,35000       16502,05400         174,46200          -9,60000         -42,98099           0,02688
          18,40000       16502,05400         174,46200          -9,60100         -43,30007           0,02688
          18,45000       16502,05400         174,46200          -9,65200         -42,98099           0,02688
          18,50000       16502,05500         174,46200          -9,65300         -42,98099           0,01413
          18,55000       16502,05500         174,46100          -9,65300         -43,49151          -0,00498
          18,60000       16502,05400         174,46100          -9,70100         -43,04481           0,03325
          18,65000       16502,05400         174,46200          -9,70200         -43,10862           0,01413
          18,70000       16502,05400         174,46200          -9,75000         -43,61915           0,03963
          18,75000       16502,05400         174,46200          -9,75100         -42,91718           0,01413
          18,80000       16502,05400         174,46100          -9,75100         -43,68296          -0,00498
          18,85000       16502,05400         174,46100          -9,80300         -43,17244           0,07149
          18,90000       16502,05400         174,46200          -9,80200         -43,61915           0,03325
          18,95000       16502,05400         174,46100          -9,85300         -43,23625           0,02051
          19,00000       16502,05500         174,46200          -9,85100         -43,30007           0,03325
          19,05000       16502,05400         174,46200          -9,85200         -43,23625           0,06512
          19,10000       16502,05400         174,46100          -9,88100         -42,78955           0,03325
          19,15000       16502,05400         174,46200          -9,90100         -43,74678           0,01413
          19,20000       16502,05400         174,46200          -9,95100         -43,04481          -0,00498
          19,25000       16502,05500         174,46100          -9,95100         -43,04481           0,01413
          19,30000       16502,05500         174,46200          -9,95200         -43,30007           0,03325
          19,35000       16502,05500         174,46100          -9,97600         -43,61915           0,01413
          19,40000       16502,05500         174,46100         -10,00000         -43,55533           0,04600
          19,45000       16502,05500         174,46200         -10,00100         -43,23625           0,00776
          19,50000       16502,05500         174,46200         -10,00100         -42,91718           0,02688
          19,55000       16502,05500         174,46200         -10,05200         -42,98099           0,04600
          19,60000       16502,05500         174,46200         -10,05300         -42,47047           0,02051
          19,65000       16502,05400         174,46200         -10,10100         -43,17244           0,03325
          19,70000       16502,05500         174,46200         -10,10100         -43,23625           0,03325
          19,75000       16502,05500         174,46100         -10,10100         -43,49151           0,03325
          19,80000       16502,05400         174,46200         -10,15200         -43,04481           0,02051
          19,85000       16502,05500         174,46200         -10,15300         -43,74678           0,00776
          19,90000       16502,05600         174,46200         -10,15300         -42,59810           0,03963
          19,95000       16502,05500         174,46200         -10,20200         -43,74678           0,02051
          20,00000       16502,05400         174,46100         -10,20200         -43,23625           0,01413
          20,05000       16502,05400         174,46200         -10,24800         -43,17244           0,03325
          20,10000       16502,05400         174,46200         -10,25200         -43,17244           0,02688
          20,15000       16502,05400         174,46200         -10,25200         -42,91718           0,00139
          20,20000       16502,05500         174,46200         -10,30100         -43,04481           0,02051
          20,25000       16502,05500         174,46200         -10,30200         -43,17244          -0,01136
          20,30000       16502,05500         174,46200         -10,30300         -43,10862           0,00139
          20,35000       16502,05500         174,46200         -10,35100         -43,10862           0,00776
          20,40000       16502,05500         174,46200         -10,35300         -42,66192           0,00776
          20,45000       16502,05400         174,46200         -10,35200         -42,98099          -0,00498
          20,50000       16502,05500         174,46200         -10,40300         -43,61915           0,02688
          20,55000       16502,05400         174,46200         -10,40200         -43,04481          -0,01136
          20,60000       16502,05500         174,46100         -10,40300         -42,59810           0,00776
          20,65000       16502,05400         174,46200         -10,40300         -43,42770           0,03325
          20,70000       16502,05400         174,46200         -10,45200         -42,98099           0,04600
          20,75000       16502,05500         174,46200         -10,45200         -42,85336           0,03963
          20,80000       16502,05400         174,46200         -10,45300         -42,08758           0,02688
          20,85000       16502,05500         174,46200         -10,50200         -43,10862           0,03325
          20,90000       16502,05500         174,46200         -10,50100         -43,74678           0,02688
          20,95000       16502,05500         174,46200         -10,55000         -42,98099           0,01413
          21,00000       16502,05500         174,46200         -10,55200         -42,59810          -0,01136
          21,05000       16502,05500         174,46200         -10,55100         -42,72573           0,00139
          21,10000       16502,05500         174,46200         -10,60100         -42,91718           0,03963
          21,15000       16502,05500         174,46200         -10,60200         -43,36388          -0,01136
          21,20000       16502,05500         174,46200         -10,60200         -43,36388           0,01413
          21,25000       16502,05500         174,46200         -10,65200         -43,23625           0,00776
          21,30000       16502,05500         174,46100         -10,65200         -43,36388           0,02051
          21,35000       16502,05500         174,46200         -10,66900         -42,21521           0,00139
          21,40000       16502,05500         174,46200         -10,70200         -42,98099           0,00776
          21,45000       16502,05500         174,46200         -10,70200         -43,10862           0,05237
          21,50000       16502,05500         174,46200         -10,75200         -43,17244           0,00139
          21,55000       16502,05500         174,46200         -10,75200         -42,98099           0,03963
          21,60000       16502,05500         174,46200         -10,75300         -42,98099           0,02051
          21,65000       16502,05400         174,46200         -10,80200         -43,30007           0,03963
          21,70000       16502,05500         174,46200         -10,80300         -42,59810          -0,04322
          21,75000       16502,05500         174,46300         -10,85300         -42,85336           0,01413
          21,80000       16502,05600         174,46200         -10,85300         -42,78955           0,04600
          21,85000       16502,05500         174,46200         -10,85400         -43,10862           0,00776
          21,90000       16502,05400         174,46200         -10,90100         -42,98099          -0,00498
          21,95000       16502,05400         174,46200         -10,90200         -42,59810           0,05874
          22,00000       16502,05500         174,46200         -10,90200         -43,10862           0,00139
          22,05000       16502,05300         174,46200         -10,92200         -42,47047           0,02688
          22,10000       16502,05500         174,46200         -10,95200         -43,23625           0,00776
          22,15000       16502,05500         174,46200         -10,95300         -42,72573           0,04600
          22,20000       16502,05500         174,46200         -11,00200         -43,36388           0,03963
          22,25000       16502,05400         174,46200         -11,00300         -42,66192          -0,00498
          22,30000       16502,05400         174,46200         -11,00300         -43,23625           0,05237
          22,35000       16502,05400         174,46200         -11,05200         -42,78955           0,02051
          22,40000       16502,05400         174,46200         -11,05200         -42,98099           0,02688
          22,45000       16502,05500         174,46200         -11,05200         -42,85336          -0,00498
          22,50000       16502,05500         174,46200         -11,10300         -42,72573           0,01413
          22,55000       16502,05500         174,46200         -11,10300         -42,72573           0,04600
          22,60000       16502,05400         174,46300         -11,10400         -42,98099           0,01413
          22,65000       16502,05500         174,46200         -11,15300         -42,78955          -0,01136
          22,70000       16502,05400         174,46200         -11,15400         -42,85336           0,01413
          22,75000       16502,05500         174,46200         -11,20200         -42,27903           0,01413
          22,80000       16502,05500         174,46200         -11,20200         -42,85336           0,00139
          22,85000       16502,05500         174,46200         -11,20200         -43,93822           0,02051
          22,90000       16502,05400         174,46300         -11,25100         -42,66192           0,02688
          22,95000       16502,05500         174,46300         -11,25300         -42,91718           0,00776
          23,00000       16502,05500         174,46300         -11,25300         -43,23625           0,02051
          23,05000       16502,05400         174,46200         -11,30400         -43,10862           0,03325
          23,10000       16502,05400         174,46200         -11,30400         -42,98099           0,02051
          23,15000       16502,05400         174,46200         -11,32400         -42,91718           0,07149
          23,20000       16502,05400         174,46200         -11,35300         -42,47047           0,02688
          23,25000       16502,05400         174,46200         -11,35300         -42,53429          -0,00498
          23,30000       16502,05500         174,46200         -11,40100         -42,59810           0,00776
          23,35000       16502,05400         174,46200         -11,40100         -43,17244           0,00139
          23,40000       16502,05400         174,46200         -11,40200         -42,21521           0,01413
          23,45000       16502,05400         174,46200         -11,45100         -42,66192           0,05237
          23,50000       16502,05400         174,46200         -11,45300         -42,91718           0,06512
          23,55000       16502,05400         174,46200         -11,46800         -42,21521           0,00776
          23,60000       16502,05400         174,46200         -11,50100         -43,04481           0,00776
          23,65000       16502,05400         174,46200         -11,50100         -43,36388           0,04600
          23,70000       16502,05400         174,46100         -11,50200         -43,30007           0,02051
          23,75000       16502,05400         174,46200         -11,55200         -42,34284           0,03325
          23,80000       16502,05400         174,46200         -11,55200         -42,72573           0,03325
          23,85000       16502,05400         174,46300         -11,60200         -42,59810           0,02051
          23,90000       16502,05400         174,46200         -11,60200         -42,91718           0,01413
          23,95000       16502,05400         174,46200         -11,60300         -42,91718           0,04600
          24,00000       16502,05500         174,46200         -11,65400         -42,53429           0,03963
          24,05000       16502,05400         174,46200         -11,65400         -43,23625          -0,00498
          24,10000       16502,05400         174,46200         -11,65400         -43,42770           0,03325
          24,15000       16502,05400         174,46200         -11,70300         -42,66192           0,01413
          24,20000       16502,05500         174,46200         -11,70400         -42,47047           0,03963
          24,25000       16502,05400         174,46200         -11,75300         -42,85336           0,03325
          24,30000       16502,05400         174,46200         -11,75300         -43,04481           0,02051
          24,35000       16502,05400         174,46200         -11,75400         -43,17244           0,03963
          24,40000       16502,05400         174,46200         -11,80300         -42,98099           0,06512
          24,45000       16502,05300         174,46200         -11,80300         -42,91718           0,02051
          24,50000       16502,05400         174,46200         -11,80300         -42,78955           0,03325
          24,55000       16502,05400         174,46200         -11,83200         -43,17244           0,02051
          24,60000       16502,05400         174,46300         -11,85200         -42,66192           0,01413
          24,65000       16502,05400         174,46200         -11,85200         -42,72573           0,00139
          24,70000       16502,05400         174,46200         -11,90200         -42,85336           0,03325
          24,75000       16502,05500         174,46200         -11,90200         -42,98099           0,01413
          24,80000       16502,05500         174,46300         -11,90200         -42,27903           0,05874
          24,85000       16502,05400         174,46200         -11,95200         -42,15140           0,03325
          24,90000       16502,05400         174,46300         -11,95300         -42,59810           0,02688
          24,95000       16502,05400         174,46200         -12,00200         -42,34284           0,01413
          25,00000       16502,05400         174,46300         -12,00300         -42,40666           0,04600
          25,05000       16502,05400         174,46200         -12,00300         -42,72573          -0,01136
          25,10000       16502,05500         174,46300         -12,02800         -42,21521           0,02051
          25,15000       16502,05400         174,46200         -12,05200         -43,10862           0,05874
          25,20000       16502,05300         174,46200         -12,08100         -41,83232           0,02051
          25,25000       16502,05500         174,46200         -12,10300         -42,02377           0,02688
          25,30000       16502,05400         174,46200         -12,10400         -42,91718           0,05237
          25,35000       16502,05300         174,46300         -12,15300         -42,40666           0,03963
          25,40000       16502,05400         174,46300         -12,15300         -42,47047           0,05874
          25,45000       16502,05500         174,46300         -12,20500         -42,02377          -0,01136
          25,50000       16502,05400         174,46300         -12,20200         -42,59810           0,00776
          25,55000       16502,05500         174,46300         -12,20300         -42,27903           0,05237
          25,60000       16502,05500         174,46300         -12,25500         -42,34284           0,02688
          25,65000       16502,05500         174,46200         -12,25200         -42,66192          -0,01773
          25,70000       16502,05500         174,46200         -12,25200         -42,34284           0,00776
          25,75000       16502,05500         174,46200         -12,30100         -42,40666           0,00139
          25,80000       16502,05400         174,46300         -12,30200         -42,91718           0,00776
          25,85000       16502,05500         174,46200         -12,30200         -41,64088           0,04600
          25,90000       16502,05400         174,46300         -12,35100         -42,72573           0,00776
          25,95000       16502,05500         174,46300         -12,35200         -42,66192           0,02688
          26,00000       16502,05500         174,46300         -12,35200         -42,59810           0,05237
          26,05000       16502,05300         174,46300         -12,40100         -42,59810           0,04600
          26,10000       16502,05500         174,46300         -12,40100         -42,59810           0,00776
          26,15000       16502,05400         174,46200         -12,40200         -42,66192           0,00139
          26,20000       16502,05500         174,46200         -12,45100         -42,27903           0,01413
          26,25000       16502,05500         174,46200         -12,45200         -42,21521           0,00139
          26,30000       16502,05500         174,46300         -12,45300         -42,72573          -0,01773
          26,35000       16502,05500         174,46200         -12,50200         -42,34284           0,01413
          26,40000       16502,05400         174,46200         -12,50200         -41,95995           0,00139
          26,45000       16502,05500         174,46300         -12,54700         -41,89614           0,00776
          26,50000       16502,05500         174,46200         -12,55200         -42,02377          -0,00498
          26,55000       16502,05500         174,46200         -12,55200         -43,23625           0,00139
          26,60000       16502,05500         174,46200         -12,60200         -42,66192           0,03963
          26,65000       16502,05400         174,46200         -12,60100         -41,83232           0,04600
          26,70000       16502,05500         174,46200         -12,60200         -41,89614           0,00139
          26,75000       16502,05600         174,46100         -12,61900         -42,21521           0,00139
          26,80000       16502,05500         174,46200         -12,65100         -42,34284           0,00139
          26,85000       16502,05500         174,46300         -12,67900         -41,89614          -0,00498
          26,90000       16502,05400         174,46200         -12,70100         -41,83232           0,02688
          26,95000       16502,05400         174,46200         -12,70100         -42,08758           0,03963
          27,00000       16502,05400         174,46200         -12,70100         -41,76851           0,02688
          27,05000       16502,05400         174,46300         -12,75000         -41,83232           0,01413
          27,10000       16502,05400         174,46200         -12,75100         -42,34284           0,04600
          27,15000       16502,05400         174,46200         -12,75100         -42,02377           0,03325
          27,20000       16502,05500         174,46200         -12,80200         -42,27903           0,02051
          27,25000       16502,05500         174,46100         -12,80300         -41,83232           0,03963
          27,30000       16502,05500         174,46200         -12,80300         -41,70469           0,00776
          27,35000       16502,05400         174,46200         -12,85200         -41,89614           0,05874
          27,40000       16502,05400         174,46200         -12,85200         -42,08758           0,03963
          27,45000       16502,05500         174,46200         -12,88000         -42,47047           0,00776
          27,50000       16502,05400         174,46200         -12,90100         -41,32180           0,00776
          27,55000       16502,05400         174,46200         -12,90200         -41,51325          -0,01136
          27,60000       16502,05300         174,46200         -12,95100         -41,57706           0,00139
          27,65000       16502,05400         174,46200         -12,95100         -41,19417           0,03963
          27,70000       16502,05400         174,46200         -12,95200         -41,83232          -0,04959
          27,75000       16502,05300         174,46200         -13,00100         -41,83232           0,00776
          27,80000       16502,05300         174,46200         -13,00200         -42,34284           0,02688
          27,85000       16502,05400         174,46200         -13,05000         -42,40666           0,03325
          27,90000       16502,05400         174,46200         -13,05000         -41,83232           0,00776
          27,95000       16502,05400         174,46300         -13,05000         -41,57706           0,03325
          28,00000       16502,05400         174,46300         -13,10100         -42,08758           0,04600
          28,05000       16502,05400         174,46200         -13,10200         -42,02377           0,05874
          28,10000       16502,05500         174,46200         -13,15200         -41,25799           0,01413
          28,15000       16502,05300         174,46300         -13,15200         -41,32180           0,01413
          28,20000       16502,05300         174,46300         -13,15200         -41,89614           0,04600
          28,25000       16502,05400         174,46200         -13,20000         -41,95995           0,05237
          28,30000       16502,05400         174,46200         -13,20100         -41,38562           0,02051
          28,35000       16502,05400         174,46200         -13,20100         -41,38562           0,05237
          28,40000       16502,05400         174,46200         -13,25000         -41,38562           0,02688
          28,45000       16502,05300         174,46300         -13,25100         -41,13036           0,01413
          28,50000       16502,05400         174,46200         -13,25200         -41,57706           0,04600
          28,55000       16502,05400         174,46300         -13,30100         -41,13036           0,01413
          28,60000       16502,05400         174,46200         -13,30100         -41,51325           0,05237
          28,65000       16502,05400         174,46200         -13,32500         -42,40666           0,03963
          28,70000       16502,05400         174,46300         -13,35000         -41,51325           0,00776
          28,75000       16502,05300         174,46300         -13,35100         -41,32180           0,03325
          28,80000       16502,05500         174,46200         -13,37400         -41,00273           0,00139
          28,85000       16502,05300         174,46300         -13,40000         -42,47047           0,03963
          28,90000       16502,05400         174,46200         -13,40000         -41,19417           0,02051
          28,95000       16502,05400         174,46200         -13,45200         -41,44943           0,02051
          29,00000       16502,05400         174,46200         -13,45200         -41,00273           0,03963
          29,05000       16502,05400         174,46200         -13,45300         -40,55602           0,01413
          29,10000       16502,05300         174,46200         -13,50200         -41,89614           0,01413
          29,15000       16502,05400         174,46300         -13,50300         -40,81128           0,02688
          29,20000       16502,05400         174,46300         -13,50300         -40,36458           0,00139
          29,25000       16502,05400         174,46300         -13,54900         -40,36458           0,05237
          29,30000       16502,05400         174,46300         -13,55000         -40,87510           0,02051
          29,35000       16502,05300         174,46200         -13,55000         -42,40666           0,04600
          29,40000       16502,05400         174,46200         -13,60000         -41,13036           0,03325
          29,45000       16502,05400         174,46300         -13,60000         -40,87510           0,03963
          29,50000       16502,05400         174,46400         -13,65100         -41,51325           0,03325
          29,55000       16502,05400         174,46300         -13,64900         -40,36458           0,04600
          29,60000       16502,05400         174,46200         -13,65000         -41,70469           0,00139
          29,65000       16502,05400         174,46300         -13,70000         -39,79024           0,05874
          29,70000       16502,05400         174,46300         -13,70100         -40,36458           0,03963
          29,75000       16502,05400         174,46200         -13,70100         -41,32180           0,03963
          29,80000       16502,05400         174,46300         -13,74900         -41,19417           0,02051
          29,85000       16502,05400         174,46300         -13,75100         -41,00273           0,02051
          29,90000       16502,05300         174,46200         -13,75200         -41,06654          -0,01136
          29,95000       16502,05300         174,46300         -13,79800         -40,49221           0,02688
          30,00000       16502,05300         174,46300         -13,79900         -41,76851           0,00776
          30,05000       16502,05400         174,46200         -13,85000         -40,04550           0,01413
          30,10000       16502,05400         174,46200         -13,85000         -41,13036           0,04600
          30,15000       16502,05400         174,46300         -13,85000         -41,76851           0,01413
          30,20000       16502,05400         174,46200         -13,90000         -41,76851           0,00776
          30,25000       16502,05400         174,46300         -13,90200         -40,81128           0,00139
          30,30000       16502,05400         174,46300         -13,92600         -40,42839           0,00776
          30,35000       16502,05400         174,46300         -13,95000         -40,42839           0,01413
          30,40000       16502,05300         174,46300         -13,95100         -39,21590          -0,01136
          30,45000       16502,05400         174,46200         -13,95000         -39,98168           0,02051
          30,50000       16502,05400         174,46300         -13,99900         -41,70469           0,05237
          30,55000       16502,05300         174,46200         -13,99900         -40,10932           0,02051
          30,60000       16502,05400         174,46300         -14,04900         -40,61984           0,03963
          30,65000       16502,05500         174,46300         -14,04900         -39,59879           0,01413
          30,70000       16502,05400         174,46200         -14,05000         -40,23695          -0,01136
          30,75000       16502,05400         174,46200         -14,09800         -41,64088           0,00139
          30,80000       16502,05300         174,46200         -14,10000         -39,34353           0,03963
          30,85000       16502,05400         174,46300         -14,09900         -41,32180           0,06512
          30,90000       16502,05300         174,46300         -14,14900         -41,06654           0,02688
          30,95000       16502,05400         174,46300         -14,15000         -41,25799           0,02051
          31,00000       16502,05400         174,46300         -14,15000         -42,02377          -0,01136
          31,05000       16502,05400         174,46300         -14,19900         -38,89683           0,01413
          31,10000       16502,05300         174,46300         -14,20000         -38,32249           0,02688
          31,15000       16502,05500         174,46300         -14,24800         -39,66261           0,02688
          31,20000       16502,05300         174,46300         -14,24900         -40,81128           0,00776
          31,25000       16502,05300         174,46300         -14,25000         -40,10932           0,02051
          31,30000       16502,05400         174,46200         -14,25000         -40,30076           0,01413
          31,35000       16502,05400         174,46300         -14,29900         -40,30076           0,01413
          31,40000       16502,05400         174,46300         -14,30000         -40,04550           0,00139
          31,45000       16502,05400         174,46300         -14,34900         -40,61984           0,03325
          31,50000       16502,05300         174,46300         -14,35000         -41,13036           0,00139
          31,55000       16502,05300         174,46300         -14,35000         -40,68365          -0,01136
          31,60000       16502,05400         174,46300         -14,40100         -41,25799           0,01413
          31,65000       16502,05400         174,46300         -14,40200         -38,38631           0,00776
          31,70000       16502,05400         174,46300         -14,44900         -40,87510           0,03325
          31,75000       16502,05400         174,46300         -14,45000         -41,06654          -0,01136
          31,80000       16502,05400         174,46400         -14,45100         -40,49221           0,03963
          31,85000       16502,05400         174,46300         -14,45000         -41,00273           0,03325
          31,90000       16502,05400         174,46400         -14,49900         -37,11001           0,03963
          31,95000       16502,05400         174,46300         -14,52400         -40,74747           0,04600
          32,00000       16502,05500         174,46300         -14,54900         -40,49221          -0,02410
          32,05000       16502,05400         174,46300         -14,55000         -40,10932           0,00139
          32,10000       16502,05400         174,46300         -14,54900         -41,51325           0,05237
          32,15000       16502,05300         174,46300         -14,60000         -37,42908          -0,01136
          32,20000       16502,05300         174,46300         -14,60000         -39,21590           0,05874
          32,25000       16502,05400         174,46400         -14,64900         -40,23695           0,00139
          32,30000       16502,05400         174,46300         -14,65000         -38,76920          -0,02410
          32,35000       16502,05400         174,46400         -14,65000         -36,47186           0,04600
          32,40000       16502,05400         174,46400         -14,69800         -36,21659           0,02051
          32,45000       16502,05400         174,46300         -14,69900         -40,10932          -0,00498
          32,50000       16502,05400         174,46400         -14,70000         -40,68365          -0,01136
          32,55000       16502,05400         174,46400         -14,75000         -34,49359           0,00776
          32,60000       16502,05400         174,46300         -14,75000         -40,42839           0,02688
          32,65000       16502,05400         174,46300         -14,76600         -40,04550           0,02688
          32,70000       16502,05500         174,46300         -14,79900         -37,55671           0,05237
          32,75000       16502,05400         174,46300         -14,79900         -36,66330           0,01413
          32,80000       16502,05400         174,46300         -14,84800         -38,64157           0,02688
          32,85000       16502,05400         174,46300         -14,85000         -39,15209           0,03963
          32,90000       16502,05400         174,46300         -14,84900         -36,08896           0,04600
          32,95000       16502,05400         174,46300         -14,89900         -34,62122           0,02051
          33,00000       16502,05300         174,46300         -14,89800         -37,81197           0,00776
          33,05000       16502,05400         174,46300         -14,89900         -39,85405           0,02688
          33,10000       16502,05400         174,46300         -14,94900         -35,89752          -0,01136
          33,15000       16502,05400         174,46300         -14,94900         -36,53567           0,01413
          33,20000       16502,05400         174,46300         -14,97700         -37,17382           0,05874
          33,25000       16502,05400         174,46300         -14,99900         -38,76920           0,03963
          33,30000       16502,05400         174,46300         -15,00000         -36,91856          -0,00498
          33,35000       16502,05500         174,46300         -15,04900         -38,57775           0,04600
          33,40000       16502,05400         174,46300         -15,05000         -38,06723           0,02688
          33,45000       16502,05400         174,46300         -15,05000         -32,96203           0,01413
          33,50000       16502,05400         174,46300         -15,09900         -30,66468           0,03325
          33,55000       16502,05400         174,46300         -15,10000         -32,32387           0,01413
          33,60000       16502,05400         174,46300         -15,10000         -36,47186           0,03325
          33,65000       16502,05400         174,46400         -15,14900         -37,11001           0,02051
          33,70000       16502,05400         174,46300         -15,15100         -38,76920           0,02688
          33,75000       16502,05500         174,46300         -15,15000         -29,45220           0,03325
          33,80000       16502,05400         174,46400         -15,20000         -29,83509           0,00776
          33,85000       16502,05400         174,46400         -15,20000         -30,02653           0,05874
          33,90000       16502,05300         174,46300         -15,20100         -29,06930           0,02051
          33,95000       16502,05300         174,46300         -15,25000         -38,00342           0,02688
          34,00000       16502,05300         174,46300         -15,28000         -29,06930           0,02051
          34,05000       16502,05400         174,46200         -15,29900         -30,21798           0,04600
          34,10000       16502,05400         174,46300         -15,30000         -28,68641           0,03325
          34,15000       16502,05400         174,46300         -15,30100         -31,04757           0,07149
          34,20000       16502,05400         174,46300         -15,34900         -36,02515           0,06512
          34,25000       16502,05400         174,46300         -15,35000         -33,28110           0,02688
          34,30000       16502,05400         174,46200         -15,35000         -27,85682           0,00776
          34,35000       16502,05400         174,46300         -15,39900         -24,66606          -0,00498
          34,40000       16502,05400         174,46300         -15,40000         -25,75092           0,02688
          34,45000       16502,05400         174,46300         -15,40000         -36,98238           0,00776
          34,50000       16502,05400         174,46300         -15,44900         -32,51532           0,01413
          34,55000       16502,05400         174,46200         -15,44900         -31,43046           0,02688
          34,60000       16502,05400         174,46200         -15,47500         -22,56017          -0,00498
          34,65000       16502,05300         174,46200         -15,50100         -29,19693           0,05237
          34,70000       16502,05400         174,46300         -15,50100         -36,72712           0,00776
          34,75000       16502,05400         174,46300         -15,55100         -22,75161          -0,00498
          34,80000       16502,05400         174,46300         -15,55100         -22,04964           0,01413
          34,85000       16502,05400         174,46300         -15,59900         -20,32664           0,00776
          34,90000       16502,05300         174,46300         -15,59900         -19,30560          -0,00498
          34,95000       16502,05400         174,46300         -15,60100         -19,75230           0,05237
          35,00000       16502,05300         174,46100         -15,60100         -21,73057           0,03963
          35,05000       16502,05400         174,46300         -15,65000         -23,26213           0,05237
          35,10000       16502,05400         174,46300         -15,65100         -35,83370           0,03325
          35,15000       16502,05400         174,46200         -15,70000         -26,19763          -0,00498
          35,20000       16502,05400         174,46300         -15,70100         -21,34768           0,01413
          35,25000       16502,05300         174,46200         -15,70200         -24,60225           0,05237
          35,30000       16502,05400         174,46200         -15,75000         -16,62536           0,02688
          35,35000       16502,05400         174,46300         -15,75000         -36,15278           0,01413
          35,40000       16502,05400         174,46200         -15,79900         -13,05172           0,00776
          35,45000       16502,05300         174,46200         -15,80100         -14,58328           0,03963
          35,50000       16502,05400         174,46200         -15,80100         -18,73126          -0,00498
          35,55000       16502,05400         174,46300         -15,85200         -24,92132           0,03963
          35,60000       16502,05400         174,46300         -15,85000         -33,34492          -0,01136
          35,65000       16502,05400         174,46300         -15,89900          -9,73333          -0,01136
          35,70000       16502,05400         174,46300         -15,90100         -25,24040           0,02051
          35,75000       16502,05400         174,46300         -15,90100         -34,55740           0,03963
          35,80000       16502,05500         174,46200         -15,92300         -26,64433           0,03963
          35,85000       16502,05300         174,46300         -15,95100          -9,41426           0,01413
          35,90000       16502,05400         174,46500         -15,94800          -9,35044           0,03963
          35,95000       16502,05400         174,46300         -16,00100         -27,09104           0,02051
          36,00000       16502,05400         174,46300         -16,00200         -34,11070           0,00139
          36,05000       16502,05400         174,46300         -16,00200         -30,28179           0,02051
          36,10000       16502,05400         174,46300         -16,05000         -33,34492           0,00776
          36,15000       16502,05400         174,46300         -16,05100         -16,68918           0,01413
          36,20000       16502,05400         174,46400         -16,05200          -1,43737           0,03325
          36,25000       16502,05500         174,46300         -16,10000         -32,45150           0,06512
          36,30000       16502,05400         174,46300         -16,10200           2,07246           0,02688
          36,35000       16502,05300         174,46300         -16,13200         -10,37148           0,00776
          36,40000       16502,05400         174,46300         -16,15200         -18,66745           0,06512
          36,45000       16502,05400         174,46300         -16,15300         -31,43046           0,01413
          36,50000       16502,05300         174,46400         -16,15500         -10,18004           0,00776
          36,55000       16502,05400         174,46300         -16,20300         -19,75230           0,03325
          36,60000       16502,05400         174,46300         -16,20200           0,28564           0,02051
          36,65000       16502,05400         174,46300         -16,20300           3,92310           0,02051
          36,70000       16502,05400         174,46300         -16,25200          -8,01033           0,02688
          36,75000       16502,05400         174,46400         -16,25200         -32,13243           0,02051
          36,80000       16502,05400         174,46300         -16,30100          -4,05379           0,01413
          36,85000       16502,05400         174,46300         -16,30100         -14,83854           0,02688
          36,90000       16502,05400         174,46300         -16,30100         -29,89890          -0,02410
          36,95000       16502,05400         174,46300         -16,35100         -30,40942           0,02688
          37,00000       16502,05400         174,46300         -16,35100         -16,62536           0,00139
          37,05000       16502,05500         174,46300         -16,37900           7,17767          -0,01773
          37,10000       16502,05400         174,46300         -16,40200          14,00588           0,03325
          37,15000       16502,05400         174,46300         -16,40300          11,07039           0,02688
          37,20000       16502,05400         174,46300         -16,45100          15,85652           0,00776
          37,25000       16502,05400         174,46400         -16,45200         -31,30283           0,00139
          37,30000       16502,05400         174,46400         -16,50100          11,13420           0,01413
          37,35000       16502,05300         174,46400         -16,50200         -20,26282          -0,01136
          37,40000       16502,05400         174,46300         -16,50300         -25,04895           0,03963
          37,45000       16502,05400         174,46300         -16,50200         -32,51532          -0,01136
          37,50000       16502,05300         174,46300         -16,54900         -30,47324           0,02051
          37,55000       16502,05300         174,46300         -16,55100         -27,79300           0,00776
          37,60000       16502,05400         174,46300         -16,55100         -20,70953           0,00776
          37,65000       16502,05400         174,46400         -16,60000         -11,58397           0,00776
          37,70000       16502,05300         174,46300         -16,60100          17,06900           0,03325
          37,75000       16502,05300         174,46300         -16,60000           6,22044           0,00139
          37,80000       16502,05400         174,46300         -16,65200          20,19594           0,02051
          37,85000       16502,05400         174,46300         -16,65200          12,02761           0,04600
          37,90000       16502,05400         174,46300         -16,65200         -24,98514           0,00776
          37,95000       16502,05400         174,46400         -16,70100         -14,32802          -0,00498
          38,00000       16502,05400         174,46300         -16,70100          -2,52223           0,02688
          38,05000       16502,05500         174,46300         -16,73200          27,66231           0,00139
          38,10000       16502,05500         174,46300         -16,75100          18,15386           0,03963
          38,15000       16502,05400         174,46300         -16,75200         -29,89890           0,03963
          38,20000       16502,05400         174,46300         -16,80200          18,21768           0,01413
          38,25000       16502,05400         174,46200         -16,80200          17,57953           0,05237
          38,30000       16502,05400         174,46200         -16,80100          38,89377          -0,01136
          38,35000       16502,05500         174,46300         -16,85100          27,66231          -0,01136
          38,40000       16502,05400         174,46300         -16,85200         -25,04895           0,00776
          38,45000       16502,05400         174,46300         -16,90200         -18,79508           0,03325
          38,50000       16502,05400         174,46400         -16,90200         -30,79231           0,00776
          38,55000       16502,05400         174,46400         -16,90300         -38,25868           0,03325
          38,60000       16502,05400         174,46300         -16,95200         -38,19486           0,03963
          38,65000       16502,05400         174,46400         -16,95300         -42,78955           0,02688
          38,70000       16502,05600         174,46300         -16,99600         -43,36388          -0,00498
          38,75000       16502,05400         174,46300         -17,00200         -42,08758           0,00139
          38,80000       16502,05500         174,46300         -17,00300         -43,36388           0,00139
          38,85000       16502,05400         174,46400         -17,02800         -42,72573           0,00139
          38,90000       16502,05500         174,46300         -17,05300         -44,19348          -0,01136
          38,95000       16502,05400         174,46400         -17,05400         -42,78955           0,00139
          39,00000       16502,05500         174,46300         -17,05400         -43,49151           0,03325
          39,05000       16502,05400         174,46400         -17,10100         -41,00273           0,02051
          39,10000       16502,05400         174,46300         -17,10200         -42,85336           0,00776
          39,15000       16502,05400         174,46300         -17,13800         -41,83232           0,04600
          39,20000       16502,05500         174,46300         -17,15200         -40,23695          -0,00498
          39,25000       16502,05400         174,46400         -17,15200         -41,70469           0,03325
          39,30000       16502,05500         174,46300         -17,20100         -43,49151           0,02051
          39,35000       16502,05400         174,46300         -17,20200         -40,36458           0,03963
          39,40000       16502,05400         174,46300         -17,20200         -39,02446           0,05874
          39,45000       16502,05400         174,46300         -17,25200         -41,32180           0,02688
          39,50000       16502,05500         174,46300         -17,25300         -42,21521           0,03325
          39,55000       16502,05500         174,46300         -17,25300         -36,66330          -0,00498
          39,60000       16502,05400         174,46300         -17,30100         -40,55602           0,03325
          39,65000       16502,05500         174,46300         -17,30200         -43,04481           0,03325
          39,70000       16502,05400         174,46300         -17,30300         -42,85336           0,01413
          39,75000       16502,05500         174,46400         -17,35300         -41,89614           0,02688
          39,80000       16502,05400         174,46300         -17,35400         -43,42770           0,03325
          39,85000       16502,05400         174,46300         -17,40200         -40,42839           0,00776
          39,90000       16502,05500         174,46300         -17,40200         -33,60018           0,04600
          39,95000       16502,05500         174,46300         -17,43200         -44,38493           0,05874
          40,00000       16502,05500         174,46200         -17,45300         -43,36388          -0,00498
          40,05000       16502,05500         174,46300         -17,45400         -44,44874           0,04600
          40,10000       16502,05500         174,46200         -17,45400         -37,74816           0,03963
          40,15000       16502,05500         174,46300         -17,50000         -30,21798           0,02051
          40,20000       16502,05400         174,46300         -17,50100         -42,59810           0,02051
          40,25000       16502,05400         174,46300         -17,55000         -20,58190           0,01413
          40,30000       16502,05500         174,46200         -17,55100         -32,64295           0,02051
          40,35000       16502,05500         174,46300         -17,55100         -31,23902           0,03325
          40,40000       16502,05400         174,46300         -17,60100         -31,62191           0,03963
          40,45000       16502,05500         174,46300         -17,60100         -41,76851          -0,00498
          40,50000       16502,05400         174,46300         -17,65000         -25,68710           0,03325
          40,55000       16502,05400         174,46300         -17,65000         -17,45496           0,02688
          40,60000       16502,05400         174,46200         -17,65100         -24,21936           0,00139
          40,65000       16502,05600         174,46300         -17,65100         -22,94306           0,02688
          40,70000       16502,05500         174,46400         -17,70000         -43,74678           0,05237
          40,75000       16502,05400         174,46300         -17,70900          -7,05310           0,02688
          40,80000       16502,05400         174,46400         -17,75200         -13,11553          -0,00498
          40,85000       16502,05400         174,46400         -17,75300           6,60333           0,00776
          40,90000       16502,05500         174,46400         -17,79900          23,83340           0,03325
          40,95000       16502,05500         174,46300         -17,80200         -44,19348           0,00776
          41,00000       16502,05400         174,46300         -17,80200         -34,49359           0,01413
          41,05000       16502,05400         174,46300         -17,85200         -20,07138           0,03325
          41,10000       16502,05500         174,46300         -17,85300         -30,72850           0,03325
          41,15000       16502,05500         174,46300         -17,85300          -6,35113           0,02688
          41,20000       16502,05400         174,46400         -17,90100           9,66645           0,01413
          41,25000       16502,05400         174,46300         -17,90100          -7,37217           0,01413
          41,30000       16502,05400         174,46400         -17,90200          13,68681           0,03963
          41,35000       16502,05400         174,46300         -17,95000         -44,89545           0,00776
          41,40000       16502,05400         174,46300         -17,95200         -21,22005           0,01413
          41,45000       16502,05300         174,46300         -17,95700          15,09074           0,00776
          41,50000       16502,05300         174,46300         -18,00300         -10,43530           0,04600
          41,55000       16502,05400         174,46300         -18,00200          18,91964           0,02688
          41,60000       16502,05400         174,46200         -18,04100         -44,76782           0,00139
          41,65000       16502,05400         174,46300         -18,05300          21,40843           0,05237
          41,70000       16502,05500         174,46300         -18,05300          86,11693          -0,00498
          41,75000       16502,05400         174,46400         -18,10200          54,97517           0,03963
          41,80000       16502,05500         174,46300         -18,10300         156,31353           0,02688
          41,85000       16502,05400         174,46300         -18,10300         -49,17106          -0,01773
          41,90000       16502,05400         174,46400         -18,15200          -0,73541           0,02688
          41,95000       16502,05500         174,46300         -18,15200         -19,87993           0,01413
          42,00000       16502,05400         174,46300         -18,18400          91,09451           0,05237
          42,05000       16502,05400         174,46300         -18,20100           0,41327           0,04600
          42,10000       16502,05400         174,46400         -18,20100         -68,57084           0,02051
          42,15000       16502,05500         174,46200         -18,25200          -6,35113           0,02051
          42,20000       16502,05500         174,46200         -18,25200         246,10136           0,02688
          42,25000       16502,05400         174,46300         -18,25200         256,18414           0,01413
          42,30000       16502,05400         174,46300         -18,30100         -15,47669          -0,03685
          42,35000       16502,05400         174,46300         -18,30200         -36,53567           0,01413
          42,40000       16502,05400         174,46300         -18,35100         173,86268           0,02688
          42,45000       16502,05500         174,46300         -18,35100          91,98792           0,03325
          42,50000       16502,05400         174,46300         -18,35100          -1,88408           0,01413
          42,55000       16502,05400         174,46300         -18,40100          -2,33078           0,00139
          42,60000       16502,05500         174,46300         -18,40100         318,46767           0,03963
          42,65000       16502,05400         174,46400         -18,40100         128,36252           0,02051
          42,70000       16502,05400         174,46400         -18,45100          94,15763          -0,01773
          42,75000       16502,05400         174,46400         -18,45100         200,34594           0,02051
          42,80000       16502,05400         174,46300         -18,45100          81,13935           0,02051
          42,85000       16502,05400         174,46300         -18,49900         304,23691           0,03963
          42,90000       16502,05400         174,46400         -18,50100         159,37665          -0,00498
          42,95000       16502,05400         174,46400         -18,50000         289,55944           0,05237
          43,00000       16502,05400         174,46300         -18,54900         624,78010           0,03963
          43,05000       16502,05400         174,46300         -18,55000         109,34562          -0,03047
          43,10000       16502,05400         174,46300         -18,55000          90,83925          -0,01773
          43,15000       16502,05400         174,46400         -18,60000         167,28972          -0,01136
          43,20000       16502,05400         174,46400         -18,60100         165,24764           0,02051
          43,25000       16502,05400         174,46300         -18,60100         755,47340           0,00776
          43,30000       16502,05500         174,46400         -18,65100         311,32038           0,00139
          43,35000       16502,05500         174,46400         -18,65200         204,49392           0,00776
          43,40000       16502,05500         174,46400         -18,68300         377,94333           0,00139
          43,45000       16502,05400         174,46400         -18,70100         356,31002           0,03325
          43,50000       16502,05400         174,46400         -18,70200         919,54200           0,01413
          43,55000       16502,05400         174,46400         -18,70200         345,46145           0,03325
          43,60000       16502,05400         174,46400         -18,70200         285,22001          -0,01773
          43,65000       16502,05500         174,45800         -16,70700         -44,32111           0,01413
          43,70000       16502,05400         174,45800          -4,24100         -44,00204           0,00776
          43,75000       16502,05300         174,45800          -4,24200         -44,06585           0,03963
          43,80000       16502,05400         174,45800          -4,24200         -43,74678           0,00139
          43,85000       16502,05400         174,45800          -4,24200         -44,57637           0,02688
          43,90000       16502,05300         174,45800          -4,24300         -43,36388          -0,00498
          43,95000       16502,05300         174,45800          -4,24200         -43,87441           0,00776
          44,00000       16502,05400         174,45700          -4,24200         -44,32111           0,03325
          44,05000       16502,05300         174,45800          -4,24200         -44,57637           0,01413
          44,10000       16502,05300         174,45700          -4,24200         -44,19348           0,00139
          44,15000       16502,05300         174,45700          -4,24300         -44,44874           0,03325
