
// =========================================================================================================
// 2026-04-17, 15:51:47
//        Time [s]        Pos X [um]        Pos Y [um]        Pos Z [um]      Force A [uN]      Force B [uN]
// =========================================================================================================
           0,00000        -995,60900         167,35300         -10,50200         -51,65985           0,02051
           0,05000        -995,60900         167,35300         -10,50200         -51,72366           0,02688
           0,10000        -995,60900         167,35300         -10,50100         -52,04274           0,08424
           0,15000        -995,60900         167,35300         -10,50200         -51,72366           0,00139
           0,20000        -995,61000         167,35200         -10,50100         -51,40459           0,00139
           0,25000        -995,60900         167,35300         -10,50000         -52,23418          -0,01773
           0,30000        -995,60800         167,35300         -10,50100         -52,10655           0,03325
           0,35000        -995,60900         167,35400         -10,50000         -51,53222          -0,01773
           0,40000        -995,60900         167,35400         -10,50100         -51,78748           0,03325
           0,45000        -995,60900         167,35300         -10,50200         -51,78748           0,03325
           0,50000        -995,60800         167,35400         -10,50100         -51,40459           0,00776
           0,55000        -995,60900         167,35400         -10,50100         -51,21314           0,03325
           0,60000        -995,60900         167,35300         -10,50100         -51,72366           0,00139
           0,65000        -995,60900         167,35400         -10,50100         -51,34077          -0,01136
           0,70000        -995,60900         167,35400         -10,50200         -51,59603           0,02688
           0,75000        -995,60800         167,35300         -10,50100         -51,97892           0,01413
           0,80000        -995,60800         167,35300         -10,50200         -51,72366           0,03963
           0,85000        -995,60900         167,35300         -10,50100         -51,02170           0,03963
           0,90000        -995,60900         167,35300         -10,50100         -51,85129           0,02051
           0,95000        -995,61000         167,35400         -10,50200         -50,95788           0,05237
           1,00000        -995,60900         167,35300         -10,50100         -51,91511           0,01413
           1,05000        -995,60900         167,35300         -10,50100         -51,21314           0,02051
           1,10000        -995,60900         167,35400         -10,50200         -51,91511           0,01413
           1,15000        -995,60900         167,35300         -10,50100         -51,72366           0,04600
           1,20000        -995,60900         167,35300         -10,50200         -52,17037          -0,00498
           1,25000        -995,60900         167,35300         -10,50200         -51,85129           0,01413
           1,30000        -995,60900         167,35300         -10,50200         -51,78748           0,03963
           1,35000        -995,60900         167,35300         -10,50200         -51,53222           0,05237
           1,40000        -995,60900         167,35300         -10,50100         -52,04274           0,00776
           1,45000        -995,60800         167,35400         -10,50200         -52,04274          -0,00498
           1,50000        -995,60900         167,35300         -10,50100         -51,65985           0,02051
           1,55000        -995,60900         167,35300         -10,50100         -52,04274           0,02688
           1,60000        -995,60900         167,35300         -10,50100         -51,53222          -0,01773
           1,65000        -995,60900         167,35300         -10,50200         -51,14933           0,04600
           1,70000        -995,60900         167,35400         -10,50200         -51,97892           0,02051
           1,75000        -995,60900         167,35300         -10,50200         -52,29800           0,00776
           1,80000        -995,60900         167,35300         -10,50100         -51,78748           0,03325
           1,85000        -995,60800         167,35300         -10,50100         -51,72366          -0,00498
           1,90000        -995,60900         167,35300         -10,50100         -51,91511           0,03963
           1,95000        -995,60900         167,35300         -10,50300         -52,04274           0,03963
           2,00000        -995,60900         167,35400         -10,50100         -51,14933           0,02051
           2,05000        -995,60800         167,35300         -10,50100         -51,59603           0,02688
           2,10000        -995,60900         167,35300         -10,50100         -51,14933           0,06512
           2,15000        -995,60900         167,35300         -10,50100         -51,21314           0,03325
           2,20000        -995,60800         167,35300         -10,50100         -52,04274           0,03963
           2,25000        -995,60800         167,35200         -10,50000         -51,97892           0,02688
           2,30000        -995,61000         167,35300         -10,76000         -51,14933           0,00139
           2,35000        -995,60900         167,35300         -10,76600         -51,97892           0,03963
           2,40000        -995,60900         167,35400         -10,76800         -51,72366           0,02688
           2,45000        -995,60900         167,35400         -10,78800         -52,04274           0,03325
           2,50000        -995,60900         167,35400         -10,79000         -51,72366           0,00776
           2,55000        -995,60900         167,35400         -10,79200         -51,85129           0,00139
           2,60000        -995,60800         167,35400         -10,79300         -51,34077           0,03963
           2,65000        -995,60800         167,35400         -10,79400         -51,46840           0,02051
           2,70000        -995,60900         167,35400         -10,79500         -51,85129           0,02688
           2,75000        -995,60800         167,35400         -10,79700         -52,42563           0,01413
           2,80000        -995,60900         167,35400         -10,79600         -51,85129           0,02688
           2,85000        -995,60900         167,35500         -10,79800         -51,53222          -0,02410
           2,90000        -995,60900         167,35500         -10,79800         -52,04274          -0,01773
           2,95000        -995,60900         167,35500         -10,78700         -52,23418           0,02688
           3,00000        -995,60900         167,35400         -10,79900         -51,78748           0,02051
           3,05000        -995,60900         167,35400         -10,80000         -51,59603          -0,00498
           3,10000        -995,60800         167,35400         -10,80000         -51,40459           0,02688
           3,15000        -995,60900         167,35400         -10,80100         -51,08551          -0,00498
           3,20000        -995,60900         167,35400         -10,80000         -51,97892          -0,00498
           3,25000        -995,60800         167,35400         -10,80200         -51,53222           0,02688
           3,30000        -995,60900         167,35400         -10,80100         -51,97892           0,01413
           3,35000        -995,60900         167,35400         -10,80200         -51,78748           0,02688
           3,40000        -995,60900         167,35400         -10,80300         -51,59603           0,04600
           3,45000        -995,60900         167,35400         -10,80400         -51,27696           0,02051
           3,50000        -995,60900         167,35500         -10,80400         -51,85129           0,01413
           3,55000        -995,60800         167,35400         -10,80600         -51,65985           0,00139
           3,60000        -995,60900         167,35400         -10,80800         -51,53222           0,00139
           3,65000        -995,60900         167,35400         -10,80700         -51,08551           0,02051
           3,70000        -995,60900         167,35400         -10,81800         -51,78748           0,03963
           3,75000        -995,60900         167,35400         -10,81700         -51,85129           0,02051
           3,80000        -995,60900         167,35500         -10,84800         -51,34077           0,01413
           3,85000        -995,60900         167,35400         -10,84900         -51,72366          -0,00498
           3,90000        -995,61000         167,35400         -10,85000         -51,91511          -0,01136
           3,95000        -995,60900         167,35400         -10,88500         -51,91511           0,02051
           4,00000        -995,60800         167,35400         -10,89000         -51,97892           0,02688
           4,05000        -995,61000         167,35500         -10,88900         -51,85129           0,03325
           4,10000        -995,60800         167,35300         -10,93400         -52,17037           0,00139
           4,15000        -995,60900         167,35400         -10,93600         -51,78748           0,00776
           4,20000        -995,60900         167,35400         -10,93600         -52,04274          -0,01773
           4,25000        -995,60800         167,35400         -10,98300         -51,72366          -0,00498
           4,30000        -995,60900         167,35400         -10,98300         -51,53222           0,00776
           4,35000        -995,60700         167,35400         -11,02700         -52,29800          -0,01773
           4,40000        -995,60900         167,35500         -11,03000         -51,34077           0,00776
           4,45000        -995,60900         167,35400         -11,03100         -51,02170           0,02688
           4,50000        -995,60800         167,35400         -11,08200         -51,72366           0,04600
           4,55000        -995,60900         167,35400         -11,07900         -52,48944           0,01413
           4,60000        -995,60900         167,35400         -11,07900         -52,42563           0,03325
           4,65000        -995,60800         167,35400         -11,12700         -52,04274           0,02051
           4,70000        -995,60900         167,35400         -11,12800         -51,46840           0,04600
           4,75000        -995,60900         167,35400         -11,12800         -52,10655           0,01413
           4,80000        -995,61000         167,35400         -11,17900         -51,72366           0,03325
           4,85000        -995,60900         167,35500         -11,17900         -51,91511           0,01413
           4,90000        -995,60900         167,35400         -11,17900         -50,89407           0,05874
           4,95000        -995,60900         167,35400         -11,22900         -51,91511          -0,00498
           5,00000        -995,61000         167,35500         -11,23000         -51,27696           0,02051
           5,05000        -995,61000         167,35400         -11,28100         -51,65985           0,00139
           5,10000        -995,60900         167,35500         -11,28200         -51,34077           0,03963
           5,15000        -995,60700         167,35400         -11,27900         -51,46840           0,00139
           5,20000        -995,60900         167,35500         -11,33300         -51,78748          -0,00498
           5,25000        -995,60900         167,35400         -11,33400         -52,17037           0,00139
           5,30000        -995,60900         167,35400         -11,38500         -51,97892           0,00139
           5,35000        -995,60900         167,35300         -11,38500         -51,85129           0,02051
           5,40000        -995,60800         167,35400         -11,38500         -51,65985           0,00139
           5,45000        -995,60900         167,35300         -11,43500         -52,10655           0,01413
           5,50000        -995,60900         167,35300         -11,43500         -51,91511           0,00139
           5,55000        -995,60900         167,35400         -11,43600         -52,17037           0,02051
           5,60000        -995,61000         167,35400         -11,48700         -51,78748           0,03325
           5,65000        -995,60900         167,35400         -11,48900         -51,08551           0,00776
           5,70000        -995,60900         167,35400         -11,53800         -51,53222          -0,01136
           5,75000        -995,60900         167,35400         -11,53800         -52,10655           0,03325
           5,80000        -995,60900         167,35500         -11,53900         -51,53222           0,05237
           5,85000        -995,60600         167,35500         -11,56800         -52,23418           0,00139
           5,90000        -995,60800         167,35400         -11,58800         -51,85129           0,03325
           5,95000        -995,60900         167,35400         -11,58800         -52,55326           0,04600
           6,00000        -995,60800         167,35500         -11,63800         -51,85129           0,02688
           6,05000        -995,60900         167,35400         -11,63900         -52,68089          -0,01136
           6,10000        -995,60900         167,35400         -11,63900         -51,78748           0,03963
           6,15000        -995,60800         167,35400         -11,68900         -51,40459           0,05237
           6,20000        -995,60900         167,35500         -11,69000         -51,72366           0,02051
           6,25000        -995,60900         167,35500         -11,73800         -52,17037           0,01413
           6,30000        -995,60900         167,35500         -11,74000         -51,85129           0,00776
           6,35000        -995,60900         167,35400         -11,74000         -51,85129          -0,01136
           6,40000        -995,60800         167,35400         -11,79000         -51,46840           0,03325
           6,45000        -995,60800         167,35500         -11,79100         -51,53222           0,03325
           6,50000        -995,60900         167,35500         -11,79100         -51,65985           0,04600
           6,55000        -995,60900         167,35500         -11,84100         -51,27696           0,05237
           6,60000        -995,60800         167,35600         -11,84200         -51,72366          -0,00498
           6,65000        -995,60900         167,35500         -11,84200         -51,65985           0,04600
           6,70000        -995,60800         167,35500         -11,89100         -51,08551           0,02051
           6,75000        -995,60900         167,35400         -11,89300         -51,72366           0,00139
           6,80000        -995,60900         167,35500         -11,89300         -51,85129           0,03963
           6,85000        -995,60900         167,35400         -11,94300         -52,10655           0,02051
           6,90000        -995,60900         167,35500         -11,94200         -51,59603          -0,01136
           6,95000        -995,60800         167,35500         -11,94300         -51,46840           0,02051
           7,00000        -995,60800         167,35500         -11,99200         -52,17037          -0,00498
           7,05000        -995,60800         167,35500         -11,99300         -51,59603           0,05874
           7,10000        -995,60800         167,35500         -12,04300         -51,46840           0,01413
           7,15000        -995,60800         167,35500         -12,04300         -51,40459           0,03963
           7,20000        -995,60700         167,35500         -12,04400         -51,53222           0,00776
           7,25000        -995,60800         167,35500         -12,09200         -51,78748           0,03325
           7,30000        -995,60800         167,35500         -12,09400         -51,59603          -0,01136
           7,35000        -995,60800         167,35400         -12,14400         -52,42563          -0,00498
           7,40000        -995,60800         167,35400         -12,14300         -51,27696           0,01413
           7,45000        -995,60800         167,35500         -12,14400         -51,46840           0,04600
           7,50000        -995,60900         167,35500         -12,18000         -51,72366           0,05237
           7,55000        -995,60900         167,35400         -12,19500         -51,65985           0,06512
           7,60000        -995,60800         167,35400         -12,19600         -51,46840           0,02051
           7,65000        -995,60900         167,35400         -12,24500         -51,40459          -0,01136
           7,70000        -995,60900         167,35500         -12,24500         -52,17037           0,07786
           7,75000        -995,60800         167,35500         -12,24600         -51,97892           0,03963
           7,80000        -995,60800         167,35400         -12,29600         -52,04274           0,01413
           7,85000        -995,60900         167,35500         -12,29700         -51,78748           0,03963
           7,90000        -995,60800         167,35400         -12,34500         -51,65985          -0,03685
           7,95000        -995,60900         167,35500         -12,34600         -52,04274           0,00776
           8,00000        -995,60900         167,35500         -12,34600         -51,85129           0,04600
           8,05000        -995,60800         167,35400         -12,39500         -51,34077           0,01413
           8,10000        -995,60800         167,35400         -12,39600         -51,97892          -0,01136
           8,15000        -995,60900         167,35400         -12,39700         -51,85129           0,03963
           8,20000        -995,60900         167,35400         -12,44600         -51,46840           0,03325
           8,25000        -995,60900         167,35400         -12,44600         -51,40459           0,05874
           8,30000        -995,60900         167,35400         -12,49600         -51,72366           0,00139
           8,35000        -995,60800         167,35400         -12,49700         -51,78748           0,03325
           8,40000        -995,60900         167,35400         -12,49700         -51,34077           0,03963
           8,45000        -995,60900         167,35400         -12,54800         -51,21314           0,02688
           8,50000        -995,60900         167,35400         -12,54900         -52,04274           0,00139
           8,55000        -995,60800         167,35400         -12,59800         -52,04274           0,03325
           8,60000        -995,60900         167,35400         -12,59800         -51,46840           0,02051
           8,65000        -995,60900         167,35400         -12,59900         -51,72366           0,03325
           8,70000        -995,60900         167,35300         -12,64400         -51,91511           0,00139
           8,75000        -995,60800         167,35400         -12,64800         -51,85129           0,01413
           8,80000        -995,60900         167,35400         -12,64800         -51,46840           0,03325
           8,85000        -995,60900         167,35400         -12,69700         -51,46840           0,02051
           8,90000        -995,60800         167,35400         -12,69800         -51,97892           0,02688
           8,95000        -995,60900         167,35300         -12,73100         -51,02170           0,00776
           9,00000        -995,60800         167,35300         -12,74900         -51,46840           0,06512
           9,05000        -995,60900         167,35400         -12,74900         -51,46840           0,06512
           9,10000        -995,60800         167,35400         -12,79900         -51,40459           0,04600
           9,15000        -995,60900         167,35400         -12,79900         -51,78748           0,00139
           9,20000        -995,60900         167,35400         -12,79900         -51,46840           0,01413
           9,25000        -995,60800         167,35400         -12,84900         -51,40459           0,00776
           9,30000        -995,60800         167,35300         -12,84900         -51,85129           0,02051
           9,35000        -995,60900         167,35500         -12,86300         -51,53222           0,00139
           9,40000        -995,60800         167,35400         -12,89800         -51,91511           0,01413
           9,45000        -995,60900         167,35500         -12,89900         -51,34077           0,00139
           9,50000        -995,60900         167,35400         -12,89900         -51,21314           0,02688
           9,55000        -995,60800         167,35400         -12,94900         -51,40459           0,03325
           9,60000        -995,60900         167,35400         -12,94900         -51,85129          -0,01136
           9,65000        -995,60900         167,35400         -12,99700         -51,08551           0,00139
           9,70000        -995,60900         167,35300         -12,99800         -51,34077           0,01413
           9,75000        -995,60800         167,35400         -12,99900         -51,53222           0,04600
           9,80000        -995,60800         167,35300         -13,05000         -51,65985           0,04600
           9,85000        -995,60900         167,35400         -13,05000         -51,78748           0,03325
           9,90000        -995,60900         167,35400         -13,10200         -51,14933          -0,01773
           9,95000        -995,60900         167,35400         -13,09900         -51,59603           0,03325
          10,00000        -995,60900         167,35500         -13,10100         -51,08551          -0,01136
          10,05000        -995,60900         167,35400         -13,10000         -51,97892           0,01413
          10,10000        -995,60900         167,35400         -13,15100         -51,27696           0,03325
          10,15000        -995,60900         167,35400         -13,15100         -52,10655           0,01413
          10,20000        -995,60900         167,35400         -13,20100         -51,14933           0,01413
          10,25000        -995,61000         167,35300         -13,20100         -51,40459          -0,00498
          10,30000        -995,60900         167,35300         -13,20100         -51,53222           0,03963
          10,35000        -995,61000         167,35400         -13,25100         -51,91511           0,03963
          10,40000        -995,60900         167,35400         -13,25100         -51,46840          -0,00498
          10,45000        -995,60800         167,35400         -13,30200         -51,53222           0,03325
          10,50000        -995,60900         167,35400         -13,30100         -51,78748           0,02051
          10,55000        -995,60900         167,35400         -13,30100         -51,97892           0,03963
          10,60000        -995,60900         167,35400         -13,35200         -52,48944           0,01413
          10,65000        -995,60900         167,35400         -13,35200         -51,78748           0,00776
          10,70000        -995,60900         167,35400         -13,35100         -51,46840           0,00776
          10,75000        -995,60900         167,35400         -13,40200         -51,72366           0,00139
          10,80000        -995,61000         167,35400         -13,40200         -51,46840           0,02688
          10,85000        -995,60900         167,35400         -13,40300         -52,17037           0,00776
          10,90000        -995,60900         167,35400         -13,45200         -51,40459          -0,00498
          10,95000        -995,60900         167,35400         -13,45300         -51,91511          -0,00498
          11,00000        -995,60900         167,35400         -13,45400         -51,97892           0,02688
          11,05000        -995,60900         167,35400         -13,50300         -51,91511           0,00139
          11,10000        -995,60900         167,35400         -13,50200         -51,53222          -0,02410
          11,15000        -995,60800         167,35400         -13,55100         -51,02170          -0,01136
          11,20000        -995,60900         167,35400         -13,55300         -50,95788           0,04600
          11,25000        -995,60900         167,35400         -13,55300         -51,97892           0,03325
          11,30000        -995,60800         167,35400         -13,60100         -51,65985           0,05237
          11,35000        -995,60800         167,35300         -13,60100         -51,46840          -0,01136
          11,40000        -995,60800         167,35400         -13,61000         -51,21314           0,03963
          11,45000        -995,60900         167,35400         -13,65100         -51,14933           0,01413
          11,50000        -995,60900         167,35500         -13,65100         -51,65985          -0,01136
          11,55000        -995,60900         167,35400         -13,70000         -51,40459           0,00139
          11,60000        -995,60900         167,35500         -13,70000         -51,85129           0,00776
          11,65000        -995,60800         167,35400         -13,70100         -52,04274           0,05237
          11,70000        -995,60800         167,35400         -13,75100         -51,46840           0,02688
          11,75000        -995,60900         167,35400         -13,75300         -51,21314           0,00776
          11,80000        -995,60900         167,35400         -13,75400         -51,59603           0,01413
          11,85000        -995,60900         167,35400         -13,80400         -51,59603           0,02051
          11,90000        -995,60800         167,35400         -13,80400         -51,27696           0,01413
          11,95000        -995,60900         167,35400         -13,80400         -51,27696           0,05237
          12,00000        -995,60800         167,35400         -13,85400         -51,14933           0,02051
          12,05000        -995,60800         167,35400         -13,85400         -51,85129           0,05874
          12,10000        -995,60900         167,35400         -13,85400         -51,53222          -0,00498
          12,15000        -995,60900         167,35400         -13,90200         -51,08551           0,02051
          12,20000        -995,60900         167,35400         -13,90400         -51,21314           0,03325
          12,25000        -995,60900         167,35400         -13,95500         -51,34077           0,00139
          12,30000        -995,60900         167,35400         -13,95300         -51,85129           0,00776
          12,35000        -995,60900         167,35400         -13,95400         -51,34077           0,02051
          12,40000        -995,60900         167,35500         -14,00300         -51,34077           0,02688
          12,45000        -995,60900         167,35400         -14,00400         -51,91511           0,02051
          12,50000        -995,60900         167,35500         -14,00400         -51,72366           0,02688
          12,55000        -995,60900         167,35400         -14,05300         -51,59603           0,03963
          12,60000        -995,60900         167,35400         -14,05400         -51,59603           0,03325
          12,65000        -995,60800         167,35400         -14,05400         -51,46840           0,02688
          12,70000        -995,60900         167,35400         -14,10300         -51,53222           0,00139
          12,75000        -995,60900         167,35400         -14,10300         -51,40459           0,05237
          12,80000        -995,60700         167,35400         -14,15200         -51,53222           0,00139
          12,85000        -995,60900         167,35400         -14,15200         -51,14933           0,06512
          12,90000        -995,60900         167,35400         -14,15200         -51,34077           0,00776
          12,95000        -995,60900         167,35400         -14,20200         -51,27696          -0,00498
          13,00000        -995,60900         167,35400         -14,20300         -51,14933           0,00776
          13,05000        -995,60900         167,35500         -14,20300         -51,34077           0,00139
          13,10000        -995,60900         167,35500         -14,25300         -50,70262           0,02688
          13,15000        -995,60800         167,35400         -14,25300         -51,40459           0,03963
          13,20000        -995,60900         167,35400         -14,25400         -51,14933           0,05237
          13,25000        -995,60900         167,35500         -14,30300         -52,04274           0,02688
          13,30000        -995,60800         167,35400         -14,30400         -51,34077           0,00776
          13,35000        -995,60800         167,35400         -14,30400         -51,40459           0,03963
          13,40000        -995,60900         167,35400         -14,35400         -51,40459           0,01413
          13,45000        -995,60800         167,35400         -14,35400         -51,27696           0,02688
          13,50000        -995,60900         167,35400         -14,35300         -51,27696           0,00139
          13,55000        -995,60800         167,35500         -14,40300         -51,53222           0,04600
          13,60000        -995,60900         167,35400         -14,40400         -51,97892           0,03963
          13,65000        -995,60900         167,35300         -14,42100         -51,46840           0,02051
          13,70000        -995,60900         167,35400         -14,45300         -51,02170          -0,00498
          13,75000        -995,60900         167,35400         -14,45300         -50,70262           0,03325
          13,80000        -995,60800         167,35500         -14,48700         -51,34077           0,03963
          13,85000        -995,60900         167,35400         -14,50300         -51,85129           0,02051
          13,90000        -995,60900         167,35400         -14,50300         -51,85129           0,01413
          13,95000        -995,60900         167,35500         -14,55200         -51,27696           0,06512
          14,00000        -995,60800         167,35400         -14,55200         -51,34077          -0,01136
          14,05000        -995,60900         167,35400         -14,56600         -51,34077           0,03963
          14,10000        -995,60900         167,35400         -14,60200         -51,97892          -0,02410
          14,15000        -995,60900         167,35400         -14,60200         -52,17037           0,01413
          14,20000        -995,60900         167,35500         -14,65200         -51,46840          -0,00498
          14,25000        -995,60900         167,35400         -14,65200         -51,21314           0,00776
          14,30000        -995,60900         167,35400         -14,65300         -51,59603           0,02688
          14,35000        -995,60900         167,35400         -14,70400         -51,02170           0,02688
          14,40000        -995,60900         167,35500         -14,70400         -51,91511           0,03325
          14,45000        -995,60900         167,35400         -14,74600         -51,40459          -0,00498
          14,50000        -995,60900         167,35400         -14,75300         -51,46840           0,05237
          14,55000        -995,60800         167,35400         -14,75400         -51,65985           0,01413
          14,60000        -995,60900         167,35400         -14,75400         -52,04274          -0,00498
          14,65000        -995,61000         167,35400         -14,80300         -51,72366           0,00139
          14,70000        -995,61000         167,35400         -14,80400         -51,21314           0,03325
          14,75000        -995,60900         167,35400         -14,85200         -51,65985           0,00139
          14,80000        -995,60900         167,35400         -14,85300         -51,53222           0,02688
          14,85000        -995,60900         167,35400         -14,85300         -51,78748          -0,00498
          14,90000        -995,60900         167,35400         -14,90000         -51,72366           0,02051
          14,95000        -995,61000         167,35400         -14,90300         -51,46840          -0,00498
          15,00000        -995,60800         167,35600         -14,91700         -51,78748           0,04600
          15,05000        -995,60900         167,35500         -14,95200         -51,46840           0,05237
          15,10000        -995,61000         167,35400         -14,95300         -51,72366           0,02688
          15,15000        -995,60900         167,35500         -14,95900         -50,89407          -0,01773
          15,20000        -995,60900         167,35500         -15,00200         -51,08551           0,03325
          15,25000        -995,61000         167,35400         -15,00300         -50,31973           0,00139
          15,30000        -995,60900         167,35500         -15,02000         -51,40459           0,03325
          15,35000        -995,60900         167,35400         -15,05400         -51,65985           0,03325
          15,40000        -995,60900         167,35400         -15,05400         -51,59603           0,05237
          15,45000        -995,60900         167,35400         -15,10100         -51,53222          -0,01136
          15,50000        -995,61000         167,35400         -15,10200         -50,95788           0,02688
          15,55000        -995,60800         167,35500         -15,10300         -51,59603           0,02688
          15,60000        -995,60900         167,35400         -15,15200         -51,72366           0,00776
          15,65000        -995,60900         167,35500         -15,15300         -51,46840          -0,01136
          15,70000        -995,61000         167,35400         -15,15300         -51,40459           0,03963
          15,75000        -995,60900         167,35400         -15,20300         -51,21314           0,00776
          15,80000        -995,60900         167,35400         -15,20300         -51,14933           0,00139
          15,85000        -995,61000         167,35600         -15,25000         -51,65985           0,02688
          15,90000        -995,60900         167,35400         -15,25100         -51,02170          -0,04322
          15,95000        -995,60900         167,35400         -15,25300         -51,21314           0,01413
          16,00000        -995,60900         167,35300         -15,25200         -51,27696           0,05874
          16,05000        -995,60900         167,35400         -15,30100         -52,10655           0,03325
          16,10000        -995,60900         167,35400         -15,30200         -51,85129          -0,01773
          16,15000        -995,60900         167,35500         -15,35100         -51,14933           0,02688
          16,20000        -995,60900         167,35400         -15,35000         -51,02170           0,02688
          16,25000        -995,60900         167,35500         -15,39800         -50,95788           0,05874
          16,30000        -995,60800         167,35400         -15,40200         -51,14933           0,03325
          16,35000        -995,60900         167,35500         -15,40300         -50,89407           0,03963
          16,40000        -995,61000         167,35400         -15,45200         -51,21314           0,00776
          16,45000        -995,60900         167,35500         -15,45100         -51,02170           0,03963
          16,50000        -995,60900         167,35400         -15,45200         -51,40459           0,04600
          16,55000        -995,60900         167,35400         -15,50000         -51,40459           0,02051
          16,60000        -995,60900         167,35400         -15,50200         -50,44736           0,02051
          16,65000        -995,60900         167,35500         -15,55000         -51,59603           0,00139
          16,70000        -995,60900         167,35400         -15,55100         -51,40459          -0,01773
          16,75000        -995,60900         167,35500         -15,55100         -51,08551           0,02688
          16,80000        -995,60800         167,35500         -15,59900         -51,34077           0,03963
          16,85000        -995,61000         167,35500         -15,60100         -50,57499          -0,01136
          16,90000        -995,60900         167,35500         -15,60100         -50,89407           0,03325
          16,95000        -995,60900         167,35500         -15,65100         -51,59603           0,02688
          17,00000        -995,60900         167,35400         -15,65100         -51,27696           0,00139
          17,05000        -995,60900         167,35400         -15,65100         -50,70262           0,02051
          17,10000        -995,60900         167,35400         -15,70100         -49,80921           0,01413
          17,15000        -995,60900         167,35500         -15,70200         -50,63880           0,03963
          17,20000        -995,60800         167,35500         -15,75200         -51,14933           0,01413
          17,25000        -995,60900         167,35400         -15,75200         -51,27696          -0,01136
          17,30000        -995,60900         167,35400         -15,75200         -51,02170           0,02051
          17,35000        -995,60700         167,35400         -15,77500         -50,83025           0,01413
          17,40000        -995,60900         167,35500         -15,80000         -51,59603           0,01413
          17,45000        -995,60800         167,35500         -15,80000         -51,08551           0,02051
          17,50000        -995,60900         167,35400         -15,83800         -49,10724           0,00139
          17,55000        -995,60900         167,35500         -15,85000         -51,34077           0,01413
          17,60000        -995,60800         167,35400         -15,85100         -50,89407           0,06512
          17,65000        -995,60800         167,35400         -15,90100         -50,12828           0,03963
          17,70000        -995,60800         167,35400         -15,90100         -50,00065           0,04600
          17,75000        -995,60800         167,35500         -15,90100         -50,19210           0,03325
          17,80000        -995,60900         167,35500         -15,95200         -49,10724           0,00776
          17,85000        -995,60700         167,35400         -15,95200         -49,93684          -0,00498
          17,90000        -995,60900         167,35400         -15,96600         -47,95857           0,05237
          17,95000        -995,60900         167,35400         -16,00100         -49,04343           0,02688
          18,00000        -995,60900         167,35400         -16,00200         -50,06447           0,01413
          18,05000        -995,60800         167,35500         -16,05100         -49,68158           0,02051
          18,10000        -995,60800         167,35400         -16,05100         -49,23487          -0,00498
          18,15000        -995,60800         167,35400         -16,05100         -49,80921           0,00139
          18,20000        -995,60900         167,35500         -16,10100         -48,72435           0,03963
          18,25000        -995,60900         167,35500         -16,10100         -49,80921           0,02688
          18,30000        -995,60800         167,35500         -16,15000         -49,29869           0,05237
          18,35000        -995,60900         167,35400         -16,15100         -49,36250           0,03963
          18,40000        -995,60900         167,35500         -16,15100         -49,29869          -0,00498
          18,45000        -995,60800         167,35400         -16,20000         -49,68158           0,01413
          18,50000        -995,60900         167,35500         -16,20100         -49,04343           0,03963
          18,55000        -995,60900         167,35500         -16,21700         -48,46909           0,03963
          18,60000        -995,61000         167,35400         -16,25300         -48,66054           0,05237
          18,65000        -995,61000         167,35500         -16,25300         -47,83094           0,03325
          18,70000        -995,60900         167,35500         -16,30100         -48,72435          -0,00498
          18,75000        -995,60900         167,35400         -16,30200         -49,42632          -0,00498
          18,80000        -995,60900         167,35400         -16,30200         -49,49013           0,02051
          18,85000        -995,60800         167,35400         -16,34900         -49,55395           0,05237
          18,90000        -995,60900         167,35400         -16,35100         -49,68158          -0,01773
          18,95000        -995,60900         167,35500         -16,35100         -46,10793          -0,01136
          19,00000        -995,60900         167,35400         -16,39900         -45,78886           0,04600
          19,05000        -995,60900         167,35500         -16,40000         -48,72435           0,05237
          19,10000        -995,60900         167,35400         -16,40000         -49,36250           0,02051
          19,15000        -995,60900         167,35400         -16,45000         -46,23556           0,00139
          19,20000        -995,60900         167,35500         -16,45100         -45,02308           0,03963
          19,25000        -995,60800         167,35500         -16,45100         -48,15002           0,05237
          19,30000        -995,60900         167,35400         -16,50300         -48,59672           0,03325
          19,35000        -995,60800         167,35500         -16,50300         -44,95926           0,03963
          19,40000        -995,61000         167,35500         -16,53000         -49,61776           0,02051
          19,45000        -995,60900         167,35500         -16,55200         -44,25730           0,01413
          19,50000        -995,60900         167,35400         -16,55200         -45,66123           0,05874
          19,55000        -995,61000         167,35400         -16,56800         -43,42770           0,03325
          19,60000        -995,61000         167,35500         -16,60000         -45,46978           0,03325
          19,65000        -995,60900         167,35500         -16,60100         -49,49013           0,03963
          19,70000        -995,60900         167,35400         -16,65100         -43,30007           0,00139
          19,75000        -995,60900         167,35500         -16,65100         -45,08689          -0,01773
          19,80000        -995,60900         167,35500         -16,65100         -44,38493          -0,01136
          19,85000        -995,60900         167,35500         -16,69900         -44,44874           0,03963
          19,90000        -995,61000         167,35400         -16,70000         -46,17175           0,00139
          19,95000        -995,61000         167,35400         -16,70000         -44,76782          -0,01136
          20,00000        -995,60900         167,35400         -16,75300         -45,40597           0,02051
          20,05000        -995,61000         167,35500         -16,75100         -42,78955          -0,01773
          20,10000        -995,60900         167,35400         -16,80200         -49,80921          -0,00498
          20,15000        -995,61000         167,35400         -16,80200         -49,87302           0,03963
          20,20000        -995,60900         167,35500         -16,80200         -45,02308           0,04600
          20,25000        -995,61000         167,35500         -16,80200         -43,42770           0,02688
          20,30000        -995,60900         167,35400         -16,85100         -51,02170           0,04600
          20,35000        -995,60900         167,35500         -16,85200         -44,70400           0,03963
          20,40000        -995,60900         167,35400         -16,90000         -44,12967           0,02051
          20,45000        -995,61000         167,35400         -16,90100         -43,74678           0,05874
          20,50000        -995,60900         167,35400         -16,90400         -46,04412           0,02688
          20,55000        -995,61000         167,35400         -16,95300         -50,38354           0,02688
          20,60000        -995,61000         167,35400         -16,95300         -47,06516           0,00776
          20,65000        -995,60900         167,35400         -17,00100         -50,51117           0,00139
          20,70000        -995,61000         167,35400         -17,00100         -50,95788           0,02688
          20,75000        -995,61000         167,35400         -17,00200         -48,85198           0,02051
          20,80000        -995,61000         167,35400         -17,05100         -50,44736          -0,00498
          20,85000        -995,61000         167,35400         -17,05100         -47,76713           0,05874
          20,90000        -995,60900         167,35400         -17,05200         -46,61845           0,05874
          20,95000        -995,60900         167,35400         -17,10200         -48,08620           0,04600
          21,00000        -995,61000         167,35400         -17,10200         -49,17106           0,05237
          21,05000        -995,60900         167,35400         -17,10200         -50,25591           0,00139
          21,10000        -995,60900         167,35500         -17,15100         -48,72435          -0,00498
          21,15000        -995,61000         167,35400         -17,15200         -49,42632           0,05237
          21,20000        -995,60800         167,35400         -17,15200         -47,63950           0,02051
          21,25000        -995,60900         167,35400         -17,19900         -49,29869          -0,00498
          21,30000        -995,61000         167,35400         -17,20000         -48,72435           0,00139
          21,35000        -995,60900         167,35300         -17,20000         -49,49013           0,03325
          21,40000        -995,60900         167,35400         -17,25000         -48,66054           0,05237
          21,45000        -995,60900         167,35400         -17,25200         -49,87302           0,02688
          21,50000        -995,60900         167,35400         -17,30000         -47,38424           0,01413
          21,55000        -995,60900         167,35400         -17,30100         -48,08620           0,01413
          21,60000        -995,60800         167,35400         -17,30200         -47,63950           0,00139
          21,65000        -995,60700         167,35400         -17,34800         -48,97961          -0,00498
          21,70000        -995,60900         167,35400         -17,35200         -50,63880           0,03325
          21,75000        -995,60900         167,35400         -17,35200         -47,63950           0,04600
          21,80000        -995,60900         167,35400         -17,40000         -45,46978          -0,01773
          21,85000        -995,60900         167,35400         -17,40000         -46,80990           0,02688
          21,90000        -995,60900         167,35400         -17,40100         -45,85267           0,01413
          21,95000        -995,60800         167,35300         -17,45000         -47,32042           0,03963
          22,00000        -995,60900         167,35400         -17,45100         -50,57499           0,02688
          22,05000        -995,60900         167,35400         -17,50100         -49,93684           0,02688
          22,10000        -995,61000         167,35400         -17,50100         -46,68227           0,03963
          22,15000        -995,61000         167,35400         -17,50100         -43,81059           0,03963
          22,20000        -995,60900         167,35400         -17,55000         -45,98030           0,02051
          22,25000        -995,60900         167,35300         -17,55100         -50,57499           0,02688
          22,30000        -995,60900         167,35300         -17,60000         -50,63880           0,05874
          22,35000        -995,60900         167,35300         -17,60000         -50,19210           0,03963
          22,40000        -995,60900         167,35300         -17,60100         -49,74539           0,00139
          22,45000        -995,60900         167,35400         -17,60100         -39,34353           0,03963
          22,50000        -995,60900         167,35400         -17,65100         -49,61776           0,01413
          22,55000        -995,60900         167,35300         -17,65100         -48,15002          -0,01773
          22,60000        -995,60900         167,35400         -17,68000         -46,29938          -0,00498
          22,65000        -995,60900         167,35400         -17,70000         -48,21383           0,05874
          22,70000        -995,60900         167,35300         -17,70000         -49,10724           0,00139
          22,75000        -995,60900         167,35300         -17,71600         -48,34146           0,03325
          22,80000        -995,60900         167,35300         -17,75000         -48,72435           0,01413
          22,85000        -995,60900         167,35400         -17,75000         -46,17175           0,03325
          22,90000        -995,60900         167,35400         -17,80000         -48,53291           0,06512
          22,95000        -995,61000         167,35400         -17,80000         -46,93753           0,03325
          23,00000        -995,60800         167,35500         -17,80100         -48,59672           0,02688
          23,05000        -995,60900         167,35400         -17,85100         -47,12897           0,03325
          23,10000        -995,60900         167,35400         -17,85200         -48,66054           0,03325
          23,15000        -995,60900         167,35400         -17,90000         -48,85198           0,04600
          23,20000        -995,60900         167,35400         -17,90100         -47,38424           0,00139
          23,25000        -995,60800         167,35400         -17,90100         -48,66054           0,05874
          23,30000        -995,60900         167,35400         -17,95000         -47,51187           0,00139
          23,35000        -995,60800         167,35400         -17,95000         -48,53291           0,03325
          23,40000        -995,60800         167,35400         -18,00200         -44,44874          -0,00498
          23,45000        -995,60900         167,35400         -18,00200         -47,25661          -0,00498
          23,50000        -995,60900         167,35500         -18,00200         -44,95926           0,02051
          23,55000        -995,60800         167,35400         -18,05000         -47,44805           0,02051
          23,60000        -995,60800         167,35500         -18,05100         -47,44805           0,02051
          23,65000        -995,60900         167,35400         -18,10000         -44,51256          -0,00498
          23,70000        -995,60900         167,35400         -18,10100         -47,76713           0,03963
          23,75000        -995,60900         167,35400         -18,10100         -48,46909           0,00776
          23,80000        -995,60800         167,35500         -18,15100         -49,23487          -0,00498
          23,85000        -995,60800         167,35500         -18,15100         -47,89476           0,00139
          23,90000        -995,60900         167,35400         -18,15200         -47,06516           0,03325
          23,95000        -995,60900         167,35500         -18,20100         -44,64019           0,03325
          24,00000        -995,60900         167,35400         -18,20100         -49,87302           0,06512
          24,05000        -995,60900         167,35400         -18,20600         -48,59672           0,02051
          24,10000        -995,60800         167,35400         -18,25200         -36,91856           0,02688
          24,15000        -995,60800         167,35500         -18,25300         -39,34353           0,02688
          24,20000        -995,60800         167,35400         -18,29800         -47,83094           0,01413
          24,25000        -995,60800         167,35500         -18,30200         -39,40735           0,00139
          24,30000        -995,60800         167,35500         -18,32300         -48,72435           0,00139
          24,35000        -995,60800         167,35400         -18,35200         -47,83094          -0,00498
          24,40000        -995,60800         167,35400         -18,35200         -49,42632          -0,00498
          24,45000        -995,60800         167,35400         -18,35200         -47,19279          -0,01773
          24,50000        -995,60800         167,35500         -18,40100         -14,00894           0,04600
          24,55000        -995,60900         167,35400         -18,40200         -49,68158           0,02688
          24,60000        -995,60800         167,35400         -18,45200         -50,00065           0,07786
          24,65000        -995,60900         167,35500         -18,45300         -49,42632           0,03325
          24,70000        -995,60800         167,35500         -18,45300         -49,17106           0,00139
          24,75000        -995,60900         167,35400         -18,50300         -52,42563           0,02688
          24,80000        -995,60800         167,35500         -18,50200         -50,83025           0,03325
          24,85000        -995,60700         167,35500         -18,55400         -50,38354           0,00139
          24,90000        -995,60800         167,35400         -18,55200         -50,38354           0,01413
          24,95000        -995,60800         167,35400         -18,55200         -50,06447          -0,01773
          25,00000        -995,60800         167,35300         -18,60800         -52,55326          -0,00498
          25,05000        -995,60800         167,35400         -18,60200         -49,87302           0,01413
          25,10000        -995,60800         167,35400         -18,60200         -50,19210           0,02688
          25,15000        -995,60800         167,35500         -18,65100         -50,95788           0,00139
          25,20000        -995,60800         167,35400         -18,65200         -51,40459           0,00139
          25,25000        -995,60800         167,35400         -18,65200         -51,21314           0,02051
          25,30000        -995,60800         167,35400         -18,70200         -49,55395           0,05237
          25,35000        -995,60800         167,35500         -18,70200         -49,55395           0,03963
          25,40000        -995,60900         167,35500         -18,73000         -51,27696           0,02688
          25,45000        -995,60900         167,35400         -18,75300         -54,14863           0,03963
          25,50000        -995,60900         167,35400         -18,75300         -49,36250           0,00139
          25,55000        -995,60800         167,35500         -18,80300         -49,36250           0,02051
          25,60000        -995,60800         167,35400         -18,80300         -51,27696           0,05237
          25,65000        -995,60900         167,35400         -18,80400         -55,93546           0,03963
          25,70000        -995,60800         167,35400         -18,85300         -47,12897           0,03963
          25,75000        -995,60800         167,35400         -18,85300         -48,59672           0,03325
          25,80000        -995,60700         167,35400         -18,89700         -50,44736           0,04600
          25,85000        -995,60800         167,35500         -18,90200         -51,21314           0,03325
          25,90000        -995,60800         167,35400         -18,90300         -55,04205           0,02051
          25,95000        -995,60900         167,35400         -18,95400         -46,80990           0,03325
          26,00000        -995,60900         167,35400         -18,95500         -41,00273           0,04600
          26,05000        -995,60800         167,35400         -18,95500         -39,21590           0,03963
          26,10000        -995,60900         167,35400         -19,00200         -50,00065           0,01413
          26,15000        -995,60800         167,35400         -19,00300         -27,34630           0,03963
          26,20000        -995,60800         167,35500         -19,05300         -55,87164           0,03963
          26,25000        -995,60900         167,35400         -19,05300         -51,02170           0,01413
          26,30000        -995,60800         167,35400         -19,05300         -47,63950           0,00776
          26,35000        -995,60800         167,35500         -19,10200         -15,47669           0,05237
          26,40000        -995,60900         167,35500         -19,10300         -34,17451           0,03963
          26,45000        -995,60900         167,35500         -19,15300         -51,08551           0,03963
          26,50000        -995,60900         167,35400         -19,15300         -51,91511           0,03963
          26,55000        -995,60900         167,35500         -19,15400         -53,82956           0,02688
          26,60000        -995,60900         167,35300         -19,20200         -59,12621           0,03325
          26,65000        -995,60900         167,35300         -19,20400         -50,51117           0,04600
          26,70000        -995,60900         167,35400         -19,20500         -49,68158          -0,00498
          26,75000        -995,60900         167,35500         -19,25200         -11,83923           0,02051
          26,80000        -995,60800         167,35400         -19,25400         214,19382           0,03325
          26,85000        -995,60800         167,35400         -19,26600         -58,87095           0,04600
          26,90000        -995,60900         167,35400         -19,30300         -60,53014           0,02051
          26,95000        -995,60900         167,35400         -19,30400         -55,23349           0,00139
          27,00000        -995,60800         167,35400         -19,35500         -75,46287          -0,01773
          27,05000        -995,60800         167,35400         -19,35300         310,23552          -0,01773
          27,10000        -995,60600         167,35500         -19,39600         -60,59396           0,03325
          27,15000        -995,60900         167,35500         -19,40400         -55,29731           0,04600
          27,20000        -995,60900         167,35400         -19,40400         -69,71952           0,00139
          27,25000        -995,60800         167,35500         -19,40400         -60,21107           0,02688
          27,30000        -995,60800         167,35400         -19,45300         176,35147          -0,01773
          27,35000        -995,60900         167,35400         -19,45300         392,30173           0,02688
          27,40000        -995,60900         167,35400         -19,50500         172,39493           0,01413
          27,45000        -995,60900         167,35400         -19,50500          20,77028           0,01413
          27,50000        -995,60900         167,35400         -19,51800         375,39073           0,05874
          27,55000        -995,60800         167,35400         -19,55400         287,45354           0,00139
          27,60000        -995,60700         167,35500         -19,60100         411,38244           0,00139
          27,65000        -995,60800         167,35400         -19,60400         529,18510           0,00139
          27,70000        -995,60900         167,35400         -19,60500         439,52490          -0,00498
          27,75000        -995,60800         167,35400         -19,60500         517,31549           0,02688
          27,80000        -995,60900         167,35400         -19,65400         452,73462          -0,03047
          27,85000        -995,60900         167,35400         -19,65400         631,99120           0,02051
          27,90000        -995,60800         167,35500         -19,66900         610,67696           0,01413
          27,95000        -995,60900         167,35400         -19,70600         499,70252          -0,00498
          28,00000        -995,60900         167,35400         -19,70600         508,95571           0,03325
          28,05000        -995,60900         167,35500         -19,75400         478,83499           0,02688
          28,10000        -995,60900         167,35500         -19,75500         296,32383           0,02051
          28,15000        -995,60900         167,35500         -19,75600         285,47527           0,02051
          28,20000        -995,60900         167,35400         -19,75500         754,57999           0,05237
          28,25000        -995,60900         167,35500         -18,16800         -51,02170           0,02051
          28,30000        -995,60900         167,35200         -10,50200         -50,95788           0,02051
          28,35000        -995,61000         167,35200         -10,50300         -51,85129           0,05874
          28,40000        -995,60900         167,35300         -10,50300         -52,10655           0,02688
          28,45000        -995,61000         167,35200         -10,50300         -52,29800          -0,00498
          28,50000        -995,61000         167,35200         -10,50400         -51,46840           0,03963
          28,55000        -995,60900         167,35300         -10,50400         -51,14933          -0,03047
          28,60000        -995,60900         167,35200         -10,50300         -51,46840           0,01413
          28,65000        -995,61000         167,35200         -10,50300         -52,29800          -0,00498
          28,70000        -995,60900         167,35300         -10,50400         -52,36181           0,00139
          28,75000        -995,61000         167,35300         -10,50300         -51,65985           0,02688
          28,80000        -995,60900         167,35300         -10,50400         -52,04274           0,05237
          28,85000        -995,61000         167,35200         -10,50300         -51,72366           0,05874
          28,90000        -995,61000         167,35300         -10,50400         -51,14933           0,00139
          28,95000        -995,61000         167,35200         -10,50400         -51,72366           0,00776
          29,00000        -995,61000         167,35300         -10,50400         -51,46840           0,05874
          29,05000        -995,61000         167,35300         -10,50400         -51,46840           0,00776
          29,10000        -995,61000         167,35300         -10,50300         -52,23418           0,03325
          29,15000        -995,60900         167,35300         -10,50300         -51,40459           0,06512
          29,20000        -995,61000         167,35200         -10,50300         -51,65985           0,03325
          29,25000        -995,61000         167,35300         -10,50300         -51,97892           0,01413
          29,30000        -995,61000         167,35200         -10,50300         -52,04274           0,03963
          29,35000        -995,60900         167,35300         -10,50300         -51,53222           0,03963
          29,40000        -995,60900         167,35200         -10,50300         -51,21314          -0,01136
          29,45000        -995,61000         167,35200         -10,50400         -52,29800           0,00776
          29,50000        -995,61000         167,35200         -10,50400         -51,85129           0,02688
          29,55000        -995,60900         167,35300         -10,50400         -51,97892          -0,00498
          29,60000        -995,61000         167,35200         -10,50300         -51,21314           0,00139
          29,65000        -995,61000         167,35300         -10,50400         -52,10655           0,01413
          29,70000        -995,61000         167,35300         -10,50300         -51,78748           0,01413
          29,75000        -995,60900         167,35300         -10,50300         -51,85129          -0,03047
          29,80000        -995,61000         167,35200         -10,50300         -52,04274           0,00139
          29,85000        -995,61000         167,35300         -10,50400         -52,10655          -0,00498
          29,90000        -995,61000         167,35200         -10,50400         -51,97892           0,03963
          29,95000        -995,60900         167,35200         -10,50400         -51,46840          -0,00498
          30,00000        -995,60900         167,35200         -10,50400         -52,29800          -0,02410
          30,05000        -995,61000         167,35200         -10,50400         -51,65985           0,03325
          30,10000        -995,61000         167,35300         -10,50300         -52,36181           0,04600
          30,15000        -995,61000         167,35200         -10,50300         -51,46840           0,00776
          30,20000        -995,61000         167,35300         -10,50400         -51,78748           0,02051
          30,25000        -995,60900         167,35300         -10,50300         -50,89407           0,02688
          30,30000        -995,61000         167,35300         -10,50400         -51,34077          -0,00498
          30,35000        -995,61000         167,35300         -10,50400         -52,29800           0,03325
          30,40000        -995,61000         167,35200         -10,50300         -51,72366          -0,00498
          30,45000        -995,61000         167,35300         -10,50300         -52,17037           0,01413
          30,50000        -995,61000         167,35300         -10,50400         -52,04274           0,04600
          30,55000        -995,61000         167,35300         -10,50300         -51,40459           0,01413
          30,60000        -995,60900         167,35300         -10,50400         -51,85129           0,03963
          30,65000        -995,61000         167,35200         -10,50300         -51,72366           0,02051
          30,70000        -995,60900         167,35300         -10,50300         -52,29800           0,01413
          30,75000        -995,61000         167,35200         -10,50300         -51,91511           0,06512
          30,80000        -995,61000         167,35300         -10,50300         -51,59603           0,00776
          30,85000        -995,61000         167,35200         -10,50300         -51,65985          -0,00498
          30,90000        -995,60900         167,35200         -10,50300         -52,17037           0,03963
          30,95000        -995,61000         167,35300         -10,50400         -51,72366           0,00139
          31,00000        -995,61000         167,35300         -10,50300         -51,40459           0,03963
          31,05000        -995,61000         167,35300         -10,50400         -52,17037           0,05237
          31,10000        -995,61000         167,35300         -10,50300         -52,23418           0,00776
          31,15000        -995,60900         167,35200         -10,50400         -51,91511          -0,01136
          31,20000        -995,60900         167,35200         -10,50300         -51,72366           0,01413
          31,25000        -995,60900         167,35200         -10,50300         -51,08551           0,03325
          31,30000        -995,61000         167,35200         -10,50400         -51,40459           0,02051
          31,35000        -995,61000         167,35200         -10,50400         -51,78748           0,04600
          31,40000        -995,61000         167,35200         -10,50300         -52,42563           0,01413
          31,45000        -995,61000         167,35300         -10,50300         -51,78748           0,01413
          31,50000        -995,61000         167,35200         -10,50400         -51,08551           0,02051
          31,55000        -995,61000         167,35200         -10,50400         -51,91511           0,00776
          31,60000        -995,61000         167,35200         -10,50400         -51,78748           0,00139
          31,65000        -995,60900         167,35200         -10,50300         -51,85129           0,02051
          31,70000        -995,61000         167,35300         -10,50300         -52,04274           0,03325
          31,75000        -995,61000         167,35300         -10,50300         -51,85129           0,00776
          31,80000        -995,60900         167,35300         -10,50300         -51,53222           0,00776
          31,85000        -995,61000         167,35200         -10,50300         -51,91511           0,01413
          31,90000        -995,60900         167,35200         -10,50400         -52,55326           0,02051
          31,95000        -995,61000         167,35200         -10,50400         -52,04274           0,00139
          32,00000        -995,60900         167,35300         -10,50400         -51,34077           0,06512
          32,05000        -995,61000         167,35300         -10,50400         -51,34077           0,02688
          32,10000        -995,61000         167,35300         -10,50300         -51,27696           0,03963
          32,15000        -995,61000         167,35300         -10,50400         -51,53222          -0,00498
          32,20000        -995,61000         167,35300         -10,50300         -51,78748           0,00776
          32,25000        -995,61000         167,35200         -10,50400         -52,04274          -0,01136
          32,30000        -995,60900         167,35200         -10,50300         -51,40459           0,04600
          32,35000        -995,60900         167,35200         -10,50400         -52,17037           0,03325
          32,40000        -995,61000         167,35300         -10,50300         -52,23418           0,00139
          32,45000        -995,60900         167,35300         -10,50300         -51,91511           0,04600
          32,50000        -995,61000         167,35200         -10,50300         -52,29800           0,00139
          32,55000        -995,61000         167,35300         -10,50400         -51,21314           0,03963
          32,60000        -995,61000         167,35200         -10,50300         -51,59603           0,03963
          32,65000        -995,61000         167,35200         -10,50300         -52,23418           0,02051
