
// =========================================================================================================
// 2026-04-17, 15:23:08
//        Time [s]        Pos X [um]        Pos Y [um]        Pos Z [um]      Force A [uN]      Force B [uN]
// =========================================================================================================
           0,00000         -45,82800          20,09100         -10,07900         -36,53567           0,02051
           0,05000         -45,82800          20,09100         -10,07800         -36,72712           0,05237
           0,10000         -45,82800          20,09100         -10,07800         -36,02515           0,00776
           0,15000         -45,82800          20,09200         -10,07800         -36,47186           0,03325
           0,20000         -45,82800          20,09100         -10,07800         -36,28041           0,03325
           0,25000         -45,82900          20,09100         -10,07800         -36,02515          -0,00498
           0,30000         -45,82800          20,09100         -10,07800         -36,21659           0,02051
           0,35000         -45,82800          20,09100         -10,07800         -35,76989           0,01413
           0,40000         -45,82800          20,09200         -10,07800         -36,47186           0,00776
           0,45000         -45,82800          20,09100         -10,07700         -35,70607           0,00139
           0,50000         -45,82800          20,09200         -10,07700         -35,89752           0,01413
           0,55000         -45,82800          20,09200         -10,07800         -36,47186           0,03963
           0,60000         -45,82800          20,09100         -10,07800         -36,28041           0,01413
           0,65000         -45,82900          20,09200         -10,07800         -36,15278           0,01413
           0,70000         -45,82800          20,09100         -10,07800         -36,28041          -0,01136
           0,75000         -45,82900          20,09100         -10,07800         -36,34422           0,03325
           0,80000         -45,82900          20,09100         -10,07800         -35,70607           0,03325
           0,85000         -45,82900          20,09200         -10,07800         -36,72712           0,00139
           0,90000         -45,83000          20,09100         -10,07900         -36,59949           0,01413
           0,95000         -45,82900          20,09200         -10,07900         -36,34422           0,00776
           1,00000         -45,82900          20,09200         -10,07800         -35,76989           0,00139
           1,05000         -45,82900          20,09200         -10,07900         -35,76989           0,00139
           1,10000         -45,82900          20,09200         -10,07800         -36,34422           0,02051
           1,15000         -45,82900          20,09200         -10,07800         -36,47186           0,00776
           1,20000         -45,82900          20,09200         -10,07800         -36,02515           0,03963
           1,25000         -45,82800          20,09200         -10,07900         -35,89752           0,03963
           1,30000         -45,82900          20,09100         -10,07800         -36,47186           0,04600
           1,35000         -45,82900          20,09200         -10,07800         -36,15278           0,03963
           1,40000         -45,82900          20,09200         -10,07800         -36,53567          -0,01136
           1,45000         -45,82800          20,09100         -10,07800         -36,40804           0,01413
           1,50000         -45,82800          20,09200         -10,07800         -36,21659           0,02688
           1,55000         -45,82900          20,09100         -10,07800         -36,34422           0,06512
           1,60000         -45,82900          20,09100         -10,07800         -36,34422           0,00139
           1,65000         -45,82800          20,09100         -10,07700         -36,47186           0,01413
           1,70000         -45,82800          20,09100         -10,07800         -36,21659           0,02688
           1,75000         -45,82900          20,09100         -10,07800         -36,28041          -0,01136
           1,80000         -45,82900          20,09100         -10,07800         -36,34422          -0,00498
           1,85000         -45,82900          20,09100         -10,07800         -36,34422           0,02051
           1,90000         -45,82900          20,09100         -10,07700         -36,59949           0,05237
           1,95000         -45,82900          20,09100         -10,07700         -35,76989           0,01413
           2,00000         -45,82900          20,09100         -10,07800         -36,47186           0,02051
           2,05000         -45,82900          20,09100         -10,07800         -36,66330           0,05874
           2,10000         -45,82900          20,09200         -10,07800         -36,28041           0,05237
           2,15000         -45,82900          20,09100         -10,07800         -35,45081           0,03325
           2,20000         -45,83000          20,09000          -9,79100         -36,21659           0,00776
           2,25000         -45,83000          20,09100          -9,79000         -36,72712           0,02051
           2,30000         -45,82900          20,09100          -9,78400         -36,79093           0,03325
           2,35000         -45,83000          20,09100          -9,78700         -35,96133          -0,00498
           2,40000         -45,82900          20,09000          -9,78800         -35,32318           0,00139
           2,45000         -45,82900          20,09000          -9,78400         -36,15278           0,03963
           2,50000         -45,82900          20,09000          -9,78400         -36,53567           0,02051
           2,55000         -45,82900          20,09100          -9,78400         -36,21659          -0,01136
           2,60000         -45,82900          20,09100          -9,78000         -35,89752           0,03325
           2,65000         -45,83000          20,09100          -9,78100         -36,08896           0,05874
           2,70000         -45,82900          20,09100          -9,78000         -36,34422           0,00776
           2,75000         -45,82900          20,09100          -9,77600         -36,59949           0,01413
           2,80000         -45,83000          20,09100          -9,77700         -37,11001           0,03325
           2,85000         -45,83000          20,09000          -9,77700         -35,13174           0,06512
           2,90000         -45,82900          20,09000          -9,77400         -35,64226          -0,01773
           2,95000         -45,83000          20,09100          -9,77400         -35,89752           0,02688
           3,00000         -45,83000          20,09000          -9,76600         -36,91856           0,05874
           3,05000         -45,82900          20,09000          -9,77100         -36,47186           0,04600
           3,10000         -45,83000          20,09000          -9,77200         -36,15278           0,02051
           3,15000         -45,83000          20,09000          -9,76900         -35,70607           0,02051
           3,20000         -45,83000          20,09100          -9,76900         -35,96133           0,04600
           3,25000         -45,82900          20,09100          -9,76800         -36,21659           0,05237
           3,30000         -45,82900          20,09100          -9,76700         -36,15278           0,00776
           3,35000         -45,83000          20,09100          -9,76800         -36,47186           0,03963
           3,40000         -45,82900          20,09100          -9,77500         -36,34422           0,05237
           3,45000         -45,83000          20,09100          -9,77500         -35,51463           0,00139
           3,50000         -45,82900          20,09100          -9,77600         -36,53567           0,05874
           3,55000         -45,82900          20,09000          -9,80800         -36,21659           0,01413
           3,60000         -45,83000          20,09000          -9,81100         -36,28041           0,04600
           3,65000         -45,83000          20,09000          -9,85300         -36,02515           0,04600
           3,70000         -45,82900          20,09000          -9,85200         -36,34422          -0,01773
           3,75000         -45,82900          20,09000          -9,85200         -35,64226           0,03963
           3,80000         -45,82900          20,09100          -9,89800         -36,53567           0,03963
           3,85000         -45,82900          20,09100          -9,89800         -35,76989           0,05237
           3,90000         -45,83000          20,09000          -9,89800         -35,76989           0,02688
           3,95000         -45,83000          20,09000          -9,94600         -35,76989           0,00776
           4,00000         -45,83000          20,09000          -9,94700         -36,28041           0,03325
           4,05000         -45,82900          20,09100          -9,94800         -35,96133           0,02688
           4,10000         -45,83000          20,09000          -9,99600         -36,02515          -0,00498
           4,15000         -45,83000          20,09100          -9,99700         -36,02515          -0,02410
           4,20000         -45,82900          20,09000          -9,99700         -35,76989           0,03963
           4,25000         -45,82900          20,09000         -10,04800         -36,72712           0,05874
           4,30000         -45,83000          20,09000         -10,04900         -36,02515          -0,00498
           4,35000         -45,83000          20,09000         -10,09900         -36,08896           0,02688
           4,40000         -45,83000          20,09000         -10,09800         -35,96133           0,00139
           4,45000         -45,83000          20,09000         -10,09900         -36,15278           0,01413
           4,50000         -45,83100          20,09000         -10,10500         -35,83370           0,02051
           4,55000         -45,82900          20,09000         -10,15100         -36,02515           0,03963
           4,60000         -45,83000          20,09000         -10,15100         -35,76989           0,01413
           4,65000         -45,83000          20,09200         -10,19500         -36,66330           0,03963
           4,70000         -45,82900          20,09100         -10,20100         -35,51463           0,02688
           4,75000         -45,83000          20,09100         -10,20100         -36,21659           0,00139
           4,80000         -45,82900          20,09100         -10,25200         -36,28041           0,01413
           4,85000         -45,82900          20,09100         -10,25200         -35,76989          -0,01136
           4,90000         -45,83000          20,09000         -10,25200         -36,08896           0,01413
           4,95000         -45,83000          20,09000         -10,30500         -36,47186           0,05237
           5,00000         -45,82900          20,09000         -10,30500         -36,28041           0,05237
           5,05000         -45,82800          20,09100         -10,35200         -35,76989           0,01413
           5,10000         -45,83000          20,09000         -10,35600         -36,21659           0,02051
           5,15000         -45,83000          20,09100         -10,35600         -36,21659           0,01413
           5,20000         -45,82900          20,09000         -10,37900         -36,34422           0,01413
           5,25000         -45,82900          20,09000         -10,40500         -36,79093           0,03963
           5,30000         -45,82900          20,09100         -10,40600         -36,59949           0,03325
           5,35000         -45,82900          20,09000         -10,40600         -35,96133           0,02688
           5,40000         -45,83000          20,09000         -10,45600         -36,02515           0,00776
           5,45000         -45,83000          20,09100         -10,45800         -35,96133           0,00776
           5,50000         -45,83000          20,09100         -10,50900         -36,53567           0,02051
           5,55000         -45,83000          20,09100         -10,51000         -36,34422           0,02688
           5,60000         -45,83000          20,09100         -10,51000         -36,53567           0,00776
           5,65000         -45,83000          20,09000         -10,56000         -36,59949           0,02688
           5,70000         -45,83000          20,09000         -10,56100         -36,21659           0,02688
           5,75000         -45,82900          20,08900         -10,56900         -36,08896           0,00776
           5,80000         -45,83000          20,09000         -10,61000         -36,34422           0,00139
           5,85000         -45,83000          20,09000         -10,61100         -36,15278           0,03325
           5,90000         -45,83000          20,09000         -10,66300         -36,02515           0,01413
           5,95000         -45,83000          20,09100         -10,66200         -36,40804           0,02051
           6,00000         -45,83000          20,09100         -10,66100         -35,89752           0,03963
           6,05000         -45,82900          20,09000         -10,71000         -35,83370           0,00139
           6,10000         -45,83000          20,09000         -10,71100         -35,89752           0,00139
           6,15000         -45,83000          20,09000         -10,73800         -36,47186           0,00139
           6,20000         -45,83000          20,09000         -10,76400         -35,96133           0,05237
           6,25000         -45,83000          20,09000         -10,76400         -35,96133           0,01413
           6,30000         -45,83000          20,09000         -10,81300         -35,96133           0,08424
           6,35000         -45,83000          20,08900         -10,81300         -36,15278           0,02688
           6,40000         -45,83000          20,09000         -10,81400         -34,87648           0,03963
           6,45000         -45,83000          20,09100         -10,86300         -36,72712           0,02051
           6,50000         -45,83000          20,09100         -10,86300         -36,15278           0,10335
           6,55000         -45,82900          20,09000         -10,88100         -35,57844           0,02688
           6,60000         -45,83000          20,09000         -10,91600         -36,53567           0,04600
           6,65000         -45,83000          20,09000         -10,91500         -35,76989           0,02688
           6,70000         -45,83000          20,09100         -10,91600         -35,32318           0,03325
           6,75000         -45,83000          20,09000         -10,96500         -36,02515           0,02051
           6,80000         -45,82900          20,09100         -10,96600         -36,34422          -0,01773
           6,85000         -45,83000          20,09000         -11,01400         -36,40804           0,05237
           6,90000         -45,83000          20,09000         -11,01400         -36,08896           0,02688
           6,95000         -45,83000          20,09000         -11,01300         -36,15278           0,03325
           7,00000         -45,82900          20,09000         -11,06400         -36,28041          -0,00498
           7,05000         -45,83000          20,09000         -11,06300         -36,28041           0,05237
           7,10000         -45,83000          20,09000         -11,11500         -36,15278           0,02688
           7,15000         -45,83000          20,09000         -11,11500         -35,57844          -0,01136
           7,20000         -45,83000          20,09000         -11,11500         -36,66330          -0,01136
           7,25000         -45,83000          20,09100         -11,16500         -36,34422           0,00139
           7,30000         -45,83000          20,09000         -11,16600         -36,47186           0,04600
           7,35000         -45,83000          20,09100         -11,21600         -35,89752          -0,01136
           7,40000         -45,83000          20,09000         -11,21600         -36,59949          -0,01773
           7,45000         -45,83000          20,09100         -11,21600         -35,64226           0,05237
           7,50000         -45,83000          20,09100         -11,26500         -35,70607           0,08424
           7,55000         -45,83000          20,09100         -11,26700         -35,96133           0,02688
           7,60000         -45,83000          20,09100         -11,31000         -36,08896          -0,00498
           7,65000         -45,83000          20,09100         -11,31700         -36,66330           0,03963
           7,70000         -45,83000          20,09100         -11,31700         -36,15278           0,05874
           7,75000         -45,83000          20,09100         -11,34600         -35,76989           0,00139
           7,80000         -45,83000          20,09100         -11,36700         -35,83370           0,05237
           7,85000         -45,83000          20,09100         -11,36700         -36,34422           0,00776
           7,90000         -45,83000          20,09000         -11,41500         -36,21659           0,02051
           7,95000         -45,83000          20,09000         -11,41600         -35,89752          -0,01136
           8,00000         -45,83000          20,09100         -11,41600         -35,96133           0,01413
           8,05000         -45,83000          20,09000         -11,46600         -35,83370           0,03325
           8,10000         -45,83000          20,09200         -11,46700         -36,28041           0,00139
           8,15000         -45,83000          20,09100         -11,46800         -35,89752           0,00139
           8,20000         -45,83000          20,09100         -11,51600         -36,15278           0,02051
           8,25000         -45,83000          20,09100         -11,51600         -35,89752           0,02051
           8,30000         -45,83000          20,09100         -11,51900         -35,25937           0,03963
           8,35000         -45,83000          20,09000         -11,56600         -36,08896           0,00776
           8,40000         -45,83000          20,09000         -11,56600         -36,08896           0,00776
           8,45000         -45,83000          20,09100         -11,61400         -36,15278           0,02688
           8,50000         -45,83000          20,09000         -11,61700         -35,70607           0,04600
           8,55000         -45,83000          20,09000         -11,61700         -35,57844           0,05237
           8,60000         -45,83000          20,09100         -11,66500         -35,70607           0,03325
           8,65000         -45,83000          20,09000         -11,66600         -35,83370           0,02051
           8,70000         -45,83000          20,09100         -11,66700         -36,34422          -0,00498
           8,75000         -45,83000          20,09100         -11,71500         -35,96133          -0,01773
           8,80000         -45,82900          20,09100         -11,71500         -35,70607           0,05237
           8,85000         -45,83000          20,09000         -11,71500         -35,76989           0,05237
           8,90000         -45,83000          20,09000         -11,76600         -36,08896          -0,01773
           8,95000         -45,83000          20,09100         -11,76600         -36,15278           0,02688
           9,00000         -45,83000          20,09100         -11,81500         -35,89752           0,03325
           9,05000         -45,83000          20,09100         -11,81600         -35,64226           0,04600
           9,10000         -45,83000          20,09100         -11,81600         -35,19555          -0,00498
           9,15000         -45,83000          20,09100         -11,86700         -36,08896           0,03325
           9,20000         -45,83000          20,09100         -11,86700         -36,28041          -0,01773
           9,25000         -45,83000          20,09100         -11,86600         -36,47186           0,02051
           9,30000         -45,83000          20,09100         -11,91500         -36,02515           0,05874
           9,35000         -45,83000          20,09000         -11,91600         -35,96133           0,02051
           9,40000         -45,83000          20,09000         -11,92300         -36,08896           0,00776
           9,45000         -45,83000          20,09100         -11,96500         -36,15278           0,03325
           9,50000         -45,83000          20,09100         -11,96600         -36,40804           0,00776
           9,55000         -45,83000          20,09000         -12,00900         -36,53567           0,04600
           9,60000         -45,83000          20,09100         -12,01700         -36,15278           0,02051
           9,65000         -45,83000          20,09000         -12,01700         -35,51463           0,00776
           9,70000         -45,83000          20,09000         -12,06600         -35,32318           0,05237
           9,75000         -45,82900          20,09100         -12,06600         -36,02515          -0,00498
           9,80000         -45,83000          20,09100         -12,06600         -36,02515           0,01413
           9,85000         -45,83100          20,09100         -12,11600         -36,34422           0,00776
           9,90000         -45,83000          20,09100         -12,11600         -35,51463           0,03963
           9,95000         -45,83000          20,09100         -12,11600         -35,70607           0,03963
          10,00000         -45,83000          20,09100         -12,16500         -35,76989           0,03963
          10,05000         -45,83000          20,09100         -12,16500         -35,70607           0,02688
          10,10000         -45,82900          20,09000         -12,16600         -35,83370          -0,00498
          10,15000         -45,83000          20,09100         -12,21700         -35,83370           0,02051
          10,20000         -45,83000          20,09100         -12,21700         -36,02515           0,01413
          10,25000         -45,83000          20,09100         -12,26700         -35,76989          -0,00498
          10,30000         -45,83100          20,09000         -12,26700         -36,47186           0,00776
          10,35000         -45,83000          20,09000         -12,26700         -35,83370           0,00776
          10,40000         -45,83000          20,09100         -12,31700         -36,34422          -0,01136
          10,45000         -45,83000          20,09100         -12,31800         -35,89752           0,05237
          10,50000         -45,83000          20,09100         -12,31800         -35,51463           0,02688
          10,55000         -45,83000          20,09100         -12,36900         -35,64226           0,02051
          10,60000         -45,83000          20,09100         -12,36900         -35,45081           0,06512
          10,65000         -45,82900          20,09100         -12,36800         -35,64226           0,02688
          10,70000         -45,83000          20,09100         -12,41600         -35,45081           0,03325
          10,75000         -45,83000          20,09100         -12,41700         -36,15278           0,04600
          10,80000         -45,83000          20,09100         -12,46800         -35,57844           0,01413
          10,85000         -45,83000          20,09100         -12,46800         -35,96133           0,01413
          10,90000         -45,83000          20,09100         -12,46800         -36,47186          -0,01773
          10,95000         -45,83000          20,09100         -12,51800         -36,02515           0,01413
          11,00000         -45,83100          20,09100         -12,51800         -35,83370           0,00776
          11,05000         -45,83000          20,09100         -12,56900         -36,08896          -0,01136
          11,10000         -45,83000          20,09100         -12,56900         -35,83370           0,03325
          11,15000         -45,83000          20,09000         -12,57000         -36,08896           0,05874
          11,20000         -45,83000          20,09200         -12,57000         -36,40804           0,00776
          11,25000         -45,82900          20,09100         -12,61900         -36,21659           0,04600
          11,30000         -45,83000          20,09100         -12,62000         -35,45081           0,03325
          11,35000         -45,83000          20,09100         -12,66900         -35,76989           0,00776
          11,40000         -45,83000          20,09100         -12,67000         -35,51463           0,03325
          11,45000         -45,83000          20,09100         -12,67000         -35,57844           0,03325
          11,50000         -45,83000          20,09100         -12,71900         -35,96133           0,05237
          11,55000         -45,83100          20,09100         -12,72000         -35,96133          -0,00498
          11,60000         -45,83000          20,09100         -12,76700         -36,15278           0,02688
          11,65000         -45,83100          20,09100         -12,76900         -35,89752           0,02688
          11,70000         -45,83000          20,09100         -12,76900         -35,76989          -0,03047
          11,75000         -45,83000          20,09100         -12,79200         -36,40804           0,01413
          11,80000         -45,83000          20,09100         -12,81900         -36,98238           0,00139
          11,85000         -45,83000          20,09000         -12,82000         -35,45081           0,02688
          11,90000         -45,83100          20,09100         -12,86700         -35,38700           0,00776
          11,95000         -45,83000          20,09000         -12,86900         -35,96133           0,02688
          12,00000         -45,83100          20,09000         -12,86800         -35,70607           0,03325
          12,05000         -45,83100          20,09000         -12,92000         -35,83370          -0,00498
          12,10000         -45,83000          20,09000         -12,92000         -36,40804           0,01413
          12,15000         -45,83100          20,09100         -12,92000         -35,70607           0,03325
          12,20000         -45,83000          20,09000         -12,97000         -35,51463           0,04600
          12,25000         -45,83100          20,09100         -12,97000         -36,02515           0,00776
          12,30000         -45,83200          20,09000         -12,97200         -35,83370           0,02051
          12,35000         -45,83100          20,09100         -13,02000         -36,15278           0,02051
          12,40000         -45,83000          20,09100         -13,02000         -35,89752           0,05874
          12,45000         -45,83100          20,09200         -13,06900         -36,08896           0,06512
          12,50000         -45,83000          20,09100         -13,06900         -36,59949           0,03963
          12,55000         -45,83000          20,09100         -13,08100         -35,76989           0,02688
          12,60000         -45,83100          20,09100         -13,12000         -36,08896           0,03963
          12,65000         -45,83100          20,09000         -13,12100         -35,70607           0,03325
          12,70000         -45,83000          20,09100         -13,17000         -35,51463           0,00139
          12,75000         -45,83000          20,09000         -13,17100         -36,02515           0,03325
          12,80000         -45,83100          20,09100         -13,20100         -36,15278           0,03325
          12,85000         -45,83100          20,09000         -13,22100         -36,40804           0,04600
          12,90000         -45,83100          20,09100         -13,22100         -36,40804           0,02051
          12,95000         -45,83100          20,09000         -13,27000         -35,64226           0,02688
          13,00000         -45,83100          20,09000         -13,27000         -36,15278           0,00139
          13,05000         -45,83000          20,09100         -13,29000         -35,89752           0,01413
          13,10000         -45,83100          20,09100         -13,32000         -35,45081           0,03963
          13,15000         -45,83000          20,09100         -13,32100         -35,89752           0,02051
          13,20000         -45,83100          20,09100         -13,37100         -36,21659          -0,01773
          13,25000         -45,83100          20,09100         -13,37200         -36,40804          -0,03047
          13,30000         -45,83100          20,09100         -13,38200         -35,38700           0,02688
          13,35000         -45,83100          20,09100         -13,42100         -35,96133           0,03325
          13,40000         -45,83000          20,09100         -13,42100         -35,70607           0,02051
          13,45000         -45,83100          20,09200         -13,42200         -36,21659           0,03963
          13,50000         -45,83100          20,09100         -13,47100         -35,76989           0,00139
          13,55000         -45,83100          20,09100         -13,47100         -35,38700          -0,01136
          13,60000         -45,83100          20,09100         -13,51900         -35,96133           0,04600
          13,65000         -45,83000          20,09100         -13,52100         -35,96133           0,00776
          13,70000         -45,83000          20,09200         -13,52200         -35,38700           0,02688
          13,75000         -45,83100          20,09100         -13,52100         -35,96133          -0,03685
          13,80000         -45,83100          20,09100         -13,57100         -35,64226          -0,02410
          13,85000         -45,83000          20,09100         -13,57100         -35,70607           0,03325
          13,90000         -45,83100          20,09200         -13,61700         -35,19555           0,02688
          13,95000         -45,83000          20,09100         -13,61900         -35,83370           0,05237
          14,00000         -45,83100          20,09100         -13,61900         -35,70607           0,04600
          14,05000         -45,83000          20,09100         -13,66900         -35,51463           0,03325
          14,10000         -45,83000          20,09100         -13,67000         -36,08896           0,03325
          14,15000         -45,83000          20,09100         -13,67100         -35,83370           0,03325
          14,20000         -45,83000          20,09100         -13,72200         -35,83370           0,03963
          14,25000         -45,83000          20,09100         -13,72200         -36,02515           0,03325
          14,30000         -45,83000          20,09100         -13,72200         -35,70607           0,03325
          14,35000         -45,83000          20,09200         -13,77100         -35,57844           0,03963
          14,40000         -45,83000          20,09100         -13,77200         -35,32318           0,02688
          14,45000         -45,83000          20,09100         -13,77300         -35,32318           0,04600
          14,50000         -45,83000          20,09100         -13,82200         -36,21659           0,03325
          14,55000         -45,83000          20,09100         -13,82300         -35,83370           0,00139
          14,60000         -45,83000          20,09100         -13,87200         -35,64226           0,00776
          14,65000         -45,83000          20,09100         -13,87300         -35,83370           0,02688
          14,70000         -45,83000          20,09100         -13,87300         -35,64226           0,00139
          14,75000         -45,83100          20,09000         -13,92200         -35,32318           0,04600
          14,80000         -45,83100          20,09100         -13,92300         -35,76989           0,01413
          14,85000         -45,83000          20,09100         -13,92300         -36,28041           0,03963
          14,90000         -45,83000          20,09200         -13,97300         -36,28041           0,00776
          14,95000         -45,83100          20,09100         -13,97300         -35,64226           0,01413
          15,00000         -45,83100          20,09100         -14,02400         -35,45081           0,05874
          15,05000         -45,83000          20,09000         -14,02200         -35,32318          -0,00498
          15,10000         -45,83000          20,09100         -14,02300         -35,76989          -0,01136
          15,15000         -45,82900          20,09000         -14,07300         -35,38700           0,03325
          15,20000         -45,83000          20,09100         -14,07400         -35,57844           0,03325
          15,25000         -45,83000          20,09100         -14,09300         -35,76989           0,03325
          15,30000         -45,83000          20,09100         -14,12300         -35,45081           0,00776
          15,35000         -45,83000          20,09100         -14,12400         -35,45081           0,00776
          15,40000         -45,82900          20,09100         -14,13500         -35,76989           0,02051
          15,45000         -45,83100          20,09100         -14,17100         -35,32318          -0,02410
          15,50000         -45,83000          20,09200         -14,21900         -35,32318           0,02051
          15,55000         -45,83000          20,09100         -14,22200         -35,76989          -0,01136
          15,60000         -45,83000          20,09100         -14,22200         -36,15278           0,05237
          15,65000         -45,82900          20,09100         -14,23500         -35,45081          -0,01773
          15,70000         -45,83000          20,09100         -14,27200         -35,70607           0,03963
          15,75000         -45,83000          20,09100         -14,27300         -35,70607           0,03963
          15,80000         -45,83000          20,09100         -14,32200         -35,25937           0,00776
          15,85000         -45,83000          20,09100         -14,32200         -36,34422           0,01413
          15,90000         -45,83000          20,09100         -14,32100         -36,08896           0,02688
          15,95000         -45,83000          20,09100         -14,37100         -35,32318           0,02688
          16,00000         -45,83100          20,09100         -14,37300         -35,76989           0,02051
          16,05000         -45,83000          20,09100         -14,37300         -35,64226           0,00776
          16,10000         -45,83100          20,09100         -14,42100         -35,89752           0,02688
          16,15000         -45,83000          20,09100         -14,42300         -35,89752           0,00776
          16,20000         -45,83000          20,09100         -14,42100         -35,89752           0,03963
          16,25000         -45,83000          20,09100         -14,46800         -35,70607           0,00776
          16,30000         -45,83000          20,09100         -14,47200         -35,89752           0,04600
          16,35000         -45,83000          20,09100         -14,47200         -35,25937           0,02688
          16,40000         -45,83000          20,09100         -14,52100         -35,45081           0,00139
          16,45000         -45,83000          20,09100         -14,52200         -35,32318           0,00776
          16,50000         -45,83000          20,09100         -14,52200         -35,64226          -0,01136
          16,55000         -45,83100          20,09100         -14,57100         -35,51463           0,02051
          16,60000         -45,83000          20,09100         -14,57100         -35,32318           0,00776
          16,65000         -45,83000          20,09100         -14,62100         -35,13174           0,02688
          16,70000         -45,83000          20,09100         -14,62100         -35,45081           0,04600
          16,75000         -45,83000          20,09100         -14,62200         -36,53567           0,00139
          16,80000         -45,83000          20,09100         -14,67100         -35,45081           0,02688
          16,85000         -45,83100          20,09100         -14,67200         -36,15278           0,01413
          16,90000         -45,83000          20,09000         -14,72200         -35,83370           0,02051
          16,95000         -45,83000          20,09000         -14,72200         -35,57844           0,01413
          17,00000         -45,83000          20,09100         -14,72400         -35,45081           0,02688
          17,05000         -45,83000          20,09100         -14,72300         -35,64226           0,02051
          17,10000         -45,83000          20,09100         -14,77200         -35,64226          -0,00498
          17,15000         -45,83000          20,09100         -14,77200         -35,57844           0,02688
          17,20000         -45,83100          20,09100         -14,77200         -36,02515           0,03325
          17,25000         -45,83000          20,09000         -14,82100         -35,64226           0,03325
          17,30000         -45,83000          20,09000         -14,82200         -35,51463           0,02051
          17,35000         -45,83000          20,09100         -14,87100         -35,32318           0,01413
          17,40000         -45,83000          20,09100         -14,87200         -35,83370           0,02688
          17,45000         -45,83000          20,09100         -14,87200         -35,38700           0,00139
          17,50000         -45,83000          20,09000         -14,92000         -35,70607           0,02051
          17,55000         -45,83000          20,09100         -14,92100         -35,89752           0,00139
          17,60000         -45,83000          20,09100         -14,92200         -35,96133           0,02688
          17,65000         -45,83000          20,09200         -14,97100         -36,02515           0,01413
          17,70000         -45,83100          20,09100         -14,97200         -35,70607          -0,01136
          17,75000         -45,83100          20,09100         -14,97200         -36,15278           0,00139
          17,80000         -45,83000          20,09100         -15,02200         -35,64226           0,05874
          17,85000         -45,83000          20,09100         -15,02300         -36,08896           0,01413
          17,90000         -45,83000          20,09100         -15,04600         -35,57844          -0,00498
          17,95000         -45,83000          20,09000         -15,07200         -35,51463           0,00776
          18,00000         -45,83000          20,09100         -15,07300         -35,83370           0,00776
          18,05000         -45,83000          20,09100         -15,12200         -35,96133           0,00139
          18,10000         -45,83000          20,09100         -15,12300         -35,70607           0,00776
          18,15000         -45,83100          20,09000         -15,12300         -35,76989           0,05874
          18,20000         -45,83100          20,09100         -15,17100         -35,76989           0,03963
          18,25000         -45,83000          20,09100         -15,17300         -35,70607           0,03963
          18,30000         -45,83000          20,09100         -15,17200         -35,96133           0,02051
          18,35000         -45,83100          20,09100         -15,22200         -35,38700           0,01413
          18,40000         -45,83000          20,09100         -15,22100         -35,64226           0,03963
          18,45000         -45,82900          20,09100         -15,27000         -35,57844          -0,01136
          18,50000         -45,83000          20,09100         -15,27100         -35,13174           0,00139
          18,55000         -45,83000          20,09100         -15,27100         -36,34422           0,03963
          18,60000         -45,83000          20,09100         -15,29600         -35,70607           0,00139
          18,65000         -45,83000          20,09200         -15,32100         -35,25937           0,00776
          18,70000         -45,83100          20,09100         -15,32100         -35,57844           0,05237
          18,75000         -45,83000          20,09100         -15,37000         -35,89752           0,02051
          18,80000         -45,83000          20,09100         -15,37100         -35,89752           0,02051
          18,85000         -45,83000          20,09000         -15,37000         -35,57844           0,05874
          18,90000         -45,83000          20,09000         -15,42100         -35,38700           0,03963
          18,95000         -45,83000          20,09100         -15,42100         -36,47186           0,01413
          19,00000         -45,83100          20,09200         -15,44400         -35,38700           0,02688
          19,05000         -45,83000          20,09100         -15,47100         -35,64226           0,02688
          19,10000         -45,83000          20,09100         -15,47100         -35,51463           0,03325
          19,15000         -45,83100          20,09100         -15,52100         -35,57844           0,04600
          19,20000         -45,83000          20,09100         -15,52300         -35,57844           0,01413
          19,25000         -45,83000          20,09100         -15,52300         -35,57844           0,05874
          19,30000         -45,83100          20,09100         -15,57000         -35,45081           0,02688
          19,35000         -45,83000          20,09100         -15,57100         -35,19555           0,02688
          19,40000         -45,83100          20,09100         -15,60100         -35,38700          -0,00498
          19,45000         -45,83000          20,09000         -15,62000         -35,70607           0,00139
          19,50000         -45,83000          20,09100         -15,62100         -35,51463           0,05237
          19,55000         -45,83000          20,09100         -15,67000         -35,06792           0,05874
          19,60000         -45,83000          20,09100         -15,67000         -34,94029           0,04600
          19,65000         -45,83000          20,09100         -15,67000         -34,62122           0,02051
          19,70000         -45,83100          20,09100         -15,72000         -35,06792           0,02051
          19,75000         -45,83000          20,09100         -15,72100         -35,45081           0,05874
          19,80000         -45,83100          20,09200         -15,72400         -35,51463          -0,02410
          19,85000         -45,83000          20,09100         -15,77100         -35,25937           0,02051
          19,90000         -45,83000          20,09100         -15,77000         -34,36596          -0,00498
          19,95000         -45,83000          20,09100         -15,81900         -34,74885           0,02688
          20,00000         -45,83000          20,09100         -15,82000         -34,94029           0,00776
          20,05000         -45,82900          20,09100         -15,83800         -35,25937           0,04600
          20,10000         -45,83100          20,09100         -15,87100         -35,57844          -0,00498
          20,15000         -45,83100          20,09100         -15,87100         -35,38700          -0,01773
          20,20000         -45,83200          20,09100         -15,87800         -35,32318           0,00139
          20,25000         -45,83000          20,09100         -15,92000         -35,13174          -0,01773
          20,30000         -45,83000          20,09100         -15,92100         -35,45081           0,03325
          20,35000         -45,83000          20,09100         -15,97000         -35,06792           0,01413
          20,40000         -45,83000          20,09100         -15,97100         -35,13174           0,05237
          20,45000         -45,83100          20,09100         -15,97100         -35,06792           0,02051
          20,50000         -45,83000          20,09100         -16,01800         -35,64226           0,05874
          20,55000         -45,83000          20,09200         -16,02100         -34,17451           0,06512
          20,60000         -45,83100          20,09000         -16,07000         -35,19555           0,02688
          20,65000         -45,83100          20,09100         -16,07000         -34,42977           0,00139
          20,70000         -45,83100          20,09200         -16,07000         -33,40873           0,02688
          20,75000         -45,83100          20,09200         -16,11900         -32,83439           0,03325
          20,80000         -45,83000          20,09200         -16,12000         -35,13174           0,05874
          20,85000         -45,83100          20,09100         -16,16900         -34,94029          -0,01773
          20,90000         -45,83100          20,09100         -16,16900         -35,19555           0,00139
          20,95000         -45,83100          20,09100         -16,17000         -34,30214           0,03325
          21,00000         -45,83100          20,09100         -16,20400         -35,06792          -0,01136
          21,05000         -45,83100          20,09200         -16,21900         -32,06861           0,05874
          21,10000         -45,83100          20,09100         -16,22000         -32,64295           0,00139
          21,15000         -45,83100          20,09100         -16,27000         -35,38700          -0,01136
          21,20000         -45,83000          20,09100         -16,27000         -34,62122           0,03963
          21,25000         -45,83100          20,09100         -16,27000         -34,42977           0,00776
          21,30000         -45,83000          20,09100         -16,32000         -34,87648           0,02051
          21,35000         -45,83000          20,09100         -16,32100         -34,81266           0,03963
          21,40000         -45,83000          20,09000         -16,33100         -32,57913           0,00139
          21,45000         -45,83100          20,09100         -16,37000         -33,53636           0,03325
          21,50000         -45,83000          20,09100         -16,37000         -33,91925           0,03963
          21,55000         -45,83000          20,09100         -16,42000         -32,32387           0,08424
          21,60000         -45,83000          20,09100         -16,42000         -33,02584          -0,00498
          21,65000         -45,83000          20,09000         -16,42100         -32,57913          -0,01136
          21,70000         -45,83000          20,09000         -16,47000         -33,60018           0,00139
          21,75000         -45,83100          20,09100         -16,47100         -32,83439           0,00139
          21,80000         -45,83100          20,09100         -16,47100         -31,94098           0,02688
          21,85000         -45,83000          20,09000         -16,51900         -32,32387           0,00139
          21,90000         -45,83100          20,09000         -16,52000         -31,55809           0,04600
          21,95000         -45,83100          20,09100         -16,52000         -33,15347           0,04600
          22,00000         -45,83000          20,09000         -16,57000         -29,57983           0,03963
          22,05000         -45,83000          20,09000         -16,57100         -31,11139           0,00776
          22,10000         -45,83000          20,09100         -16,60200         -29,83509          -0,02410
          22,15000         -45,83100          20,09100         -16,62000         -30,40942           0,02051
          22,20000         -45,83000          20,09100         -16,62000         -29,64364           0,02688
          22,25000         -45,83000          20,09000         -16,62000         -30,85613           0,00776
          22,30000         -45,83000          20,09000         -16,67100         -29,32457           0,02688
          22,35000         -45,83000          20,09100         -16,67100         -33,72781           0,02688
          22,40000         -45,83000          20,09000         -16,72000         -28,04826           0,02688
          22,45000         -45,83100          20,09000         -16,72000         -28,81404           0,03325
          22,50000         -45,83100          20,09000         -16,72000         -28,23971           0,02051
          22,55000         -45,83000          20,09000         -16,76900         -28,55878          -0,00498
          22,60000         -45,83100          20,09000         -16,77100         -32,64295          -0,01136
          22,65000         -45,83100          20,09100         -16,82000         -27,41011           0,00139
          22,70000         -45,83100          20,09100         -16,82000         -27,60156           0,02051
          22,75000         -45,83100          20,09100         -16,81800         -28,17589           0,01413
          22,80000         -45,83100          20,09100         -16,87200         -26,83578           0,03963
          22,85000         -45,83100          20,09000         -16,87200         -32,51532           0,04600
          22,90000         -45,83100          20,09000         -16,91700         -26,38907           0,01413
          22,95000         -45,83100          20,09100         -16,92000         -26,00618           0,04600
          23,00000         -45,83100          20,09000         -16,92100         -27,02722           0,02051
          23,05000         -45,83100          20,09100         -16,92100         -26,26144           0,03325
          23,10000         -45,83100          20,09100         -16,97000         -32,64295           0,00776
          23,15000         -45,83100          20,09100         -16,97000         -28,81404          -0,01136
          23,20000         -45,83100          20,09100         -17,02100         -26,70815           0,02051
          23,25000         -45,83000          20,09100         -17,02100         -25,30421           0,00139
          23,30000         -45,83100          20,09100         -17,02100         -24,72988          -0,03685
          23,35000         -45,83100          20,09100         -17,07000         -32,13243           0,02051
          23,40000         -45,83000          20,09000         -17,07100         -24,66606           0,03963
          23,45000         -45,83000          20,09200         -17,10500         -26,13381           0,02688
          23,50000         -45,83100          20,09100         -17,11900         -23,64502           0,03963
          23,55000         -45,83000          20,09100         -17,12000         -26,07000          -0,01136
          23,60000         -45,83100          20,09100         -17,12000         -25,43184           0,00776
          23,65000         -45,83100          20,09100         -17,17000         -26,45289           0,05237
          23,70000         -45,83000          20,09200         -17,17100         -24,72988           0,02688
          23,75000         -45,83000          20,09100         -17,17100         -30,91994           0,03963
          23,80000         -45,83100          20,09100         -17,22000         -26,58052           0,05237
          23,85000         -45,83000          20,09000         -17,22000         -27,66537           0,03325
          23,90000         -45,83000          20,09100         -17,27100         -24,53843           0,03325
          23,95000         -45,83000          20,09000         -17,27000         -26,89959           0,03325
          24,00000         -45,83100          20,09100         -17,27000         -29,96272          -0,00498
          24,05000         -45,83100          20,09100         -17,32100         -24,47462           0,02051
          24,10000         -45,83000          20,09100         -17,32100         -22,43254          -0,01136
          24,15000         -45,83100          20,09100         -17,32100         -22,24109           0,02688
          24,20000         -45,83100          20,09100         -17,36900         -21,79438          -0,02410
          24,25000         -45,83000          20,09100         -17,37000         -31,49428          -0,03047
          24,30000         -45,83100          20,09200         -17,41900         -26,19763           0,05237
          24,35000         -45,83100          20,09100         -17,42000         -24,66606           0,04600
          24,40000         -45,83100          20,09100         -17,42100         -26,83578           0,02688
          24,45000         -45,83100          20,09100         -17,46900         -24,41080           0,02051
          24,50000         -45,83100          20,09100         -17,47000         -29,89890           0,01413
          24,55000         -45,83100          20,09200         -17,50300         -25,55947           0,03963
          24,60000         -45,83100          20,09100         -17,51800         -27,92063           0,03325
          24,65000         -45,83000          20,09100         -17,52000         -31,36665           0,04600
          24,70000         -45,83100          20,09000         -17,54500         -31,62191           0,02051
          24,75000         -45,83000          20,09100         -17,57000         -31,43046          -0,01136
          24,80000         -45,83100          20,09100         -17,57100         -27,53774           0,03963
          24,85000         -45,82900          20,09200         -17,57400         -25,43184           0,00139
          24,90000         -45,83000          20,09000         -17,62100         -29,38838           0,01413
          24,95000         -45,83100          20,09100         -17,62200         -27,09104           0,01413
          25,00000         -45,83000          20,09100         -17,67100         -28,87786           0,04600
          25,05000         -45,83000          20,09000         -17,67100         -31,68572          -0,00498
          25,10000         -45,83100          20,09100         -17,67100         -32,00480           0,03325
          25,15000         -45,83000          20,09100         -17,72000         -27,02722           0,02051
          25,20000         -45,83100          20,09100         -17,72000         -27,53774           0,03325
          25,25000         -45,83000          20,09100         -17,77000         -30,98376           0,05237
          25,30000         -45,83000          20,09200         -17,77100         -22,04964           0,03963
          25,35000         -45,83000          20,09100         -17,77200         -29,83509           0,03963
          25,40000         -45,83000          20,09000         -17,82000         -30,34561          -0,02410
          25,45000         -45,83100          20,09100         -17,82000         -28,55878           0,00776
          25,50000         -45,83000          20,09100         -17,82000         -27,41011           0,02051
          25,55000         -45,83000          20,09100         -17,86900         -18,66745          -0,02410
          25,60000         -45,83100          20,09100         -17,87000         -18,92271           0,03325
          25,65000         -45,83000          20,09000         -17,87000         -31,04757           0,00139
          25,70000         -45,83000          20,09000         -17,92100         -25,75092           0,03325
          25,75000         -45,83000          20,09000         -17,92100         -23,96410           0,03325
          25,80000         -45,83100          20,09100         -17,96900         -32,26006          -0,02410
          25,85000         -45,83100          20,09100         -17,97000         -26,89959           0,04600
          25,90000         -45,83000          20,09100         -17,97000         -25,24040           0,02688
          25,95000         -45,83000          20,09200         -18,02200         -27,53774           0,02051
          26,00000         -45,83000          20,09100         -18,02200         -29,64364           0,03963
          26,05000         -45,83000          20,09100         -18,02700         -26,77196           0,00139
          26,10000         -45,83000          20,09100         -18,07100         -30,40942           0,03963
          26,15000         -45,83100          20,09100         -18,07100         -29,26075           0,02051
          26,20000         -45,83000          20,09100         -18,07100         -30,79231           0,01413
          26,25000         -45,83000          20,09100         -18,12000         -29,89890           0,01413
          26,30000         -45,83100          20,09100         -18,12000         -33,40873           0,03963
          26,35000         -45,83100          20,09100         -18,16900         -31,36665          -0,00498
          26,40000         -45,83000          20,09100         -18,17100         -25,36803           0,02051
          26,45000         -45,83100          20,09100         -18,17000         -27,72919          -0,03685
          26,50000         -45,83100          20,09100         -18,22000         -31,81335           0,02051
          26,55000         -45,83000          20,09100         -18,22100         -33,40873           0,04600
          26,60000         -45,83100          20,09100         -18,24500         -31,11139           0,00776
          26,65000         -45,83000          20,09100         -18,27000         -29,77127          -0,00498
          26,70000         -45,83000          20,09100         -18,27000         -31,81335           0,05237
          26,75000         -45,83000          20,09100         -18,30900         -29,77127          -0,01136
          26,80000         -45,83100          20,09100         -18,32000         -30,09035           0,02051
          26,85000         -45,83000          20,09100         -18,37100         -33,34492           0,01413
          26,90000         -45,83100          20,09100         -18,37100         -32,57913           0,00776
          26,95000         -45,83100          20,09100         -18,37100         -33,15347          -0,00498
          27,00000         -45,83100          20,09100         -18,37100         -32,00480           0,04600
          27,05000         -45,83100          20,09100         -18,42000         -29,32457           0,03325
          27,10000         -45,83100          20,09100         -18,42000         -26,45289           0,04600
          27,15000         -45,83100          20,09100         -18,47000         -19,11415           0,02051
          27,20000         -45,83100          20,09100         -18,47100         -29,64364           0,02051
          27,25000         -45,83000          20,09100         -18,47100         -33,02584           0,02688
          27,30000         -45,83000          20,09000         -18,47100         -27,60156          -0,00498
          27,35000         -45,83000          20,09000         -18,52000         -21,09242           0,01413
          27,40000         -45,83000          20,09100         -18,52000         -29,57983           0,05237
          27,45000         -45,83000          20,09100         -18,57100         -29,89890          -0,01136
          27,50000         -45,83100          20,09100         -18,57200         -31,43046          -0,00498
          27,55000         -45,83100          20,09100         -18,57200         -32,19624           0,00776
          27,60000         -45,83100          20,09100         -18,62200         -33,15347           0,00776
          27,65000         -45,83000          20,09100         -18,62100         -33,40873          -0,00498
          27,70000         -45,83100          20,09000         -18,65700         -11,26489           0,03963
          27,75000         -45,83000          20,09100         -18,67200         -30,02653           0,02051
          27,80000         -45,83100          20,09100         -18,67100         -31,87717           0,05874
          27,85000         -45,83100          20,09000         -18,71900         -32,51532          -0,01136
          27,90000         -45,83100          20,09100         -18,72100         -32,96203           0,02688
          27,95000         -45,83100          20,09000         -18,72100          -7,81888           0,04600
          28,00000         -45,83100          20,09100         -18,77000         -32,70676          -0,00498
          28,05000         -45,83100          20,09100         -18,77000         -27,66537           0,03325
          28,10000         -45,83100          20,09100         -18,77000         -11,58397           0,03325
          28,15000         -45,83100          20,09100         -18,82000          -5,64917           0,00776
          28,20000         -45,83100          20,09200         -18,82100         -13,75368           0,03963
          28,25000         -45,83100          20,09100         -18,87100         -29,38838           0,02688
          28,30000         -45,83100          20,09100         -18,87100         -31,81335           0,02688
          28,35000         -45,83100          20,09000         -18,87100         -29,26075           0,02688
          28,40000         -45,83000          20,09100         -18,87100         -31,04757           0,00776
          28,45000         -45,83100          20,09100         -18,92100          -6,98928           0,08424
          28,50000         -45,83100          20,09100         -18,92100         -32,26006           0,04600
          28,55000         -45,83000          20,09100         -18,97100         -30,40942           0,01413
          28,60000         -45,83000          20,09000         -18,97200         -21,41149           0,00776
          28,65000         -45,83100          20,09100         -18,97200         -14,26420           0,03325
          28,70000         -45,83000          20,09200         -19,00800         -32,64295           0,02051
          28,75000         -45,83100          20,09100         -19,02000         -34,68503           0,03963
          28,80000         -45,83100          20,09100         -19,02100         -34,74885           0,03325
          28,85000         -45,83100          20,09100         -19,07200         -36,15278          -0,01136
          28,90000         -45,83100          20,09100         -19,07200         -35,06792           0,01413
          28,95000         -45,83000          20,09100         -19,07200         -34,87648           0,02688
          29,00000         -45,83000          20,09100         -19,12200         -35,51463           0,00776
          29,05000         -45,83100          20,09100         -19,12200         -35,38700           0,05237
          29,10000         -45,83100          20,09100         -19,12300         -34,62122           0,03325
          29,15000         -45,83000          20,09100         -19,17200         -35,96133           0,05874
          29,20000         -45,83000          20,09000         -19,17200         -35,32318           0,03325
          29,25000         -45,83100          20,09000         -19,18300         -35,06792           0,04600
          29,30000         -45,83100          20,09000         -19,22200         -35,13174           0,03963
          29,35000         -45,83100          20,09100         -19,22300         -33,66399           0,01413
          29,40000         -45,83100          20,09100         -19,27200         -36,66330           0,01413
          29,45000         -45,83100          20,09000         -19,27200         -36,72712           0,00139
          29,50000         -45,83100          20,09100         -19,27300         -35,32318           0,00776
          29,55000         -45,83000          20,09100         -19,32100         -35,25937           0,05874
          29,60000         -45,83100          20,09000         -19,32200         -32,19624           0,00139
          29,65000         -45,83100          20,09100         -19,34500         -37,04619           0,03325
          29,70000         -45,83100          20,09100         -19,37200         -36,08896          -0,00498
          29,75000         -45,83200          20,09100         -19,37200         -37,17382           0,04600
          29,80000         -45,83200          20,09100         -19,41800         -37,17382           0,01413
          29,85000         -45,83200          20,09100         -19,42100         -31,87717           0,02688
          29,90000         -45,83100          20,09100         -19,42200         -37,62053           0,01413
          29,95000         -45,83100          20,09100         -19,47100         -38,51394           0,00139
          30,00000         -45,83200          20,09100         -19,47200          -5,71298           0,01413
          30,05000         -45,83100          20,09100         -19,47300          -5,71298           0,04600
          30,10000         -45,83100          20,09200         -19,52300          35,63920           0,00139
          30,15000         -45,83100          20,09100         -19,52200          65,69610           0,02051
          30,20000         -45,83100          20,09100         -19,52300          37,80891           0,04600
          30,25000         -45,83100          20,09100         -19,57100         -34,30214           0,02688
          30,30000         -45,83100          20,09000         -19,57200          82,73473           0,01413
          30,35000         -45,83100          20,09000         -19,57300          17,00519           0,03963
          30,40000         -45,83100          20,09100         -19,62200         157,97272           0,03325
          30,45000         -45,83100          20,09200         -19,62200          46,16869           0,03325
          30,50000         -45,83100          20,09000         -19,62200         -36,40804           0,01413
          30,55000         -45,83000          20,09000         -19,67200          29,76821           0,00776
          30,60000         -45,83000          20,09100         -19,67300          79,41635           0,03325
          30,65000         -45,83100          20,09100         -19,69700         167,67262           0,02688
          30,70000         -45,83100          20,09100         -19,72100          97,09313           0,00139
          30,75000         -45,83100          20,09100         -19,72100         -32,70676           0,02688
          30,80000         -45,83100          20,09000         -19,77200          48,52984           0,02688
          30,85000         -45,83100          20,09100         -19,77200         155,99445           0,02688
          30,90000         -45,83100          20,09000         -19,77200          63,20731           0,03963
          30,95000         -45,83000          20,09100         -19,82300         164,86475          -0,01773
          31,00000         -45,83100          20,09100         -19,82300         -31,81335           0,00776
          31,05000         -45,83100          20,09100         -19,85200         183,30731           0,04600
          31,10000         -45,83100          20,09100         -19,87100         230,59429           0,01413
          31,15000         -45,83100          20,09100         -19,87100         136,78611           0,03963
          31,20000         -45,83100          20,09000         -19,92000         306,40662           0,02051
          31,25000         -45,83100          20,09100         -19,92100         -28,75023           0,00139
          31,30000         -45,83100          20,09000         -19,93100         266,96889           0,01413
          31,35000         -45,83100          20,09100         -19,97100         -39,53498           0,00776
          31,40000         -45,83000          20,09000         -19,97100         236,91199           0,00776
          31,45000         -45,83000          20,09100         -19,97100         323,31762           0,00776
          31,50000         -45,83100          20,09000         -20,02100          71,88617          -0,00498
          31,55000         -45,83100          20,09000         -20,02100         -43,81059           0,02051
          31,60000         -45,83100          20,09100         -20,02100         407,23446           0,03325
          31,65000         -45,83100          20,09200         -20,07200         -26,19763          -0,01773
          31,70000         -45,83100          20,09100         -20,07200         404,74567           0,06512
          31,75000         -45,83000          20,09100         -20,12200         517,69838           0,03325
          31,80000         -45,83200          20,09100         -20,12300         432,56905           0,04600
          31,85000         -45,83100          20,09100         -20,12300         469,39036           0,03963
          31,90000         -45,83100          20,09100         -20,17300          -0,54396          -0,01136
          31,95000         -45,83100          20,09100         -20,17300         495,80980           0,03963
          32,00000         -45,83100          20,09100         -20,22100         480,43037           0,04600
          32,05000         -45,83100          20,09200         -20,22200         163,90752           0,05237
          32,10000         -45,83100          20,09100         -20,22200         138,76438           0,00139
          32,15000         -45,83100          20,09200         -20,27100         306,98095           0,03325
          32,20000         -45,83100          20,09100         -20,27200         570,02675           0,05237
          32,25000         -45,83000          20,09100         -20,27200         640,54243           0,03963
          32,30000         -45,83000          20,09100         -20,32100         618,71767          -0,01773
          32,35000         -45,83000          20,09100         -20,32200         674,81113           0,02051
          32,40000         -45,83100          20,09100         -20,32200         792,48615           0,02688
          32,45000         -45,83100          20,09100         -20,37100         377,43281           0,04600
          32,50000         -45,83000          20,09100         -20,37100         272,71225           0,00776
          32,55000         -45,83100          20,09100         -20,37100         428,86778           0,01413
          32,60000         -45,83100          20,09100         -20,42100         813,16224           0,02688
          32,65000         -45,83000          20,09100         -20,42200         314,38351           0,03325
          32,70000         -45,83000          20,09100         -20,42100         975,50783           0,00776
          32,75000         -45,83100          20,09200         -20,42100         468,56076           0,01413
          32,80000         -45,83000          20,09100         -20,33000         262,69328          -0,01136
          32,85000         -45,83000          20,09000         -10,07800         -36,15278           0,02688
          32,90000         -45,82900          20,09100         -10,07800         -35,83370          -0,00498
          32,95000         -45,83000          20,09100         -10,07800         -36,02515           0,02051
          33,00000         -45,82900          20,09000         -10,07800         -36,40804           0,00139
          33,05000         -45,83000          20,09000         -10,07900         -35,83370           0,00139
          33,10000         -45,83000          20,09000         -10,07800         -36,53567           0,03325
          33,15000         -45,82900          20,09100         -10,07800         -36,15278           0,00776
          33,20000         -45,83000          20,09000         -10,07800         -35,96133           0,02051
          33,25000         -45,83000          20,09000         -10,07900         -36,59949           0,03325
          33,30000         -45,82900          20,09000         -10,07800         -36,02515           0,06512
          33,35000         -45,83000          20,09000         -10,07800         -36,59949           0,05874
          33,40000         -45,83000          20,09100         -10,07800         -36,53567           0,00776
          33,45000         -45,82900          20,09000         -10,07900         -36,21659           0,00776
          33,50000         -45,83000          20,09100         -10,07800         -35,96133           0,03963
          33,55000         -45,82900          20,09000         -10,07900         -36,85475           0,01413
          33,60000         -45,83000          20,09100         -10,07800         -36,28041           0,01413
          33,65000         -45,83000          20,09000         -10,07900         -35,76989           0,01413
          33,70000         -45,82900          20,09000         -10,07800         -35,83370           0,04600
          33,75000         -45,83000          20,09100         -10,07900         -35,89752           0,02051
          33,80000         -45,82900          20,09100         -10,07900         -36,72712           0,01413
          33,85000         -45,83000          20,09100         -10,07900         -36,53567           0,03325
          33,90000         -45,83000          20,09000         -10,07800         -36,72712           0,03963
          33,95000         -45,83000          20,09100         -10,07900         -36,53567           0,02051
          34,00000         -45,83000          20,09100         -10,07900         -36,59949           0,05237
          34,05000         -45,82900          20,09000         -10,07900         -36,72712           0,02051
          34,10000         -45,82900          20,09100         -10,07900         -36,47186           0,01413
          34,15000         -45,83000          20,09000         -10,07900         -36,59949           0,03963
          34,20000         -45,83000          20,09100         -10,07800         -35,96133           0,01413
          34,25000         -45,82900          20,09000         -10,07900         -36,91856           0,04600
          34,30000         -45,82900          20,09100         -10,07800         -36,85475           0,01413
          34,35000         -45,82900          20,09100         -10,07800         -36,28041           0,02688
          34,40000         -45,83000          20,09000         -10,07900         -36,34422           0,00776
          34,45000         -45,82900          20,09100         -10,07900         -36,34422          -0,00498
          34,50000         -45,83000          20,09000         -10,07800         -36,98238           0,00139
          34,55000         -45,82900          20,09000         -10,07900         -36,53567           0,04600
          34,60000         -45,83000          20,09000         -10,07900         -36,28041           0,05237
          34,65000         -45,82900          20,09000         -10,07900         -36,53567           0,02051
          34,70000         -45,82900          20,09000         -10,07800         -36,28041           0,05874
          34,75000         -45,83000          20,09000         -10,07800         -36,53567           0,02051
          34,80000         -45,82900          20,09100         -10,07900         -36,59949           0,02688
          34,85000         -45,82900          20,09000         -10,07800         -36,40804           0,03325
          34,90000         -45,82900          20,09100         -10,07800         -36,59949           0,02688
          34,95000         -45,82900          20,09100         -10,07800         -36,08896           0,05874
          35,00000         -45,82900          20,09000         -10,07800         -36,28041          -0,00498
          35,05000         -45,82900          20,09000         -10,07800         -36,79093           0,05237
          35,10000         -45,83000          20,09100         -10,07900         -36,47186           0,02051
          35,15000         -45,83000          20,09000         -10,07800         -36,72712          -0,01136
          35,20000         -45,82900          20,09000         -10,07900         -36,66330           0,02051
