
// =========================================================================================================
// 2026-04-17, 16:09:33
//        Time [s]        Pos X [um]        Pos Y [um]        Pos Z [um]      Force A [uN]      Force B [uN]
// =========================================================================================================
           0,00000       -1840,27600         149,19500         -10,45800         -52,80852          -0,00498
           0,05000       -1840,27600         149,19600         -10,45800         -53,57430           0,02688
           0,10000       -1840,27500         149,19500         -10,45900         -52,93615           0,03963
           0,15000       -1840,27500         149,19500         -10,45800         -52,55326           0,02051
           0,20000       -1840,27600         149,19400         -10,45800         -53,63811          -0,01773
           0,25000       -1840,27600         149,19400         -10,45800         -52,93615           0,00139
           0,30000       -1840,27600         149,19400         -10,45800         -53,51048          -0,02410
           0,35000       -1840,27600         149,19400         -10,45800         -53,89337           0,01413
           0,40000       -1840,27600         149,19500         -10,45800         -53,31904           0,03963
           0,45000       -1840,27600         149,19400         -10,45700         -52,68089           0,00776
           0,50000       -1840,27600         149,19400         -10,45800         -53,12759           0,03325
           0,55000       -1840,27500         149,19500         -10,45900         -53,38285           0,02051
           0,60000       -1840,27600         149,19400         -10,45800         -53,70193          -0,01773
           0,65000       -1840,27600         149,19400         -10,45800         -53,19141           0,02688
           0,70000       -1840,27600         149,19400         -10,45800         -53,12759           0,03325
           0,75000       -1840,27500         149,19400         -10,45800         -53,57430           0,02051
           0,80000       -1840,27600         149,19500         -10,45800         -53,06378           0,01413
           0,85000       -1840,27500         149,19500         -10,45800         -53,76574           0,03963
           0,90000       -1840,27600         149,19400         -10,45900         -53,25522          -0,01136
           0,95000       -1840,27600         149,19500         -10,45800         -52,74470          -0,01136
           1,00000       -1840,27600         149,19500         -10,45800         -53,51048           0,00776
           1,05000       -1840,27600         149,19500         -10,45800         -53,12759           0,02688
           1,10000       -1840,27600         149,19500         -10,45800         -53,38285           0,02051
           1,15000       -1840,27600         149,19500         -10,45800         -53,12759           0,02688
           1,20000       -1840,27600         149,19500         -10,45900         -52,87233           0,03325
           1,25000       -1840,27600         149,19500         -10,45900         -53,38285           0,02688
           1,30000       -1840,27500         149,19500         -10,45900         -53,19141           0,02051
           1,35000       -1840,27600         149,19500         -10,45800         -53,38285          -0,01136
           1,40000       -1840,27500         149,19500         -10,45800         -53,19141           0,07149
           1,45000       -1840,27600         149,19500         -10,45900         -52,93615           0,02688
           1,50000       -1840,27500         149,19500         -10,45800         -53,51048           0,05237
           1,55000       -1840,27600         149,19500         -10,45900         -53,63811          -0,01136
           1,60000       -1840,27500         149,19400         -10,45900         -52,93615          -0,00498
           1,65000       -1840,27500         149,19400         -10,45900         -53,25522           0,04600
           1,70000       -1840,27600         149,19500         -10,45900         -53,12759           0,00139
           1,75000       -1840,27600         149,19400         -10,45800         -53,44667           0,02688
           1,80000       -1840,27600         149,19500         -10,45800         -53,44667           0,03325
           1,85000       -1840,27600         149,19500         -10,45900         -53,06378           0,03963
           1,90000       -1840,27500         149,19400         -10,45900         -53,19141           0,00139
           1,95000       -1840,27600         149,19500         -10,45800         -53,38285           0,00776
           2,00000       -1840,27600         149,19500         -10,45800         -53,38285           0,02688
           2,05000       -1840,27600         149,19400         -10,45800         -52,87233           0,03963
           2,10000       -1840,27600         149,19500         -10,45800         -53,19141           0,02051
           2,15000       -1840,27500         149,19500         -10,18000         -53,70193           0,00776
           2,20000       -1840,27600         149,19500         -10,18100         -54,21245           0,00776
           2,25000       -1840,27600         149,19500         -10,18000         -53,76574           0,02051
           2,30000       -1840,27600         149,19400         -10,17500         -53,38285           0,00776
           2,35000       -1840,27600         149,19600         -10,17500         -52,99996          -0,00498
           2,40000       -1840,27600         149,19500         -10,17400         -53,19141           0,01413
           2,45000       -1840,27600         149,19500         -10,17000         -53,06378           0,00139
           2,50000       -1840,27600         149,19600         -10,16600         -53,12759           0,03963
           2,55000       -1840,27600         149,19500         -10,16600         -52,99996          -0,00498
           2,60000       -1840,27600         149,19600         -10,16600         -53,44667          -0,00498
           2,65000       -1840,27700         149,19500         -10,16500         -53,31904          -0,02410
           2,70000       -1840,27600         149,19500         -10,16100         -53,44667           0,02051
           2,75000       -1840,27600         149,19500         -10,16200         -53,19141           0,02051
           2,80000       -1840,27700         149,19500         -10,16300         -52,42563          -0,01773
           2,85000       -1840,27600         149,19600         -10,15800         -53,31904           0,05874
           2,90000       -1840,27700         149,19600         -10,15300         -53,12759           0,03325
           2,95000       -1840,27600         149,19600         -10,15400         -53,44667           0,03325
           3,00000       -1840,27600         149,19600         -10,15500         -52,99996           0,03963
           3,05000       -1840,27600         149,19600         -10,15500         -53,06378           0,00139
           3,10000       -1840,27600         149,19600         -10,15100         -53,25522           0,03963
           3,15000       -1840,27500         149,19500         -10,15100         -53,38285           0,04600
           3,20000       -1840,27600         149,19600         -10,15300         -53,44667          -0,01136
           3,25000       -1840,27600         149,19600         -10,14800         -52,61707           0,01413
           3,30000       -1840,27600         149,19600         -10,14800         -52,36181           0,02051
           3,35000       -1840,27700         149,19600         -10,14600         -53,12759           0,00139
           3,40000       -1840,27600         149,19600         -10,14600         -53,12759           0,01413
           3,45000       -1840,27600         149,19600         -10,14600         -52,55326           0,02688
           3,50000       -1840,27700         149,19500         -10,14800         -53,19141           0,00776
           3,55000       -1840,27600         149,19600         -10,14800         -53,12759           0,00139
           3,60000       -1840,27600         149,19700         -10,14800         -52,74470           0,05237
           3,65000       -1840,27700         149,19600         -10,16800         -53,25522          -0,01773
           3,70000       -1840,27700         149,19500         -10,16800         -53,19141          -0,01136
           3,75000       -1840,27600         149,19600         -10,16900         -52,80852           0,00139
           3,80000       -1840,27500         149,19600         -10,20300         -53,19141           0,01413
           3,85000       -1840,27600         149,19600         -10,20400         -53,31904           0,05237
           3,90000       -1840,27600         149,19700         -10,24500         -52,87233           0,01413
           3,95000       -1840,27600         149,19600         -10,24500         -53,12759           0,00776
           4,00000       -1840,27600         149,19600         -10,24500         -52,99996           0,02688
           4,05000       -1840,27600         149,19600         -10,24500         -53,06378           0,03963
           4,10000       -1840,27600         149,19600         -10,29100         -52,68089           0,03963
           4,15000       -1840,27600         149,19600         -10,29200         -53,38285           0,00139
           4,20000       -1840,27600         149,19700         -10,29200         -53,12759           0,03325
           4,25000       -1840,27600         149,19500         -10,34100         -53,06378          -0,03685
           4,30000       -1840,27600         149,19600         -10,34000         -53,51048           0,03325
           4,35000       -1840,27600         149,19500         -10,39000         -52,93615           0,00776
           4,40000       -1840,27600         149,19600         -10,39100         -53,31904           0,03963
           4,45000       -1840,27600         149,19600         -10,39000         -52,93615           0,03963
           4,50000       -1840,27600         149,19700         -10,44000         -53,44667           0,00139
           4,55000       -1840,27600         149,19600         -10,44000         -52,68089           0,04600
           4,60000       -1840,27600         149,19700         -10,45100         -53,31904           0,02051
           4,65000       -1840,27600         149,19600         -10,49100         -53,51048           0,04600
           4,70000       -1840,27700         149,19600         -10,49200         -53,51048          -0,02410
           4,75000       -1840,27600         149,19600         -10,53900         -52,87233          -0,00498
           4,80000       -1840,27500         149,19600         -10,54300         -53,51048           0,01413
           4,85000       -1840,27600         149,19600         -10,54300         -52,93615           0,01413
           4,90000       -1840,27600         149,19700         -10,59400         -53,25522          -0,00498
           4,95000       -1840,27600         149,19600         -10,59400         -52,74470           0,02051
           5,00000       -1840,27600         149,19600         -10,61300         -53,12759           0,02051
           5,05000       -1840,27600         149,19600         -10,64600         -53,31904           0,00139
           5,10000       -1840,27600         149,19600         -10,64600         -53,19141           0,03325
           5,15000       -1840,27600         149,19600         -10,65500         -53,31904           0,02688
           5,20000       -1840,27600         149,19600         -10,69600         -53,44667           0,03325
           5,25000       -1840,27700         149,19600         -10,69600         -53,44667           0,02051
           5,30000       -1840,27600         149,19600         -10,73000         -53,19141           0,03963
           5,35000       -1840,27600         149,19700         -10,74700         -53,31904           0,02051
           5,40000       -1840,27600         149,19500         -10,74800         -53,89337           0,01413
           5,45000       -1840,27700         149,19500         -10,79900         -52,87233           0,03325
           5,50000       -1840,27600         149,19600         -10,79900         -53,19141           0,01413
           5,55000       -1840,27600         149,19600         -10,79900         -52,74470           0,05237
           5,60000       -1840,27600         149,19500         -10,81200         -53,51048           0,03963
           5,65000       -1840,27600         149,19600         -10,85000         -53,70193           0,04600
           5,70000       -1840,27600         149,19600         -10,85100         -53,44667          -0,01773
           5,75000       -1840,27600         149,19600         -10,90300         -53,31904           0,01413
           5,80000       -1840,27600         149,19700         -10,90400         -53,25522           0,01413
           5,85000       -1840,27600         149,19600         -10,90400         -53,19141           0,01413
           5,90000       -1840,27600         149,19600         -10,95300         -53,12759           0,04600
           5,95000       -1840,27600         149,19600         -10,95400         -53,25522           0,05874
           6,00000       -1840,27500         149,19600         -10,97200         -52,68089           0,05237
           6,05000       -1840,27700         149,19600         -11,00400         -53,31904          -0,00498
           6,10000       -1840,27600         149,19600         -11,00400         -53,44667           0,02051
           6,15000       -1840,27700         149,19600         -11,01800         -53,38285           0,03963
           6,20000       -1840,27600         149,19500         -11,05500         -52,87233           0,02051
           6,25000       -1840,27600         149,19600         -11,05500         -53,44667           0,03325
           6,30000       -1840,27600         149,19500         -11,10400         -53,19141           0,04600
           6,35000       -1840,27600         149,19600         -11,10600         -53,25522           0,03963
           6,40000       -1840,27600         149,19600         -11,10500         -53,25522           0,05237
           6,45000       -1840,27600         149,19600         -11,15100         -53,76574          -0,01136
           6,50000       -1840,27600         149,19500         -11,15400         -53,44667           0,00139
           6,55000       -1840,27500         149,19500         -11,15500         -53,31904           0,03963
           6,60000       -1840,27600         149,19600         -11,20400         -53,70193           0,00776
           6,65000       -1840,27700         149,19600         -11,20400         -53,31904           0,00139
           6,70000       -1840,27700         149,19600         -11,22700         -52,42563           0,00776
           6,75000       -1840,27600         149,19600         -11,25500         -53,31904           0,03325
           6,80000       -1840,27600         149,19600         -11,25600         -53,31904           0,02051
           6,85000       -1840,27600         149,19600         -11,30600         -52,55326           0,02051
           6,90000       -1840,27600         149,19600         -11,30600         -53,06378           0,00139
           6,95000       -1840,27700         149,19600         -11,30700         -53,12759          -0,02410
           7,00000       -1840,27700         149,19500         -11,35600         -53,19141           0,03963
           7,05000       -1840,27600         149,19600         -11,35600         -52,93615           0,01413
           7,10000       -1840,27600         149,19500         -11,40500         -52,99996           0,06512
           7,15000       -1840,27600         149,19500         -11,40500         -52,87233           0,05874
           7,20000       -1840,27600         149,19500         -11,40700         -53,31904           0,03963
           7,25000       -1840,27700         149,19600         -11,45900         -53,06378           0,03325
           7,30000       -1840,27600         149,19600         -11,45800         -52,93615           0,03325
           7,35000       -1840,27600         149,19700         -11,45900         -52,80852           0,01413
           7,40000       -1840,27600         149,19600         -11,50800         -52,87233           0,03963
           7,45000       -1840,27600         149,19600         -11,50800         -53,51048           0,05237
           7,50000       -1840,27600         149,19600         -11,50800         -53,44667          -0,03685
           7,55000       -1840,27600         149,19600         -11,55800         -53,25522           0,03963
           7,60000       -1840,27700         149,19600         -11,55800         -53,25522           0,03325
           7,65000       -1840,27600         149,19600         -11,55900         -53,76574          -0,00498
           7,70000       -1840,27700         149,19600         -11,60800         -52,68089           0,02688
           7,75000       -1840,27700         149,19600         -11,60900         -53,06378           0,01413
           7,80000       -1840,27700         149,19600         -11,61000         -53,31904          -0,00498
           7,85000       -1840,27600         149,19600         -11,65700         -53,63811           0,06512
           7,90000       -1840,27600         149,19600         -11,65800         -52,80852           0,01413
           7,95000       -1840,27600         149,19600         -11,65800         -52,68089           0,03325
           8,00000       -1840,27600         149,19600         -11,70800         -53,57430          -0,01136
           8,05000       -1840,27600         149,19700         -11,70900         -54,02100           0,00776
           8,10000       -1840,27600         149,19700         -11,75800         -53,95719           0,03963
           8,15000       -1840,27600         149,19600         -11,75900         -52,87233          -0,01136
           8,20000       -1840,27600         149,19600         -11,75800         -53,31904           0,02051
           8,25000       -1840,27600         149,19700         -11,80700         -53,25522           0,03325
           8,30000       -1840,27600         149,19700         -11,80700         -53,63811           0,02051
           8,35000       -1840,27600         149,19700         -11,80800         -53,76574           0,03963
           8,40000       -1840,27600         149,19600         -11,85700         -53,31904           0,06512
           8,45000       -1840,27600         149,19600         -11,85800         -53,06378           0,02688
           8,50000       -1840,27600         149,19600         -11,90700         -53,51048           0,00776
           8,55000       -1840,27600         149,19600         -11,90800         -53,19141           0,00776
           8,60000       -1840,27600         149,19600         -11,90800         -52,80852           0,00139
           8,65000       -1840,27600         149,19600         -11,95800         -53,31904           0,02688
           8,70000       -1840,27600         149,19600         -11,95900         -53,31904           0,02051
           8,75000       -1840,27700         149,19600         -12,00600         -53,57430           0,03325
           8,80000       -1840,27600         149,19600         -12,00900         -53,44667           0,00139
           8,85000       -1840,27600         149,19600         -12,00900         -53,31904           0,01413
           8,90000       -1840,27700         149,19600         -12,03400         -53,57430           0,03325
           8,95000       -1840,27600         149,19600         -12,05700         -52,87233           0,02051
           9,00000       -1840,27600         149,19600         -12,05700         -53,63811           0,00139
           9,05000       -1840,27700         149,19600         -12,09700         -53,76574           0,02051
           9,10000       -1840,27600         149,19600         -12,10800         -53,06378           0,00776
           9,15000       -1840,27500         149,19600         -12,14000         -53,63811           0,00776
           9,20000       -1840,27700         149,19600         -12,15800         -52,99996           0,00776
           9,25000       -1840,27600         149,19600         -12,15800         -53,76574           0,00139
           9,30000       -1840,27600         149,19600         -12,15800         -52,87233           0,01413
           9,35000       -1840,27600         149,19700         -12,20900         -53,44667           0,03963
           9,40000       -1840,27600         149,19600         -12,20900         -52,93615          -0,00498
           9,45000       -1840,27700         149,19700         -12,22900         -52,93615           0,03963
           9,50000       -1840,27600         149,19700         -12,26000         -53,25522           0,03325
           9,55000       -1840,27700         149,19600         -12,26000         -53,57430           0,01413
           9,60000       -1840,27600         149,19600         -12,30900         -52,80852           0,03325
           9,65000       -1840,27600         149,19600         -12,30800         -53,38285           0,00776
           9,70000       -1840,27500         149,19600         -12,34000         -53,31904          -0,00498
           9,75000       -1840,27500         149,19600         -12,36000         -53,19141           0,03325
           9,80000       -1840,27600         149,19600         -12,36100         -53,38285          -0,00498
           9,85000       -1840,27600         149,19600         -12,40600         -52,93615           0,03963
           9,90000       -1840,27600         149,19700         -12,41100         -53,63811           0,04600
           9,95000       -1840,27600         149,19600         -12,41200         -53,63811           0,02051
          10,00000       -1840,27600         149,19700         -12,45900         -53,19141           0,02688
          10,05000       -1840,27600         149,19600         -12,46000         -53,38285          -0,00498
          10,10000       -1840,27600         149,19600         -12,46100         -53,31904           0,00139
          10,15000       -1840,27600         149,19600         -12,51200         -52,87233           0,03325
          10,20000       -1840,27600         149,19700         -12,51300         -52,74470           0,02051
          10,25000       -1840,27700         149,19600         -12,53300         -52,99996           0,02688
          10,30000       -1840,27600         149,19600         -12,56300         -53,57430           0,02051
          10,35000       -1840,27600         149,19700         -12,56300         -53,63811           0,01413
          10,40000       -1840,27500         149,19600         -12,59500         -53,31904           0,02688
          10,45000       -1840,27600         149,19600         -12,61300         -52,55326           0,05237
          10,50000       -1840,27600         149,19600         -12,61400         -53,25522           0,05237
          10,55000       -1840,27600         149,19600         -12,66200         -53,19141           0,02688
          10,60000       -1840,27600         149,19600         -12,66300         -52,87233          -0,01136
          10,65000       -1840,27600         149,19700         -12,66300         -53,57430           0,03325
          10,70000       -1840,27600         149,19600         -12,71300         -52,42563           0,00139
          10,75000       -1840,27600         149,19600         -12,71300         -52,93615           0,03963
          10,80000       -1840,27600         149,19600         -12,76300         -53,38285           0,02051
          10,85000       -1840,27600         149,19600         -12,76300         -52,93615           0,00776
          10,90000       -1840,27600         149,19700         -12,76300         -52,93615           0,01413
          10,95000       -1840,27600         149,19600         -12,81200         -52,80852           0,02051
          11,00000       -1840,27600         149,19600         -12,81300         -53,06378           0,02051
          11,05000       -1840,27700         149,19700         -12,85600         -53,25522           0,03963
          11,10000       -1840,27500         149,19600         -12,86300         -52,68089          -0,02410
          11,15000       -1840,27600         149,19600         -12,86400         -53,06378           0,00139
          11,20000       -1840,27700         149,19600         -12,89600         -53,25522          -0,01136
          11,25000       -1840,27600         149,19700         -12,91300         -53,31904           0,00139
          11,30000       -1840,27600         149,19700         -12,91300         -53,06378           0,03963
          11,35000       -1840,27600         149,19600         -12,96200         -52,99996           0,02051
          11,40000       -1840,27600         149,19600         -12,96300         -52,55326           0,05237
          11,45000       -1840,27700         149,19600         -12,98300         -52,68089           0,07786
          11,50000       -1840,27700         149,19600         -13,01300         -53,31904          -0,02410
          11,55000       -1840,27600         149,19600         -13,01400         -53,70193           0,05874
          11,60000       -1840,27600         149,19600         -13,01300         -53,63811          -0,00498
          11,65000       -1840,27700         149,19600         -13,06300         -52,55326           0,03325
          11,70000       -1840,27700         149,19700         -13,06400         -53,31904           0,03325
          11,75000       -1840,27700         149,19800         -13,10300         -52,99996           0,00139
          11,80000       -1840,27700         149,19600         -13,11200         -53,06378           0,02688
          11,85000       -1840,27700         149,19500         -13,11200         -53,19141           0,03325
          11,90000       -1840,27700         149,19700         -13,12900         -53,51048           0,04600
          11,95000       -1840,27600         149,19600         -13,16200         -53,19141           0,00776
          12,00000       -1840,27600         149,19600         -13,16200         -52,55326           0,03325
          12,05000       -1840,27600         149,19600         -13,21300         -53,19141           0,00139
          12,10000       -1840,27600         149,19600         -13,21300         -53,12759          -0,01136
          12,15000       -1840,27700         149,19700         -13,21300         -53,70193           0,03325
          12,20000       -1840,27700         149,19600         -13,26200         -52,68089           0,00139
          12,25000       -1840,27700         149,19500         -13,26300         -53,06378           0,00139
          12,30000       -1840,27700         149,19700         -13,30100         -53,12759          -0,01136
          12,35000       -1840,27600         149,19600         -13,31400         -52,61707           0,01413
          12,40000       -1840,27600         149,19600         -13,31400         -53,44667           0,03963
          12,45000       -1840,27700         149,19600         -13,36300         -53,19141           0,04600
          12,50000       -1840,27700         149,19600         -13,36400         -53,06378           0,00139
          12,55000       -1840,27700         149,19500         -13,36400         -52,80852           0,01413
          12,60000       -1840,27600         149,19600         -13,41400         -53,44667           0,01413
          12,65000       -1840,27800         149,19600         -13,41500         -53,06378           0,03963
          12,70000       -1840,27600         149,19700         -13,42300         -52,99996          -0,00498
          12,75000       -1840,27700         149,19600         -13,46400         -53,51048           0,02688
          12,80000       -1840,27700         149,19600         -13,46400         -53,25522           0,00776
          12,85000       -1840,27700         149,19600         -13,46500         -52,99996           0,01413
          12,90000       -1840,27700         149,19700         -13,51200         -52,68089           0,07786
          12,95000       -1840,27700         149,19600         -13,51300         -52,29800           0,03325
          13,00000       -1840,27700         149,19600         -13,51400         -53,31904           0,01413
          13,05000       -1840,27700         149,19500         -13,56300         -53,51048           0,00139
          13,10000       -1840,27700         149,19600         -13,56400         -52,80852          -0,00498
          13,15000       -1840,27600         149,19700         -13,59500         -53,25522           0,02051
          13,20000       -1840,27700         149,19500         -13,61300         -53,06378           0,05874
          13,25000       -1840,27800         149,19500         -13,61300         -53,19141          -0,01136
          13,30000       -1840,27700         149,19600         -13,62500         -53,38285           0,03325
          13,35000       -1840,27800         149,19600         -13,66400         -52,87233           0,06512
          13,40000       -1840,27700         149,19600         -13,66400         -53,12759           0,01413
          13,45000       -1840,27800         149,19600         -13,71400         -52,74470           0,02688
          13,50000       -1840,27700         149,19600         -13,71300         -53,51048           0,01413
          13,55000       -1840,27700         149,19500         -13,71400         -52,55326           0,02051
          13,60000       -1840,27700         149,19600         -13,76300         -53,19141          -0,00498
          13,65000       -1840,27800         149,19500         -13,76400         -53,19141          -0,01773
          13,70000       -1840,27800         149,19600         -13,81400         -52,93615           0,03325
          13,75000       -1840,27800         149,19600         -13,81400         -53,38285           0,01413
          13,80000       -1840,27700         149,19700         -13,85100         -52,74470           0,02051
          13,85000       -1840,27700         149,19600         -13,86500         -52,93615          -0,00498
          13,90000       -1840,27700         149,19600         -13,86500         -52,93615           0,02051
          13,95000       -1840,27700         149,19600         -13,91400         -53,89337           0,02051
          14,00000       -1840,27700         149,19600         -13,91500         -52,80852          -0,00498
          14,05000       -1840,27800         149,19600         -13,91600         -52,87233           0,03325
          14,10000       -1840,27700         149,19600         -13,96600         -52,87233           0,02688
          14,15000       -1840,27700         149,19600         -13,96600         -53,06378           0,01413
          14,20000       -1840,27700         149,19600         -14,01400         -52,68089           0,03325
          14,25000       -1840,27800         149,19500         -14,01500         -52,61707           0,05237
          14,30000       -1840,27800         149,19600         -14,01600         -53,06378           0,02051
          14,35000       -1840,27800         149,19600         -14,03200         -53,44667           0,00139
          14,40000       -1840,27700         149,19600         -14,06500         -52,68089          -0,02410
          14,45000       -1840,27700         149,19600         -14,06600         -52,48944           0,02688
          14,50000       -1840,27700         149,19600         -14,11500         -53,06378           0,03325
          14,55000       -1840,27800         149,19600         -14,11500         -52,87233           0,02688
          14,60000       -1840,27800         149,19600         -14,12800         -52,10655           0,03325
          14,65000       -1840,27800         149,19600         -14,16300         -52,48944           0,00139
          14,70000       -1840,27800         149,19600         -14,16400         -52,80852           0,03325
          14,75000       -1840,27800         149,19600         -14,21500         -53,19141           0,00776
          14,80000       -1840,27700         149,19600         -14,21500         -53,06378          -0,01773
          14,85000       -1840,27800         149,19600         -14,21600         -52,10655           0,01413
          14,90000       -1840,27700         149,19600         -14,26400         -52,29800           0,03963
          14,95000       -1840,27800         149,19600         -14,26400         -52,93615           0,01413
          15,00000       -1840,27700         149,19600         -14,31500         -52,23418          -0,01136
          15,05000       -1840,27800         149,19600         -14,31600         -53,19141           0,03325
          15,10000       -1840,27700         149,19600         -14,31600         -52,80852           0,03325
          15,15000       -1840,27900         149,19500         -14,31600         -52,17037           0,03963
          15,20000       -1840,27700         149,19600         -14,36500         -52,55326           0,00776
          15,25000       -1840,27800         149,19600         -14,40100         -52,80852           0,03325
          15,30000       -1840,27700         149,19600         -14,41600         -51,78748           0,03963
          15,35000       -1840,27700         149,19600         -14,41600         -51,72366           0,00139
          15,40000       -1840,27800         149,19400         -14,46500         -53,12759           0,01413
          15,45000       -1840,27700         149,19600         -14,46600         -50,89407           0,02051
          15,50000       -1840,27700         149,19600         -14,47200         -52,74470           0,02051
          15,55000       -1840,27800         149,19600         -14,51600         -52,42563           0,03325
          15,60000       -1840,27700         149,19600         -14,51600         -52,36181          -0,00498
          15,65000       -1840,27800         149,19700         -14,51600         -52,29800           0,00776
          15,70000       -1840,27800         149,19600         -14,56300         -52,48944           0,05237
          15,75000       -1840,27800         149,19600         -14,56300         -52,80852           0,04600
          15,80000       -1840,27700         149,19600         -14,56400         -52,17037           0,02688
          15,85000       -1840,27800         149,19600         -14,61400         -50,51117           0,04600
          15,90000       -1840,27700         149,19600         -14,61600         -52,42563           0,01413
          15,95000       -1840,27700         149,19600         -14,66700         -51,65985           0,05237
          16,00000       -1840,27800         149,19600         -14,66500         -51,72366           0,03963
          16,05000       -1840,27800         149,19600         -14,66500         -51,85129           0,02688
          16,10000       -1840,27800         149,19600         -14,71700         -51,21314           0,04600
          16,15000       -1840,27800         149,19600         -14,71600         -52,23418           0,01413
          16,20000       -1840,27700         149,19600         -14,71700         -49,80921           0,03325
          16,25000       -1840,27700         149,19600         -14,76500         -52,36181           0,05237
          16,30000       -1840,27700         149,19600         -14,76500         -50,89407           0,04600
          16,35000       -1840,27700         149,19600         -14,79800         -50,19210          -0,01136
          16,40000       -1840,27700         149,19600         -14,81500         -49,36250          -0,01773
          16,45000       -1840,27700         149,19600         -14,81500         -49,29869           0,03963
          16,50000       -1840,27700         149,19600         -14,83600         -51,78748           0,03963
          16,55000       -1840,27700         149,19600         -14,86500         -51,97892           0,05874
          16,60000       -1840,27800         149,19600         -14,86500         -49,04343          -0,01773
          16,65000       -1840,27800         149,19600         -14,91400         -51,34077          -0,03047
          16,70000       -1840,27700         149,19600         -14,91400         -51,02170           0,00776
          16,75000       -1840,27700         149,19500         -14,91500         -51,59603          -0,00498
          16,80000       -1840,27800         149,19600         -14,96500         -51,21314           0,03325
          16,85000       -1840,27800         149,19600         -14,96600         -50,06447           0,03325
          16,90000       -1840,27700         149,19600         -14,96600         -50,76643           0,00139
          16,95000       -1840,27800         149,19600         -15,01500         -50,25591           0,04600
          17,00000       -1840,27700         149,19600         -15,01600         -48,53291           0,00776
          17,05000       -1840,27800         149,19600         -15,06600         -51,53222           0,02051
          17,10000       -1840,27800         149,19600         -15,06500         -50,63880           0,02051
          17,15000       -1840,27700         149,19600         -15,06700         -48,34146           0,05874
          17,20000       -1840,27700         149,19600         -15,08300         -48,21383           0,04600
          17,25000       -1840,27700         149,19600         -15,11600         -48,53291           0,04600
          17,30000       -1840,27800         149,19500         -15,16100         -51,21314          -0,00498
          17,35000       -1840,27800         149,19600         -15,16500         -51,14933           0,03325
          17,40000       -1840,27800         149,19600         -15,16600         -50,57499           0,00139
          17,45000       -1840,27700         149,19600         -15,16600         -51,14933           0,04600
          17,50000       -1840,27800         149,19600         -15,21500         -50,89407           0,00776
          17,55000       -1840,27700         149,19700         -15,21600         -48,59672          -0,01136
          17,60000       -1840,27700         149,19600         -15,26300         -49,55395           0,07149
          17,65000       -1840,27700         149,19600         -15,26300         -52,23418           0,00776
          17,70000       -1840,27700         149,19500         -15,26300         -48,53291           0,00776
          17,75000       -1840,27700         149,19600         -15,31300         -51,21314           0,00139
          17,80000       -1840,27700         149,19600         -15,31400         -50,00065           0,01413
          17,85000       -1840,27800         149,19600         -15,31400         -48,15002           0,04600
          17,90000       -1840,27700         149,19600         -15,36300         -49,49013          -0,03047
          17,95000       -1840,27700         149,19600         -15,36400         -48,72435           0,00776
          18,00000       -1840,27900         149,19600         -15,36400         -51,59603           0,04600
          18,05000       -1840,27800         149,19700         -15,41400         -49,55395          -0,01136
          18,10000       -1840,27700         149,19600         -15,41500         -49,87302           0,03963
          18,15000       -1840,27800         149,19600         -15,42600         -51,34077          -0,00498
          18,20000       -1840,27800         149,19700         -15,46400         -51,46840           0,01413
          18,25000       -1840,27800         149,19600         -15,46400         -52,48944           0,06512
          18,30000       -1840,27800         149,19600         -15,51700         -51,59603           0,04600
          18,35000       -1840,27700         149,19600         -15,51500         -50,76643           0,00776
          18,40000       -1840,27700         149,19500         -15,51500         -48,02239           0,03325
          18,45000       -1840,27700         149,19600         -15,56300         -50,12828          -0,01773
          18,50000       -1840,27800         149,19500         -15,56300         -51,08551           0,02051
          18,55000       -1840,27600         149,19600         -15,58800         -49,68158           0,00139
          18,60000       -1840,27700         149,19600         -15,61400         -50,63880           0,00139
          18,65000       -1840,27700         149,19700         -15,61300         -51,72366           0,00139
          18,70000       -1840,27800         149,19600         -15,66400         -48,02239           0,00776
          18,75000       -1840,27700         149,19600         -15,66400         -48,15002           0,00139
          18,80000       -1840,27700         149,19700         -15,69400         -47,06516           0,00776
          18,85000       -1840,27700         149,19600         -15,71400         -47,44805           0,01413
          18,90000       -1840,27700         149,19700         -15,71400         -48,53291           0,02688
          18,95000       -1840,27800         149,19600         -15,76400         -50,06447           0,02051
          19,00000       -1840,27700         149,19600         -15,76400         -51,97892           0,05874
          19,05000       -1840,27800         149,19600         -15,75500         -48,21383           0,03963
          19,10000       -1840,27800         149,19600         -15,81200         -47,76713           0,02688
          19,15000       -1840,27700         149,19600         -15,81300         -52,42563           0,05237
          19,20000       -1840,27800         149,19700         -15,86300         -48,21383           0,02051
          19,25000       -1840,27800         149,19600         -15,86300         -47,38424           0,05874
          19,30000       -1840,27700         149,19600         -15,86300         -49,23487          -0,01136
          19,35000       -1840,27700         149,19700         -15,91300         -47,44805          -0,01773
          19,40000       -1840,27700         149,19700         -15,91400         -51,91511           0,04600
          19,45000       -1840,27700         149,19600         -15,96300         -45,72504           0,00139
          19,50000       -1840,27700         149,19600         -15,96300         -45,66123          -0,01773
          19,55000       -1840,27700         149,19600         -15,96300         -46,74608           0,04600
          19,60000       -1840,27800         149,19600         -16,01200         -45,40597           0,00776
          19,65000       -1840,27700         149,19600         -16,01400         -52,29800          -0,01773
          19,70000       -1840,27800         149,19700         -16,04200         -44,51256           0,01413
          19,75000       -1840,27700         149,19600         -16,06400         -45,15071          -0,02410
          19,80000       -1840,27700         149,19600         -16,06500         -45,21452           0,02051
          19,85000       -1840,27700         149,19600         -16,06500         -47,19279           0,06512
          19,90000       -1840,27800         149,19600         -16,11300         -51,59603           0,05237
          19,95000       -1840,27800         149,19600         -16,11300         -47,63950           0,04600
          20,00000       -1840,27800         149,19600         -16,11300         -50,25591           0,02688
          20,05000       -1840,27800         149,19700         -16,16300         -47,32042          -0,01136
          20,10000       -1840,27800         149,19600         -16,16300         -46,23556           0,01413
          20,15000       -1840,27800         149,19700         -16,20900         -44,25730           0,03963
          20,20000       -1840,27800         149,19600         -16,21300         -43,42770          -0,00498
          20,25000       -1840,27700         149,19600         -16,21400         -43,61915           0,02051
          20,30000       -1840,27800         149,19600         -16,26300         -50,95788           0,03325
          20,35000       -1840,27800         149,19600         -16,26300         -46,29938           0,03325
          20,40000       -1840,27700         149,19600         -16,30900         -43,55533           0,01413
          20,45000       -1840,27800         149,19700         -16,31400         -44,89545           0,04600
          20,50000       -1840,27700         149,19600         -16,31400         -45,72504          -0,01136
          20,55000       -1840,27900         149,19600         -16,36300         -49,87302           0,00776
          20,60000       -1840,27800         149,19600         -16,36400         -47,57568           0,03325
          20,65000       -1840,27800         149,19600         -16,36300         -45,27834           0,04600
          20,70000       -1840,27800         149,19600         -16,41200         -46,80990           0,04600
          20,75000       -1840,27800         149,19600         -16,41300         -44,51256           0,05237
          20,80000       -1840,27800         149,19600         -16,41300         -50,70262           0,00139
          20,85000       -1840,27800         149,19600         -16,46300         -46,29938           0,06512
          20,90000       -1840,27800         149,19600         -16,46400         -48,97961           0,03325
          20,95000       -1840,27800         149,19600         -16,51300         -44,57637           0,05237
          21,00000       -1840,27800         149,19700         -16,51300         -47,51187           0,00776
          21,05000       -1840,27800         149,19600         -16,51300         -46,17175           0,01413
          21,10000       -1840,27800         149,19600         -16,52600         -47,51187          -0,02410
          21,15000       -1840,27800         149,19600         -16,56300         -43,93822           0,03963
          21,20000       -1840,27800         149,19700         -16,56400         -49,61776          -0,02410
          21,25000       -1840,27800         149,19600         -16,61300         -46,17175           0,05237
          21,30000       -1840,27800         149,19600         -16,61400         -49,49013           0,02688
          21,35000       -1840,27800         149,19600         -16,61400         -44,57637           0,01413
          21,40000       -1840,27800         149,19600         -16,66300         -48,59672           0,00139
          21,45000       -1840,27800         149,19600         -16,66400         -46,55464           0,03963
          21,50000       -1840,27800         149,19600         -16,71300         -50,19210           0,02051
          21,55000       -1840,27800         149,19600         -16,71300         -47,95857          -0,01136
          21,60000       -1840,27800         149,19600         -16,71400         -49,68158           0,02051
          21,65000       -1840,27700         149,19500         -16,71400         -47,25661           0,00139
          21,70000       -1840,27800         149,19600         -16,76300         -39,15209           0,00139
          21,75000       -1840,27800         149,19600         -16,76300         -50,63880           0,03325
          21,80000       -1840,27800         149,19600         -16,81300         -50,25591           0,05874
          21,85000       -1840,27900         149,19600         -16,81300         -44,12967          -0,00498
          21,90000       -1840,27800         149,19700         -16,81400         -36,34422           0,06512
          21,95000       -1840,27800         149,19600         -16,86400         -50,57499           0,03963
          22,00000       -1840,27800         149,19600         -16,86500         -48,27765           0,02051
          22,05000       -1840,27900         149,19600         -16,86500         -37,68434           0,01413
          22,10000       -1840,27800         149,19600         -16,91300         -40,93891           0,00139
          22,15000       -1840,27800         149,19600         -16,91300         -45,53360           0,01413
          22,20000       -1840,27900         149,19600         -16,91400         -38,83301           0,00139
          22,25000       -1840,27800         149,19600         -16,96400         -32,83439          -0,00498
          22,30000       -1840,27700         149,19600         -16,96500         -30,02653           0,02051
          22,35000       -1840,27800         149,19600         -16,99100         -50,00065           0,03963
          22,40000       -1840,27700         149,19600         -17,01300         -45,15071           0,03325
          22,45000       -1840,27800         149,19600         -17,01400         -48,08620           0,03963
          22,50000       -1840,27700         149,19600         -17,06200         -42,66192           0,03963
          22,55000       -1840,27800         149,19700         -17,06300         -47,32042           0,03963
          22,60000       -1840,27800         149,19600         -17,06300         -49,61776           0,03325
          22,65000       -1840,27800         149,19600         -17,11400         -23,83647           0,02051
          22,70000       -1840,27700         149,19600         -17,11400         -22,75161           0,05874
          22,75000       -1840,27800         149,19600         -17,11500         -43,42770           0,00139
          22,80000       -1840,27800         149,19600         -17,16200         -46,68227          -0,01136
          22,85000       -1840,27800         149,19600         -17,16300         -46,80990           0,02688
          22,90000       -1840,27800         149,19600         -17,21300         -20,70953           0,03963
          22,95000       -1840,27800         149,19700         -17,21300         -16,88062           0,02051
          23,00000       -1840,27800         149,19600         -17,21300         -24,72988           0,04600
          23,05000       -1840,27800         149,19600         -17,26300         -17,39114           0,04600
          23,10000       -1840,27800         149,19600         -17,26400         -48,72435           0,07149
          23,15000       -1840,27700         149,19600         -17,31500         -18,92271           0,05874
          23,20000       -1840,27800         149,19600         -17,31300         -29,77127           0,03325
          23,25000       -1840,27700         149,19600         -17,31300         -19,75230           0,04600
          23,30000       -1840,27800         149,19600         -17,31400         -25,49566           0,02688
          23,35000       -1840,27800         149,19600         -17,36400         -46,10793           0,02688
          23,40000       -1840,27800         149,19600         -17,36400         -11,52016           0,03325
          23,45000       -1840,27800         149,19600         -17,41300         -25,55947           0,01413
          23,50000       -1840,27900         149,19600         -17,41300          -8,01033           0,05237
          23,55000       -1840,27800         149,19500         -17,41300         -22,94306           0,00776
          23,60000       -1840,27800         149,19500         -17,46200         -29,70746           0,02688
          23,65000       -1840,27900         149,19500         -17,46100         -41,95995           0,05237
          23,70000       -1840,27800         149,19600         -17,46200         -53,06378           0,00776
          23,75000       -1840,27900         149,19500         -17,50400         -52,61707           0,03325
          23,80000       -1840,27800         149,19500         -17,51300         -53,25522           0,04600
          23,85000       -1840,27800         149,19600         -17,51400         -53,12759           0,00139
          23,90000       -1840,27800         149,19600         -17,56200         -52,93615           0,07786
          23,95000       -1840,27900         149,19600         -17,56300         -53,63811           0,02688
          24,00000       -1840,27800         149,19600         -17,56300         -51,85129          -0,00498
          24,05000       -1840,27900         149,19600         -17,61400         -54,02100           0,05874
          24,10000       -1840,27900         149,19700         -17,61400         -54,08482           0,00776
          24,15000       -1840,27700         149,19700         -17,63000         -53,82956           0,00139
          24,20000       -1840,27800         149,19700         -17,66300         -54,40390           0,00139
          24,25000       -1840,27800         149,19700         -17,66300         -51,91511           0,00776
          24,30000       -1840,27800         149,19600         -17,71300         -54,21245           0,01413
          24,35000       -1840,27700         149,19600         -17,71400         -54,14863           0,01413
          24,40000       -1840,27700         149,19600         -17,71400         -54,21245           0,02688
          24,45000       -1840,27800         149,19600         -17,76400         -53,06378           0,01413
          24,50000       -1840,27800         149,19600         -17,76400         -52,36181           0,04600
          24,55000       -1840,27800         149,19700         -17,81300         -54,97823           0,03325
          24,60000       -1840,27800         149,19700         -17,81300         -55,04205           0,00776
          24,65000       -1840,27800         149,19600         -17,81300         -54,08482           0,05237
          24,70000       -1840,27800         149,19600         -17,86400         -52,55326           0,01413
          24,75000       -1840,27800         149,19700         -17,86400         -54,78679           0,03963
          24,80000       -1840,27800         149,19700         -17,86500         -55,10586           0,03325
          24,85000       -1840,27800         149,19600         -17,86500         -55,04205           0,04600
          24,90000       -1840,27800         149,19700         -17,91300         -50,57499           0,03963
          24,95000       -1840,27700         149,19700         -17,95200         -55,16968          -0,01136
          25,00000       -1840,27700         149,19700         -17,96500         -55,16968           0,00139
          25,05000       -1840,27800         149,19600         -17,96500         -55,42494           0,02688
          25,10000       -1840,27800         149,19700         -17,96500         -56,12690           0,02051
          25,15000       -1840,27900         149,19700         -18,01400         -52,17037           0,00776
          25,20000       -1840,27900         149,19600         -18,02200         -53,38285          -0,01773
          25,25000       -1840,27800         149,19600         -18,06400         -45,02308          -0,00498
          25,30000       -1840,27800         149,19600         -18,06400         -50,63880           0,03325
          25,35000       -1840,27800         149,19600         -18,06600         -46,23556           0,02051
          25,40000       -1840,27800         149,19700         -18,11500         -42,21521           0,06512
          25,45000       -1840,27800         149,19600         -18,11400         -38,70538           0,00776
          25,50000       -1840,27800         149,19600         -18,16300         -49,80921           0,02051
          25,55000       -1840,27800         149,19700         -18,16300         -55,80783           0,03963
          25,60000       -1840,27800         149,19600         -18,16400         -56,57361           0,04600
          25,65000       -1840,27900         149,19600         -18,21200         -51,21314          -0,00498
          25,70000       -1840,27800         149,19700         -18,21300         -28,75023          -0,00498
          25,75000       -1840,27800         149,19600         -18,21400         -30,40942           0,02051
          25,80000       -1840,27800         149,19700         -18,26400          68,50397           0,01413
          25,85000       -1840,27800         149,19600         -18,26500          50,44430           0,00139
          25,90000       -1840,27800         149,19600         -18,26500         -53,76574           0,03963
          25,95000       -1840,27800         149,19700         -18,31400           7,05004          -0,01136
          26,00000       -1840,27800         149,19700         -18,31500          67,99345           0,03325
          26,05000       -1840,27800         149,19600         -18,33500         197,28282           0,01413
          26,10000       -1840,27900         149,19700         -18,36400         151,01688           0,02051
          26,15000       -1840,27800         149,19600         -18,36500          70,80131           0,03325
          26,20000       -1840,27800         149,19600         -18,36500         144,69918           0,03963
          26,25000       -1840,27800         149,19600         -18,41400         153,63330          -0,01773
          26,30000       -1840,27900         149,19700         -18,41600          94,22145           0,02688
          26,35000       -1840,27900         149,19700         -18,46300         -45,27834           0,03325
          26,40000       -1840,27900         149,19600         -18,46500         -71,31489           0,04600
          26,45000       -1840,27900         149,19600         -18,46600         124,21454           0,03963
          26,50000       -1840,27900         149,19700         -18,49600         245,39939           0,03963
          26,55000       -1840,27900         149,19600         -18,51500         -67,29454           0,02051
          26,60000       -1840,27800         149,19700         -18,51600         303,15205           0,05874
          26,65000       -1840,27900         149,19700         -18,56400         418,84881           0,02051
          26,70000       -1840,27900         149,19700         -18,56500         305,95991           0,02051
          26,75000       -1840,27800         149,19700         -18,56500         345,14238           0,03325
          26,80000       -1840,27800         149,19700         -18,61500         -56,50979           0,05237
          26,85000       -1840,27800         149,19700         -18,61500         321,97750           0,02051
          26,90000       -1840,27800         149,19800         -18,66500         345,71671           0,03325
          26,95000       -1840,27800         149,19700         -18,66600         250,82368           0,02051
          27,00000       -1840,27900         149,19700         -18,66600         119,81130          -0,00498
          27,05000       -1840,27800         149,19700         -18,71600         479,34551           0,02051
          27,10000       -1840,27800         149,19600         -18,71600         -45,72504           0,02688
          27,15000       -1840,27800         149,19600         -18,73600          59,95274           0,00776
          27,20000       -1840,27800         149,19600         -18,76700         131,68090           0,03963
          27,25000       -1840,27800         149,19600         -18,76700         174,69228           0,05237
          27,30000       -1840,27900         149,19600         -18,79600         678,00188          -0,01773
          27,35000       -1840,27800         149,19600         -18,81600         118,27974           0,03325
          27,40000       -1840,27800         149,19600         -18,81600         112,28112           0,02051
          27,45000       -1840,27700         149,19600         -18,86600         411,51007           0,02051
          27,50000       -1840,27800         149,19700         -18,86600         492,10853           0,01413
          27,55000       -1840,27800         149,19600         -18,86700         341,76018           0,02051
          27,60000       -1840,27800         149,19600         -18,90100         538,31065           0,00139
          27,65000       -1840,27800         149,19600         -18,91600         443,92814          -0,01773
          27,70000       -1840,27800         149,19500         -18,91600         249,35593          -0,01773
          27,75000       -1840,27800         149,19600         -18,96600         692,55172           0,05237
          27,80000       -1840,27800         149,19600         -18,96700         896,12186           0,01413
          27,85000       -1840,27800         149,19600         -18,96600         570,98398           0,00776
          27,90000       -1840,27700         149,19600         -18,96700         338,69705           0,03325
          27,95000       -1840,27800         149,19600         -18,96700         908,11909           0,03325
          28,00000       -1840,27500         149,19500         -10,45900         -53,44667           0,05237
          28,05000       -1840,27500         149,19500         -10,45900         -53,31904           0,04600
          28,10000       -1840,27600         149,19400         -10,45900         -53,25522           0,02688
          28,15000       -1840,27600         149,19400         -10,45900         -53,63811          -0,01773
          28,20000       -1840,27600         149,19400         -10,46000         -53,38285           0,01413
          28,25000       -1840,27500         149,19400         -10,45900         -53,57430           0,09061
          28,30000       -1840,27600         149,19500         -10,46000         -53,31904           0,05237
          28,35000       -1840,27600         149,19500         -10,45900         -54,14863          -0,00498
          28,40000       -1840,27500         149,19400         -10,46000         -53,44667           0,02688
          28,45000       -1840,27500         149,19400         -10,45900         -53,82956          -0,03047
          28,50000       -1840,27600         149,19400         -10,46000         -53,82956           0,00139
          28,55000       -1840,27500         149,19500         -10,45900         -53,95719           0,03963
          28,60000       -1840,27500         149,19500         -10,46000         -53,31904           0,05874
          28,65000       -1840,27600         149,19500         -10,46000         -53,63811           0,03963
          28,70000       -1840,27600         149,19500         -10,45900         -52,61707           0,02688
          28,75000       -1840,27600         149,19400         -10,46000         -53,12759           0,01413
          28,80000       -1840,27600         149,19500         -10,45900         -53,63811          -0,01136
          28,85000       -1840,27600         149,19500         -10,45900         -53,44667           0,00776
          28,90000       -1840,27500         149,19500         -10,45900         -53,44667           0,03325
          28,95000       -1840,27500         149,19500         -10,46000         -52,87233           0,03963
          29,00000       -1840,27500         149,19500         -10,46000         -53,06378           0,02688
          29,05000       -1840,27600         149,19400         -10,46000         -53,76574          -0,01773
          29,10000       -1840,27500         149,19400         -10,46000         -53,63811          -0,01136
          29,15000       -1840,27500         149,19500         -10,45900         -53,76574           0,02688
          29,20000       -1840,27500         149,19500         -10,45900         -52,93615          -0,01136
          29,25000       -1840,27600         149,19400         -10,46000         -54,02100           0,05237
          29,30000       -1840,27500         149,19500         -10,45900         -53,12759          -0,01136
          29,35000       -1840,27500         149,19500         -10,46000         -53,38285          -0,01136
          29,40000       -1840,27600         149,19500         -10,45900         -53,44667           0,02688
          29,45000       -1840,27600         149,19400         -10,45900         -53,31904           0,03325
          29,50000       -1840,27500         149,19400         -10,45900         -53,38285           0,00139
          29,55000       -1840,27500         149,19500         -10,46000         -52,93615           0,02688
          29,60000       -1840,27500         149,19400         -10,46000         -52,99996           0,01413
          29,65000       -1840,27600         149,19500         -10,45900         -53,76574           0,02051
          29,70000       -1840,27500         149,19400         -10,46000         -53,44667           0,01413
          29,75000       -1840,27600         149,19500         -10,45900         -53,25522           0,01413
          29,80000       -1840,27500         149,19500         -10,45900         -53,89337           0,00139
          29,85000       -1840,27500         149,19400         -10,45900         -52,87233           0,03963
          29,90000       -1840,27600         149,19400         -10,46000         -52,93615           0,02688
          29,95000       -1840,27500         149,19400         -10,45900         -53,31904           0,01413
          30,00000       -1840,27500         149,19500         -10,45900         -53,57430           0,03963
          30,05000       -1840,27500         149,19500         -10,45900         -53,31904           0,02688
          30,10000       -1840,27500         149,19500         -10,45900         -53,38285           0,03963
          30,15000       -1840,27500         149,19400         -10,46000         -53,57430           0,02051
          30,20000       -1840,27500         149,19500         -10,45900         -53,12759           0,03325
          30,25000       -1840,27600         149,19400         -10,45900         -53,38285           0,00776
          30,30000       -1840,27500         149,19500         -10,45900         -53,12759           0,02051
          30,35000       -1840,27500         149,19400         -10,45900         -52,55326           0,03325
          30,40000       -1840,27500         149,19500         -10,45900         -53,70193           0,02051
          30,45000       -1840,27500         149,19500         -10,45900         -53,19141           0,00139
          30,50000       -1840,27500         149,19500         -10,46000         -53,06378           0,02688
