
// =========================================================================================================
// 2026-04-17, 18:21:27
//        Time [s]        Pos X [um]        Pos Y [um]        Pos Z [um]      Force A [uN]      Force B [uN]
// =========================================================================================================
           0,00000       -3111,97900        -268,92900          -6,24900         -52,93615          -0,01136
           0,05000       -3111,97900        -268,92900          -6,25000         -53,38285           0,03963
           0,10000       -3111,97900        -268,92900          -6,24900         -53,51048           0,03325
           0,15000       -3111,97900        -268,92900          -6,24900         -52,99996           0,01413
           0,20000       -3111,97900        -268,92900          -6,25000         -53,19141          -0,01773
           0,25000       -3111,97900        -268,92900          -6,25000         -52,74470           0,04600
           0,30000       -3111,97800        -268,92900          -6,25000         -53,44667           0,02688
           0,35000       -3111,97900        -268,92800          -6,25000         -52,93615           0,02051
           0,40000       -3111,97900        -268,92900          -6,24900         -53,25522           0,04600
           0,45000       -3111,97900        -268,92800          -6,25000         -53,44667           0,03963
           0,50000       -3111,97900        -268,92800          -6,24900         -52,55326           0,02051
           0,55000       -3111,97900        -268,92900          -6,25000         -52,87233           0,03325
           0,60000       -3111,97800        -268,92900          -6,25000         -52,87233           0,02051
           0,65000       -3111,97900        -268,92900          -6,25000         -53,31904           0,05237
           0,70000       -3111,97900        -268,92900          -6,25000         -52,93615           0,00139
           0,75000       -3111,97900        -268,92900          -6,25000         -53,12759           0,02051
           0,80000       -3111,97900        -268,92900          -6,25000         -52,17037           0,05874
           0,85000       -3111,97900        -268,92900          -6,25000         -52,93615           0,03325
           0,90000       -3111,97900        -268,92900          -6,25000         -53,51048           0,03963
           0,95000       -3111,97900        -268,92800          -6,24900         -52,42563           0,03963
           1,00000       -3111,97800        -268,92900          -6,25000         -52,93615           0,05237
           1,05000       -3111,97800        -268,92900          -6,25000         -52,87233           0,03963
           1,10000       -3111,97800        -268,92800          -6,25000         -52,93615           0,00776
           1,15000       -3111,97900        -268,92900          -6,25100         -52,80852           0,00139
           1,20000       -3111,97900        -268,92900          -6,25000         -53,12759           0,02688
           1,25000       -3111,97900        -268,92900          -6,25000         -52,29800          -0,00498
           1,30000       -3111,97900        -268,92900          -6,25000         -52,74470           0,04600
           1,35000       -3111,97900        -268,92800          -6,49800         -53,38285           0,00776
           1,40000       -3111,97900        -268,92900          -6,50300         -53,06378           0,02688
           1,45000       -3111,97900        -268,92900          -6,52200         -52,87233           0,02051
           1,50000       -3111,97900        -268,93000          -6,52400         -52,87233           0,03963
           1,55000       -3111,97900        -268,92900          -6,52500         -53,12759           0,05237
           1,60000       -3111,97900        -268,92900          -6,52200         -52,87233          -0,00498
           1,65000       -3111,97900        -268,92900          -6,52800         -53,38285          -0,00498
           1,70000       -3111,98000        -268,92900          -6,52900         -52,61707           0,03325
           1,75000       -3111,97900        -268,92900          -6,53100         -53,19141           0,00776
           1,80000       -3111,97900        -268,92900          -6,53100         -53,19141           0,05237
           1,85000       -3111,97900        -268,93000          -6,53100         -53,31904          -0,02410
           1,90000       -3111,97900        -268,92900          -6,53200         -53,19141           0,00139
           1,95000       -3111,97900        -268,92900          -6,53300         -52,55326           0,02688
           2,00000       -3111,97900        -268,93000          -6,53400         -52,99996           0,02051
           2,05000       -3111,97900        -268,93000          -6,53400         -53,19141          -0,01136
           2,10000       -3111,97900        -268,92900          -6,53500         -52,61707           0,05237
           2,15000       -3111,97900        -268,92900          -6,53500         -52,87233           0,05237
           2,20000       -3111,97800        -268,93000          -6,53600         -52,87233          -0,00498
           2,25000       -3111,97800        -268,92900          -6,53600         -53,12759           0,00776
           2,30000       -3111,97800        -268,93000          -6,53700         -52,87233           0,04600
           2,35000       -3111,97900        -268,93000          -6,53700         -53,19141           0,01413
           2,40000       -3111,97900        -268,92900          -6,53700         -53,19141           0,02688
           2,45000       -3111,97900        -268,92900          -6,53800         -53,25522           0,00139
           2,50000       -3111,97800        -268,93000          -6,53800         -53,06378           0,03325
           2,55000       -3111,97900        -268,92900          -6,53900         -52,80852           0,03325
           2,60000       -3111,97800        -268,93000          -6,54700         -53,12759           0,03325
           2,65000       -3111,97900        -268,93000          -6,54700         -53,31904           0,03325
           2,70000       -3111,97900        -268,93100          -6,56400         -52,61707           0,03325
           2,75000       -3111,97800        -268,92900          -6,56900         -53,19141           0,01413
           2,80000       -3111,97800        -268,93000          -6,56900         -53,25522           0,00139
           2,85000       -3111,97900        -268,93000          -6,60000         -52,74470           0,01413
           2,90000       -3111,97900        -268,93000          -6,60100         -53,31904          -0,01136
           2,95000       -3111,97800        -268,93000          -6,60200         -53,31904           0,00139
           3,00000       -3111,97800        -268,93000          -6,64000         -53,44667           0,03963
           3,05000       -3111,97800        -268,92900          -6,64100         -53,70193          -0,01773
           3,10000       -3111,97800        -268,93000          -6,66600         -52,99996           0,03963
           3,15000       -3111,97800        -268,92900          -6,68500         -53,38285           0,02688
           3,20000       -3111,97900        -268,93000          -6,68500         -53,38285           0,01413
           3,25000       -3111,97900        -268,92900          -6,69800         -53,25522           0,03325
           3,30000       -3111,97900        -268,93000          -6,73100         -52,74470           0,02051
           3,35000       -3111,97800        -268,93000          -6,73100         -53,38285           0,00776
           3,40000       -3111,97900        -268,93000          -6,77900         -53,06378          -0,01773
           3,45000       -3111,97900        -268,93000          -6,77900         -53,31904           0,01413
           3,50000       -3111,97900        -268,93000          -6,82400         -52,93615           0,02051
           3,55000       -3111,97900        -268,92900          -6,82800         -52,74470           0,03325
           3,60000       -3111,97900        -268,92900          -6,82800         -52,99996           0,04600
           3,65000       -3111,97900        -268,93000          -6,88000         -52,55326           0,01413
           3,70000       -3111,97900        -268,93000          -6,88000         -53,38285           0,01413
           3,75000       -3111,97900        -268,93000          -6,88000         -53,12759          -0,00498
           3,80000       -3111,97900        -268,93100          -6,92900         -53,31904           0,02688
           3,85000       -3111,98000        -268,93000          -6,93100         -53,12759          -0,02410
           3,90000       -3111,97900        -268,92900          -6,93000         -53,12759           0,00776
           3,95000       -3111,98000        -268,93000          -6,98000         -53,12759           0,02051
           4,00000       -3111,97900        -268,93100          -6,98200         -53,19141           0,00776
           4,05000       -3111,97900        -268,93000          -7,03200         -53,25522           0,00776
           4,10000       -3111,97900        -268,93000          -7,03200         -53,38285           0,01413
           4,15000       -3111,97800        -268,93000          -7,03300         -53,12759           0,05237
           4,20000       -3111,97900        -268,93000          -7,08300         -53,38285           0,02051
           4,25000       -3111,97900        -268,93000          -7,08400         -53,19141           0,02051
           4,30000       -3111,97900        -268,93000          -7,08600         -53,19141           0,00139
           4,35000       -3111,97900        -268,93000          -7,13400         -53,57430           0,02688
           4,40000       -3111,97800        -268,93000          -7,13500         -53,51048           0,00776
           4,45000       -3111,97800        -268,93000          -7,15000         -53,25522           0,04600
           4,50000       -3111,97800        -268,92900          -7,18700         -53,19141           0,03325
           4,55000       -3111,97700        -268,93000          -7,23600         -53,06378           0,06512
           4,60000       -3111,97800        -268,93000          -7,23700         -52,99996           0,03325
           4,65000       -3111,97800        -268,93000          -7,23700         -52,93615           0,02688
           4,70000       -3111,97800        -268,92900          -7,23800         -53,06378           0,01413
           4,75000       -3111,97900        -268,93000          -7,28800         -52,80852           0,03325
           4,80000       -3111,97900        -268,93000          -7,28900         -52,80852           0,01413
           4,85000       -3111,97800        -268,93100          -7,33800         -52,87233           0,00139
           4,90000       -3111,97700        -268,93000          -7,33900         -53,19141           0,01413
           4,95000       -3111,97800        -268,93000          -7,33900         -53,12759           0,01413
           5,00000       -3111,97800        -268,93000          -7,39000         -52,87233           0,05237
           5,05000       -3111,97800        -268,93000          -7,39100         -52,87233           0,00139
           5,10000       -3111,97900        -268,93000          -7,39100         -53,06378           0,03325
           5,15000       -3111,97800        -268,93000          -7,44100         -52,87233           0,00776
           5,20000       -3111,97900        -268,93000          -7,44100         -53,12759           0,06512
           5,25000       -3111,97900        -268,93000          -7,44100         -53,06378          -0,00498
           5,30000       -3111,97900        -268,93000          -7,47500         -53,38285           0,00776
           5,35000       -3111,97900        -268,93100          -7,49300         -52,87233           0,03325
           5,40000       -3111,97900        -268,93100          -7,49300         -52,99996           0,02051
           5,45000       -3111,97900        -268,93000          -7,54300         -52,61707           0,03325
           5,50000       -3111,97900        -268,93000          -7,54300         -52,99996           0,03325
           5,55000       -3111,97900        -268,93000          -7,59400         -53,38285           0,02688
           5,60000       -3111,97800        -268,93000          -7,59400         -52,87233           0,00776
           5,65000       -3111,97900        -268,93000          -7,59400         -52,99996          -0,00498
           5,70000       -3111,97800        -268,93000          -7,64400         -52,87233           0,02051
           5,75000       -3111,97800        -268,93000          -7,64400         -52,99996           0,04600
           5,80000       -3111,97800        -268,93000          -7,64500         -52,29800           0,02051
           5,85000       -3111,97800        -268,93000          -7,69600         -53,25522           0,04600
           5,90000       -3111,97900        -268,93000          -7,69600         -53,06378           0,03325
           5,95000       -3111,97800        -268,93100          -7,74500         -53,12759           0,03325
           6,00000       -3111,97800        -268,93100          -7,74600         -52,48944           0,05874
           6,05000       -3111,97800        -268,93100          -7,74700         -53,19141           0,03325
           6,10000       -3111,97800        -268,93000          -7,79700         -52,80852           0,02051
           6,15000       -3111,97800        -268,93100          -7,79800         -52,74470           0,03325
           6,20000       -3111,97900        -268,93100          -7,84600         -52,74470           0,02051
           6,25000       -3111,97900        -268,93100          -7,84700         -52,74470           0,01413
           6,30000       -3111,97800        -268,93000          -7,84700         -52,87233          -0,00498
           6,35000       -3111,97800        -268,93100          -7,89600         -52,68089           0,00139
           6,40000       -3111,97800        -268,93000          -7,89800         -52,74470           0,00776
           6,45000       -3111,97700        -268,93000          -7,91200         -54,40390           0,02051
           6,50000       -3111,97800        -268,93000          -7,94700         -52,99996           0,00776
           6,55000       -3111,97800        -268,93000          -7,94700         -52,93615           0,05874
           6,60000       -3111,97700        -268,93000          -7,96600         -52,93615          -0,02410
           6,65000       -3111,97800        -268,93000          -7,99800         -52,74470           0,00776
           6,70000       -3111,97800        -268,92900          -7,99900         -52,61707           0,00776
           6,75000       -3111,97800        -268,92900          -8,00000         -52,48944           0,01413
           6,80000       -3111,97800        -268,93100          -8,04800         -52,93615           0,02051
           6,85000       -3111,97800        -268,93100          -8,04900         -52,87233           0,02051
           6,90000       -3111,97800        -268,93100          -8,09800         -53,12759           0,01413
           6,95000       -3111,97800        -268,93000          -8,09800         -52,99996           0,00776
           7,00000       -3111,97800        -268,93000          -8,09900         -53,12759           0,02688
           7,05000       -3111,97800        -268,93000          -8,14800         -52,74470          -0,01136
           7,10000       -3111,97800        -268,93100          -8,14900         -53,25522           0,03325
           7,15000       -3111,97800        -268,93100          -8,15000         -52,74470           0,01413
           7,20000       -3111,97800        -268,93100          -8,19900         -52,93615           0,03963
           7,25000       -3111,97800        -268,93200          -8,19900         -53,31904          -0,00498
           7,30000       -3111,97800        -268,93100          -8,20000         -53,06378           0,06512
           7,35000       -3111,97800        -268,93100          -8,24900         -53,19141           0,02688
           7,40000       -3111,97800        -268,93000          -8,25000         -53,51048           0,02688
           7,45000       -3111,97800        -268,93100          -8,26200         -52,68089           0,03963
           7,50000       -3111,97900        -268,93000          -8,29900         -53,70193           0,02688
           7,55000       -3111,97800        -268,93000          -8,30000         -53,44667           0,00776
           7,60000       -3111,97800        -268,93000          -8,35000         -53,06378           0,03325
           7,65000       -3111,97800        -268,93000          -8,35000         -52,48944          -0,00498
           7,70000       -3111,97700        -268,93100          -8,38700         -52,74470           0,02051
           7,75000       -3111,97800        -268,93000          -8,40000         -52,61707           0,01413
           7,80000       -3111,97800        -268,92900          -8,40000         -52,68089           0,00776
           7,85000       -3111,97700        -268,93000          -8,44900         -53,06378           0,05874
           7,90000       -3111,97900        -268,93000          -8,45000         -53,06378           0,02688
           7,95000       -3111,97800        -268,93000          -8,45100         -53,25522           0,01413
           8,00000       -3111,97700        -268,92900          -8,48500         -53,44667           0,02051
           8,05000       -3111,97800        -268,93000          -8,50000         -52,74470           0,03963
           8,10000       -3111,97900        -268,92900          -8,50100         -52,17037          -0,00498
           8,15000       -3111,97800        -268,93000          -8,50100         -53,19141           0,00139
           8,20000       -3111,97900        -268,93000          -8,55000         -53,06378           0,04600
           8,25000       -3111,97800        -268,93000          -8,55200         -52,80852           0,02051
           8,30000       -3111,97800        -268,93000          -8,60200         -52,48944           0,00776
           8,35000       -3111,97800        -268,92900          -8,60200         -52,80852           0,03963
           8,40000       -3111,97800        -268,93000          -8,60300         -52,99996          -0,01136
           8,45000       -3111,97800        -268,93000          -8,65100         -53,51048           0,03963
           8,50000       -3111,97800        -268,93000          -8,65200         -53,51048           0,03963
           8,55000       -3111,97800        -268,92900          -8,68200         -53,12759           0,02688
           8,60000       -3111,97800        -268,93000          -8,70100         -51,91511           0,00776
           8,65000       -3111,97800        -268,93100          -8,70200         -52,74470           0,03325
           8,70000       -3111,97800        -268,93000          -8,70200         -52,74470           0,03325
           8,75000       -3111,97900        -268,93100          -8,75200         -52,80852           0,06512
           8,80000       -3111,97800        -268,93000          -8,75200         -52,99996           0,03325
           8,85000       -3111,97700        -268,93000          -8,77800         -52,55326           0,02051
           8,90000       -3111,97900        -268,93000          -8,80200         -53,25522           0,05237
           8,95000       -3111,97700        -268,93000          -8,80200         -53,12759           0,00776
           9,00000       -3111,97800        -268,92900          -8,85100         -53,19141           0,02688
           9,05000       -3111,97800        -268,93000          -8,85100         -52,80852           0,02688
           9,10000       -3111,97700        -268,93000          -8,87400         -53,25522           0,01413
           9,15000       -3111,97800        -268,93000          -8,90100         -52,68089           0,04600
           9,20000       -3111,97800        -268,93000          -8,90100         -52,99996           0,02688
           9,25000       -3111,97900        -268,92900          -8,90200         -53,25522           0,02051
           9,30000       -3111,97700        -268,93000          -8,95200         -53,19141           0,03325
           9,35000       -3111,97800        -268,93000          -8,95300         -52,80852           0,06512
           9,40000       -3111,97800        -268,93000          -9,00300         -53,19141           0,03325
           9,45000       -3111,97800        -268,93000          -9,00400         -53,12759           0,00776
           9,50000       -3111,97700        -268,93000          -9,00400         -52,87233           0,02051
           9,55000       -3111,97600        -268,93000          -9,05100         -52,55326           0,02688
           9,60000       -3111,97700        -268,93000          -9,05200         -52,68089           0,01413
           9,65000       -3111,97800        -268,93000          -9,10000         -52,42563           0,02051
           9,70000       -3111,97800        -268,93000          -9,10100         -52,42563           0,02688
           9,75000       -3111,97800        -268,93100          -9,10200         -53,06378           0,00139
           9,80000       -3111,97800        -268,93000          -9,15200         -52,99996          -0,01136
           9,85000       -3111,97800        -268,93000          -9,15300         -52,61707           0,07149
           9,90000       -3111,97700        -268,93000          -9,20200         -53,12759           0,02051
           9,95000       -3111,97700        -268,93000          -9,20100         -52,74470           0,00139
          10,00000       -3111,97700        -268,93000          -9,20200         -53,51048           0,01413
          10,05000       -3111,97700        -268,93000          -9,24200         -52,93615           0,03325
          10,10000       -3111,97800        -268,93000          -9,25300         -52,99996           0,04600
          10,15000       -3111,97700        -268,93000          -9,30100         -53,38285           0,02688
          10,20000       -3111,97700        -268,93100          -9,30100         -52,99996           0,05237
          10,25000       -3111,97700        -268,93000          -9,30100         -52,99996           0,02051
          10,30000       -3111,97700        -268,93000          -9,35100         -52,87233           0,02688
          10,35000       -3111,97700        -268,93000          -9,35300         -52,48944           0,00139
          10,40000       -3111,97600        -268,93000          -9,35300         -52,23418           0,02688
          10,45000       -3111,97700        -268,93000          -9,40200         -52,61707           0,04600
          10,50000       -3111,97700        -268,93100          -9,40300         -52,99996           0,05237
          10,55000       -3111,97700        -268,93000          -9,40300         -52,61707          -0,01773
          10,60000       -3111,97800        -268,93100          -9,45100         -52,61707           0,02688
          10,65000       -3111,97700        -268,93100          -9,45200         -52,68089           0,03963
          10,70000       -3111,97700        -268,93000          -9,47700         -52,87233          -0,00498
          10,75000       -3111,97600        -268,93000          -9,50300         -52,61707           0,01413
          10,80000       -3111,97800        -268,93100          -9,53100         -52,80852           0,00139
          10,85000       -3111,97800        -268,93100          -9,55300         -52,93615          -0,01136
          10,90000       -3111,97700        -268,93000          -9,55300         -53,06378           0,00776
          10,95000       -3111,97800        -268,93100          -9,55300         -53,06378           0,03325
          11,00000       -3111,97700        -268,93100          -9,60200         -52,74470           0,04600
          11,05000       -3111,97800        -268,93000          -9,60300         -53,25522           0,03963
          11,10000       -3111,97800        -268,93100          -9,65100         -53,63811           0,02051
          11,15000       -3111,97800        -268,93000          -9,65200         -52,87233           0,03963
          11,20000       -3111,97800        -268,93100          -9,65200         -52,87233           0,00776
          11,25000       -3111,97800        -268,93000          -9,70100         -52,61707          -0,01773
          11,30000       -3111,97700        -268,93000          -9,70100         -52,93615           0,03325
          11,35000       -3111,97700        -268,93000          -9,70200         -52,93615          -0,00498
          11,40000       -3111,97700        -268,93000          -9,75100         -52,29800           0,02688
          11,45000       -3111,97800        -268,93100          -9,75300         -52,68089           0,07149
          11,50000       -3111,97700        -268,93100          -9,80100         -52,80852           0,03325
          11,55000       -3111,97700        -268,93100          -9,80300         -53,19141           0,02051
          11,60000       -3111,97800        -268,93000          -9,80200         -52,55326           0,03325
          11,65000       -3111,97700        -268,93000          -9,85200         -53,25522           0,00139
          11,70000       -3111,97800        -268,93000          -9,85300         -53,25522          -0,00498
          11,75000       -3111,97800        -268,93000          -9,86700         -53,06378           0,01413
          11,80000       -3111,97800        -268,93000          -9,90100         -53,31904          -0,00498
          11,85000       -3111,97800        -268,93000          -9,90100         -52,68089           0,02051
          11,90000       -3111,97800        -268,93000          -9,95300         -52,93615           0,02051
          11,95000       -3111,97900        -268,93000          -9,95200         -52,48944          -0,01773
          12,00000       -3111,97700        -268,93100          -9,95300         -52,93615           0,00139
          12,05000       -3111,97800        -268,93000         -10,00000         -52,61707           0,03325
          12,10000       -3111,97700        -268,93000         -10,00000         -52,87233           0,03325
          12,15000       -3111,97800        -268,93100         -10,00100         -51,78748           0,02688
          12,20000       -3111,97700        -268,93100         -10,05200         -52,55326           0,03963
          12,25000       -3111,97800        -268,93000         -10,05300         -52,99996           0,05237
          12,30000       -3111,97700        -268,93100         -10,10100         -52,87233           0,05237
          12,35000       -3111,97700        -268,93000         -10,10200         -52,80852           0,01413
          12,40000       -3111,97800        -268,93100         -10,10100         -52,93615           0,02051
          12,45000       -3111,97800        -268,93000         -10,15200         -53,19141           0,00139
          12,50000       -3111,97800        -268,93000         -10,15300         -53,06378           0,05237
          12,55000       -3111,97800        -268,93000         -10,15300         -53,12759           0,02051
          12,60000       -3111,97900        -268,93100         -10,20100         -53,06378           0,05237
          12,65000       -3111,97800        -268,93100         -10,20300         -52,74470           0,02051
          12,70000       -3111,97800        -268,93100         -10,25100         -52,42563           0,01413
          12,75000       -3111,97800        -268,93100         -10,25100         -52,42563          -0,01136
          12,80000       -3111,97700        -268,93000         -10,25200         -53,19141           0,02688
          12,85000       -3111,97800        -268,93000         -10,30100         -53,63811           0,02051
          12,90000       -3111,97700        -268,93000         -10,30100         -52,99996           0,00139
          12,95000       -3111,97600        -268,93000         -10,32500         -53,12759           0,05237
          13,00000       -3111,97800        -268,93000         -10,35200         -53,06378           0,02051
          13,05000       -3111,97800        -268,93000         -10,35200         -53,31904           0,05237
          13,10000       -3111,97800        -268,93000         -10,35300         -52,55326           0,03325
          13,15000       -3111,97800        -268,93100         -10,40000         -52,87233           0,03325
          13,20000       -3111,97800        -268,93100         -10,40100         -53,12759           0,02051
          13,25000       -3111,97800        -268,93100         -10,45100         -52,99996           0,02051
          13,30000       -3111,97800        -268,93000         -10,45200         -53,19141           0,01413
          13,35000       -3111,97800        -268,93000         -10,45200         -53,31904          -0,02410
          13,40000       -3111,97800        -268,93000         -10,45200         -52,99996           0,00139
          13,45000       -3111,97800        -268,93000         -10,50100         -53,06378           0,02051
          13,50000       -3111,97900        -268,93100         -10,50100         -52,55326           0,02688
          13,55000       -3111,97900        -268,93000         -10,50200         -52,87233           0,03325
          13,60000       -3111,97800        -268,93100         -10,55200         -52,80852           0,03325
          13,65000       -3111,97800        -268,93100         -10,55200         -52,48944          -0,01773
          13,70000       -3111,97900        -268,93100         -10,60100         -52,68089           0,02051
          13,75000       -3111,97800        -268,93100         -10,60100         -53,70193           0,03325
          13,80000       -3111,97800        -268,93100         -10,60100         -53,12759           0,01413
          13,85000       -3111,97800        -268,93000         -10,64900         -52,99996          -0,00498
          13,90000       -3111,97800        -268,93100         -10,65100         -53,12759           0,02688
          13,95000       -3111,97800        -268,93000         -10,69900         -52,99996           0,03325
          14,00000       -3111,97800        -268,93000         -10,70100         -53,63811          -0,01773
          14,05000       -3111,97800        -268,93100         -10,70100         -52,74470          -0,01773
          14,10000       -3111,97800        -268,93000         -10,75000         -53,06378           0,07149
          14,15000       -3111,97800        -268,93000         -10,75000         -52,80852           0,00776
          14,20000       -3111,97800        -268,93100         -10,75100         -52,74470           0,04600
          14,25000       -3111,97800        -268,93100         -10,75100         -53,38285           0,00776
          14,30000       -3111,97800        -268,93100         -10,80100         -53,25522           0,00776
          14,35000       -3111,97800        -268,93100         -10,80100         -52,55326           0,01413
          14,40000       -3111,97700        -268,93000         -10,85000         -52,99996           0,07786
          14,45000       -3111,97800        -268,93000         -10,85000         -53,12759           0,04600
          14,50000       -3111,97800        -268,93100         -10,85000         -53,12759           0,02688
          14,55000       -3111,97800        -268,93000         -10,90000         -52,87233           0,02688
          14,60000       -3111,97800        -268,93100         -10,90100         -52,74470           0,01413
          14,65000       -3111,97800        -268,93100         -10,90000         -52,93615          -0,00498
          14,70000       -3111,97800        -268,93100         -10,95100         -52,74470           0,02688
          14,75000       -3111,97900        -268,93000         -10,95300         -53,06378           0,00776
          14,80000       -3111,97900        -268,93100         -10,95300         -53,31904           0,03325
          14,85000       -3111,97800        -268,93000         -11,00000         -53,76574           0,02688
          14,90000       -3111,97800        -268,93000         -11,00100         -53,57430           0,01413
          14,95000       -3111,97900        -268,93000         -11,04700         -53,38285           0,03963
          15,00000       -3111,97800        -268,93000         -11,05100         -53,44667          -0,00498
          15,05000       -3111,97700        -268,93100         -11,05200         -53,38285           0,00139
          15,10000       -3111,97700        -268,93000         -11,09500         -53,25522           0,00139
          15,15000       -3111,97800        -268,93100         -11,10100         -53,25522           0,02051
          15,20000       -3111,97800        -268,93000         -11,10100         -53,25522           0,02051
          15,25000       -3111,97900        -268,93100         -11,15100         -53,31904           0,03963
          15,30000       -3111,97700        -268,93100         -11,15200         -52,87233           0,02051
          15,35000       -3111,97800        -268,93000         -11,17300         -52,99996           0,01413
          15,40000       -3111,97800        -268,93000         -11,20000         -53,25522           0,00776
          15,45000       -3111,97800        -268,93100         -11,20100         -53,31904           0,02688
          15,50000       -3111,97700        -268,93100         -11,25000         -53,31904           0,04600
          15,55000       -3111,97800        -268,93100         -11,25100         -53,38285          -0,01136
          15,60000       -3111,97800        -268,93200         -11,25100         -52,87233           0,03325
          15,65000       -3111,97800        -268,93000         -11,30100         -52,68089           0,00776
          15,70000       -3111,97700        -268,93100         -11,30000         -53,82956           0,00776
          15,75000       -3111,97800        -268,93100         -11,34600         -53,31904           0,03963
          15,80000       -3111,97900        -268,93000         -11,35000         -52,87233           0,05874
          15,85000       -3111,97800        -268,93000         -11,35000         -52,80852          -0,00498
          15,90000       -3111,97800        -268,93100         -11,35000         -52,93615           0,02688
          15,95000       -3111,97800        -268,93100         -11,39900         -53,12759           0,02051
          16,00000       -3111,97700        -268,93100         -11,39900         -53,38285           0,00776
          16,05000       -3111,97800        -268,93100         -11,45100         -52,68089           0,02051
          16,10000       -3111,97800        -268,93100         -11,45100         -52,61707          -0,03047
          16,15000       -3111,97800        -268,93100         -11,45200         -52,74470           0,01413
          16,20000       -3111,97800        -268,93100         -11,50100         -52,93615           0,03963
          16,25000       -3111,97800        -268,93000         -11,50100         -52,80852           0,02688
          16,30000       -3111,97800        -268,93000         -11,50200         -53,06378           0,02688
          16,35000       -3111,97800        -268,93100         -11,55100         -53,31904           0,00139
          16,40000       -3111,97800        -268,93000         -11,55200         -52,42563           0,00139
          16,45000       -3111,97700        -268,93100         -11,59600         -52,68089           0,03325
          16,50000       -3111,97800        -268,93100         -11,60100         -53,19141           0,07149
          16,55000       -3111,97800        -268,93100         -11,60100         -52,99996          -0,01136
          16,60000       -3111,97800        -268,93100         -11,64900         -52,68089           0,03325
          16,65000       -3111,97700        -268,93100         -11,64900         -52,68089           0,01413
          16,70000       -3111,97700        -268,93100         -11,64900         -53,12759          -0,00498
          16,75000       -3111,97800        -268,93000         -11,69900         -53,06378          -0,00498
          16,80000       -3111,97800        -268,93100         -11,70000         -52,48944           0,01413
          16,85000       -3111,97700        -268,93100         -11,70100         -53,06378           0,02688
          16,90000       -3111,97800        -268,93100         -11,75000         -53,31904           0,00139
          16,95000       -3111,97700        -268,93100         -11,75000         -53,25522           0,05237
          17,00000       -3111,97800        -268,93100         -11,79900         -53,19141           0,07786
          17,05000       -3111,97800        -268,93100         -11,80000         -52,80852          -0,03685
          17,10000       -3111,97800        -268,93000         -11,80000         -52,80852           0,03963
          17,15000       -3111,97800        -268,93100         -11,85000         -52,74470           0,02688
          17,20000       -3111,97800        -268,93100         -11,85000         -52,74470           0,02688
          17,25000       -3111,97700        -268,93100         -11,87400         -52,99996           0,01413
          17,30000       -3111,97800        -268,93000         -11,89800         -52,87233           0,01413
          17,35000       -3111,97700        -268,93100         -11,89900         -52,55326           0,05237
          17,40000       -3111,97700        -268,93000         -11,90000         -52,80852           0,03325
          17,45000       -3111,97800        -268,93100         -11,94900         -53,06378          -0,01136
          17,50000       -3111,97800        -268,93000         -11,95000         -53,44667           0,02688
          17,55000       -3111,97700        -268,93100         -11,99800         -52,68089          -0,01136
          17,60000       -3111,97800        -268,93100         -11,99900         -52,74470           0,03325
          17,65000       -3111,97800        -268,93000         -11,99900         -52,87233           0,02051
          17,70000       -3111,97700        -268,93000         -12,04900         -52,99996           0,00776
          17,75000       -3111,97700        -268,93000         -12,04900         -52,80852           0,00139
          17,80000       -3111,97700        -268,93000         -12,09800         -52,68089           0,02688
          17,85000       -3111,97700        -268,93000         -12,09900         -52,80852           0,03325
          17,90000       -3111,97700        -268,93000         -12,09900         -52,80852           0,00776
          17,95000       -3111,97800        -268,93100         -12,11700         -53,63811           0,02688
          18,00000       -3111,97600        -268,93000         -12,14900         -52,74470          -0,01136
          18,05000       -3111,97700        -268,93000         -12,14800         -52,87233           0,03963
          18,10000       -3111,97800        -268,93000         -12,19800         -52,93615          -0,00498
          18,15000       -3111,97800        -268,93000         -12,20000         -53,44667           0,00139
          18,20000       -3111,97800        -268,93100         -12,20000         -53,06378           0,00776
          18,25000       -3111,97700        -268,93000         -12,24800         -52,61707           0,02051
          18,30000       -3111,97800        -268,93100         -12,24900         -52,74470           0,05237
          18,35000       -3111,97800        -268,93100         -12,24200         -52,74470           0,00776
          18,40000       -3111,97800        -268,93000         -12,29900         -52,93615           0,02051
          18,45000       -3111,97800        -268,93000         -12,29900         -52,93615           0,03963
          18,50000       -3111,97800        -268,93000         -12,34500         -53,06378          -0,00498
          18,55000       -3111,97800        -268,93000         -12,34900         -52,87233           0,00776
          18,60000       -3111,97800        -268,93100         -12,34800         -52,29800           0,03325
          18,65000       -3111,97800        -268,93100         -12,39800         -53,25522           0,00776
          18,70000       -3111,97800        -268,93000         -12,39900         -53,06378           0,00139
          18,75000       -3111,97800        -268,93000         -12,39900         -52,61707           0,00776
          18,80000       -3111,97800        -268,93000         -12,42700         -52,29800           0,00776
          18,85000       -3111,97700        -268,93000         -12,44900         -52,61707           0,06512
          18,90000       -3111,97700        -268,93000         -12,44900         -53,19141          -0,02410
          18,95000       -3111,97800        -268,93000         -12,50000         -52,61707           0,02051
          19,00000       -3111,97700        -268,93000         -12,49900         -53,19141           0,02051
          19,05000       -3111,97700        -268,93000         -12,55200         -53,06378           0,05874
          19,10000       -3111,97800        -268,93000         -12,55000         -52,29800           0,03963
          19,15000       -3111,97700        -268,93100         -12,55100         -52,87233           0,05874
          19,20000       -3111,97800        -268,93000         -12,60100         -53,06378           0,02051
          19,25000       -3111,97700        -268,93000         -12,60100         -52,29800           0,02688
          19,30000       -3111,97700        -268,93000         -12,60100         -53,12759           0,04600
          19,35000       -3111,97700        -268,93000         -12,64900         -52,68089           0,00776
          19,40000       -3111,97800        -268,93000         -12,65000         -52,10655           0,04600
          19,45000       -3111,97800        -268,92900         -12,69700         -52,61707           0,03963
          19,50000       -3111,97700        -268,93100         -12,70000         -52,29800           0,00139
          19,55000       -3111,97700        -268,93100         -12,70000         -51,91511           0,06512
          19,60000       -3111,97600        -268,93000         -12,74800         -51,53222          -0,01773
          19,65000       -3111,97700        -268,93000         -12,75000         -52,23418          -0,00498
          19,70000       -3111,97700        -268,93100         -12,75100         -53,38285           0,04600
          19,75000       -3111,97700        -268,93100         -12,80100         -52,99996           0,05237
          19,80000       -3111,97700        -268,93100         -12,80200         -52,55326           0,02688
          19,85000       -3111,97700        -268,93200         -12,80100         -52,23418           0,00776
          19,90000       -3111,97700        -268,93100         -12,85100         -52,55326           0,03963
          19,95000       -3111,97600        -268,93100         -12,85100         -52,87233           0,05237
          20,00000       -3111,97700        -268,93200         -12,85200         -53,12759           0,02051
          20,05000       -3111,97700        -268,93100         -12,90100         -51,59603           0,03325
          20,10000       -3111,97700        -268,93100         -12,90200         -52,23418           0,02051
          20,15000       -3111,97600        -268,93100         -12,93500         -52,68089           0,02688
          20,20000       -3111,97600        -268,93100         -12,95000         -52,93615           0,00776
          20,25000       -3111,97700        -268,93100         -12,95100         -52,87233          -0,02410
          20,30000       -3111,97700        -268,93000         -12,98000         -51,14933           0,02051
          20,35000       -3111,97700        -268,93100         -13,00200         -52,61707           0,05237
          20,40000       -3111,97700        -268,93100         -13,00200         -53,06378           0,05237
          20,45000       -3111,97700        -268,93100         -13,05100         -52,80852           0,03963
          20,50000       -3111,97700        -268,93200         -13,05200         -52,87233           0,01413
          20,55000       -3111,97800        -268,93200         -13,05200         -51,91511           0,03963
          20,60000       -3111,97700        -268,93200         -13,10200         -51,85129           0,02051
          20,65000       -3111,97700        -268,93100         -13,10200         -52,36181          -0,01136
          20,70000       -3111,97700        -268,93200         -13,12200         -51,85129           0,03325
          20,75000       -3111,97700        -268,93100         -13,15100         -52,74470           0,08424
          20,80000       -3111,97700        -268,93100         -13,15200         -51,72366           0,02051
          20,85000       -3111,97800        -268,93100         -13,20200         -50,89407          -0,00498
          20,90000       -3111,97700        -268,93000         -13,20200         -52,55326           0,00776
          20,95000       -3111,97700        -268,93100         -13,20200         -52,74470           0,00776
          21,00000       -3111,97700        -268,93100         -13,25100         -52,17037           0,02688
          21,05000       -3111,97700        -268,93000         -13,25100         -52,55326           0,00139
          21,10000       -3111,97700        -268,93000         -13,30000         -51,65985           0,04600
          21,15000       -3111,97700        -268,93000         -13,30200         -52,10655           0,06512
          21,20000       -3111,97700        -268,93100         -13,30300         -51,97892           0,00776
          21,25000       -3111,97700        -268,93000         -13,35100         -52,36181           0,03325
          21,30000       -3111,97700        -268,93100         -13,35200         -51,46840           0,04600
          21,35000       -3111,97700        -268,93000         -13,35300         -52,17037           0,02688
          21,40000       -3111,97600        -268,93000         -13,40200         -52,23418           0,00139
          21,45000       -3111,97700        -268,93000         -13,40200         -52,04274           0,00776
          21,50000       -3111,97500        -268,93000         -13,45300         -52,10655           0,01413
          21,55000       -3111,97600        -268,93000         -13,45200         -52,68089          -0,01773
          21,60000       -3111,97600        -268,93100         -13,45200         -51,40459           0,02688
          21,65000       -3111,97700        -268,93100         -13,45200         -50,89407           0,01413
          21,70000       -3111,97700        -268,93000         -13,50300         -50,25591           0,01413
          21,75000       -3111,97700        -268,93100         -13,50300         -50,57499           0,03963
          21,80000       -3111,97700        -268,93000         -13,55200         -50,57499          -0,01773
          21,85000       -3111,97700        -268,93000         -13,55200         -51,91511           0,01413
          21,90000       -3111,97700        -268,93000         -13,55200         -52,23418           0,03325
          21,95000       -3111,97700        -268,93000         -13,60100         -51,34077          -0,01773
          22,00000       -3111,97700        -268,93000         -13,60200         -51,14933           0,01413
          22,05000       -3111,97700        -268,93000         -13,65100         -50,44736           0,02051
          22,10000       -3111,97700        -268,93000         -13,65200         -50,76643           0,00139
          22,15000       -3111,97700        -268,93100         -13,65300         -50,44736           0,02688
          22,20000       -3111,97700        -268,93000         -13,70300         -50,51117          -0,01136
          22,25000       -3111,97700        -268,93000         -13,70400         -51,53222          -0,03047
          22,30000       -3111,97700        -268,93100         -13,70300         -52,10655           0,00139
          22,35000       -3111,97700        -268,93100         -13,75200         -51,97892           0,03325
          22,40000       -3111,97700        -268,93100         -13,75300         -49,04343           0,03963
          22,45000       -3111,97700        -268,93100         -13,75300         -51,78748           0,03963
          22,50000       -3111,97700        -268,93100         -13,80400         -50,57499           0,02051
          22,55000       -3111,97700        -268,93100         -13,80400         -50,06447           0,03963
          22,60000       -3111,97700        -268,93100         -13,80600         -50,12828           0,00139
          22,65000       -3111,97700        -268,93100         -13,85300         -48,53291           0,01413
          22,70000       -3111,97800        -268,93100         -13,85400         -49,29869          -0,01773
          22,75000       -3111,97700        -268,93100         -13,86900         -47,25661           0,03963
          22,80000       -3111,97800        -268,93200         -13,90300         -48,59672          -0,01773
          22,85000       -3111,97600        -268,93200         -13,90400         -51,78748           0,02688
          22,90000       -3111,97700        -268,93100         -13,95400         -48,78817           0,02051
          22,95000       -3111,97700        -268,93100         -13,95500         -49,93684           0,02688
          23,00000       -3111,97800        -268,93100         -13,95500         -48,72435           0,04600
          23,05000       -3111,97800        -268,93100         -14,00400         -49,29869           0,02688
          23,10000       -3111,97800        -268,93200         -14,00500         -51,27696          -0,01773
          23,15000       -3111,97600        -268,93100         -14,05500         -50,06447           0,02688
          23,20000       -3111,97700        -268,93100         -14,05500         -49,23487           0,03963
          23,25000       -3111,97500        -268,93000         -14,10900         -46,36319           0,02051
          23,30000       -3111,97700        -268,93200         -14,10500         -47,51187           0,03963
          23,35000       -3111,97700        -268,93100         -14,10500         -50,12828           0,00776
          23,40000       -3111,97700        -268,93100         -14,15400         -51,40459           0,00139
          23,45000       -3111,97700        -268,93200         -14,15500         -52,04274           0,02051
          23,50000       -3111,97700        -268,93100         -14,15500         -51,59603           0,02051
          23,55000       -3111,97700        -268,93100         -14,20400         -50,51117           0,03325
          23,60000       -3111,97700        -268,93100         -14,20500         -50,12828           0,02051
          23,65000       -3111,97700        -268,93100         -14,25400         -48,59672           0,06512
          23,70000       -3111,97700        -268,93100         -14,25500         -50,12828           0,01413
          23,75000       -3111,97600        -268,93100         -14,25500         -48,21383           0,05237
          23,80000       -3111,97600        -268,93000         -14,30400         -48,85198           0,03325
          23,85000       -3111,97600        -268,93100         -14,30500         -48,85198           0,06512
          23,90000       -3111,97700        -268,93100         -14,30600         -47,19279           0,01413
          23,95000       -3111,97700        -268,93100         -14,35300         -44,12967           0,01413
          24,00000       -3111,97700        -268,93100         -14,35400         -51,59603           0,01413
          24,05000       -3111,97600        -268,93200         -14,40700         -43,42770           0,00776
          24,10000       -3111,97700        -268,93100         -14,40500         -45,34215           0,01413
          24,15000       -3111,97700        -268,93100         -14,40500         -45,66123           0,02688
          24,20000       -3111,97600        -268,93200         -14,45300         -44,57637           0,03325
          24,25000       -3111,97700        -268,93100         -14,45400         -51,27696           0,00139
          24,30000       -3111,97600        -268,93100         -14,45500         -50,00065           0,02051
          24,35000       -3111,97700        -268,93100         -14,50500         -44,83163           0,04600
          24,40000       -3111,97700        -268,93200         -14,50500         -51,34077           0,03963
          24,45000       -3111,97800        -268,93100         -14,50500         -49,29869           0,04600
          24,50000       -3111,97700        -268,93100         -14,55300         -44,95926           0,06512
          24,55000       -3111,97700        -268,93100         -14,55300         -51,59603          -0,00498
          24,60000       -3111,97800        -268,93000         -14,60100         -47,00134           0,05237
          24,65000       -3111,97700        -268,93100         -14,60300         -45,66123           0,05874
          24,70000       -3111,97800        -268,93100         -14,60300         -44,89545           0,02051
          24,75000       -3111,97600        -268,93100         -14,65400         -48,40528           0,02688
          24,80000       -3111,97700        -268,93100         -14,65300         -50,89407           0,03963
          24,85000       -3111,97700        -268,93100         -14,65400         -50,70262           0,01413
          24,90000       -3111,97700        -268,93100         -14,70300         -45,91649           0,05874
          24,95000       -3111,97700        -268,93200         -14,70400         -43,17244           0,00776
          25,00000       -3111,97700        -268,93100         -14,70400         -43,61915           0,01413
          25,05000       -3111,97700        -268,93100         -14,75400         -49,49013           0,03963
          25,10000       -3111,97700        -268,93200         -14,75400         -51,27696           0,01413
          25,15000       -3111,97700        -268,93100         -14,75500         -51,91511           0,03325
          25,20000       -3111,97700        -268,93100         -14,80500         -49,93684           0,00139
          25,25000       -3111,97700        -268,93100         -14,80500         -49,29869           0,03963
          25,30000       -3111,97600        -268,93100         -14,85000         -46,74608           0,03963
          25,35000       -3111,97700        -268,93100         -14,85300         -45,21452           0,04600
          25,40000       -3111,97700        -268,93100         -14,85400         -48,91580           0,01413
          25,45000       -3111,97800        -268,93100         -14,90300         -49,93684           0,01413
          25,50000       -3111,97700        -268,93100         -14,90400         -37,55671          -0,00498
          25,55000       -3111,97700        -268,93100         -14,90400         -51,59603           0,03963
          25,60000       -3111,97700        -268,93100         -14,95200         -39,91787           0,05874
          25,65000       -3111,97700        -268,93000         -14,95300         -49,04343           0,04600
          25,70000       -3111,97700        -268,93000         -14,96700         -49,49013           0,01413
          25,75000       -3111,97700        -268,93100         -15,00300         -48,85198           0,00139
          25,80000       -3111,97700        -268,93000         -15,00300         -49,93684           0,00139
          25,85000       -3111,97700        -268,93200         -15,02400         -48,97961           0,05237
          25,90000       -3111,97700        -268,93100         -15,05200         -32,77058           0,05237
          25,95000       -3111,97500        -268,93000         -15,08700         -50,38354           0,00139
          26,00000       -3111,97600        -268,93000         -15,10200         -50,95788           0,02688
          26,05000       -3111,97700        -268,93000         -15,10200         -49,74539           0,02688
          26,10000       -3111,97700        -268,93000         -15,10300         -48,72435           0,00139
          26,15000       -3111,97700        -268,93000         -15,15200         -44,57637          -0,00498
          26,20000       -3111,97600        -268,93100         -15,15200         -35,19555          -0,01773
          26,25000       -3111,97700        -268,93100         -15,20200         -49,80921           0,04600
          26,30000       -3111,97700        -268,93100         -15,20300         -29,83509           0,00139
          26,35000       -3111,97700        -268,93100         -15,20300         -50,57499           0,00139
          26,40000       -3111,97700        -268,93100         -15,25100         -22,11346           0,01413
          26,45000       -3111,97700        -268,93100         -15,25200         -50,76643           0,01413
          26,50000       -3111,97700        -268,93000         -15,25200         -49,74539           0,01413
          26,55000       -3111,97700        -268,93100         -15,30200         -50,63880          -0,01136
          26,60000       -3111,97700        -268,93100         -15,30200         -49,87302           0,00139
          26,65000       -3111,97600        -268,93100         -15,30200         -50,70262           0,03325
          26,70000       -3111,97700        -268,93000         -15,35100         -49,80921           0,03963
          26,75000       -3111,97600        -268,93100         -15,35200         -50,76643           0,02051
          26,80000       -3111,97600        -268,93000         -15,35300         -50,19210           0,00776
          26,85000       -3111,97700        -268,93100         -15,40100         -50,06447          -0,00498
          26,90000       -3111,97600        -268,93100         -15,40100         -14,96617           0,00776
          26,95000       -3111,97700        -268,93100         -15,41800         -47,83094          -0,00498
          27,00000       -3111,97700        -268,93100         -15,45200         -44,51256           0,00139
          27,05000       -3111,97700        -268,93100         -15,45300         -41,13036           0,02688
          27,10000       -3111,97700        -268,93000         -15,50200         -50,57499           0,04600
          27,15000       -3111,97700        -268,93100         -15,50200         -50,51117           0,02688
          27,20000       -3111,97700        -268,93000         -15,54900         -53,95719           0,02688
          27,25000       -3111,97700        -268,93000         -15,55100         -53,25522           0,02688
          27,30000       -3111,97700        -268,92900         -15,55200         -49,93684           0,01413
          27,35000       -3111,97700        -268,93000         -15,60200         -53,63811           0,01413
          27,40000       -3111,97700        -268,93000         -15,60200         -53,57430          -0,01773
          27,45000       -3111,97700        -268,93000         -15,60200         -54,02100           0,02051
          27,50000       -3111,97700        -268,93000         -15,65200         -53,70193           0,04600
          27,55000       -3111,97700        -268,93000         -15,65200         -51,72366           0,03325
          27,60000       -3111,97600        -268,93100         -15,70100         -53,31904           0,05237
          27,65000       -3111,97700        -268,93000         -15,70200         -53,70193           0,03325
          27,70000       -3111,97700        -268,93100         -15,70200         -53,63811           0,03325
          27,75000       -3111,97600        -268,93000         -15,71900         -53,19141           0,04600
          27,80000       -3111,97600        -268,93000         -15,75200         -49,68158           0,02688
          27,85000       -3111,97700        -268,93000         -15,75300         -53,70193           0,03325
          27,90000       -3111,97700        -268,93000         -15,80100         -53,57430           0,02688
          27,95000       -3111,97600        -268,93000         -15,80200         -53,63811           0,03325
          28,00000       -3111,97600        -268,93100         -15,80300         -52,04274           0,00776
          28,05000       -3111,97700        -268,93000         -15,85100         -52,29800           0,01413
          28,10000       -3111,97600        -268,93100         -15,85200         -53,38285           0,02051
          28,15000       -3111,97700        -268,93100         -15,85200         -53,63811           0,07149
          28,20000       -3111,97600        -268,93000         -15,86500         -47,06516           0,02051
          28,25000       -3111,97600        -268,93100         -15,90200         -53,70193           0,01413
          28,30000       -3111,97700        -268,93100         -15,90200         -53,76574           0,05237
          28,35000       -3111,97600        -268,93100         -15,95200         -52,48944           0,07149
          28,40000       -3111,97700        -268,93100         -15,95200         -52,74470           0,02688
          28,45000       -3111,97600        -268,93100         -15,95200         -47,25661           0,03325
          28,50000       -3111,97700        -268,93100         -16,00200         -53,19141           0,00139
          28,55000       -3111,97700        -268,93100         -16,00200         -54,21245           0,04600
          28,60000       -3111,97700        -268,93000         -16,00200         -52,10655          -0,00498
          28,65000       -3111,97600        -268,93100         -16,05200         -53,89337           0,02051
          28,70000       -3111,97700        -268,93200         -16,05300         -42,47047           0,05237
          28,75000       -3111,97700        -268,93200         -16,10200         -52,93615           0,03963
          28,80000       -3111,97700        -268,93100         -16,10200         -54,34008           0,00776
          28,85000       -3111,97600        -268,93100         -16,10200         -53,31904           0,00776
          28,90000       -3111,97600        -268,93100         -16,15300         -54,02100          -0,01136
          28,95000       -3111,97600        -268,93100         -16,15200         -51,72366           0,02688
          29,00000       -3111,97700        -268,93100         -16,15200         -47,12897           0,05237
          29,05000       -3111,97700        -268,93100         -16,20300         -17,26351           0,03325
          29,10000       -3111,97700        -268,93100         -16,20300         -32,06861           0,02051
          29,15000       -3111,97600        -268,93100         -16,25300         -41,44943           0,07149
          29,20000       -3111,97700        -268,93100         -16,25300         -48,59672           0,00776
          29,25000       -3111,97700        -268,93100         -16,24600         -48,53291          -0,01773
          29,30000       -3111,97700        -268,93100         -16,30100         -44,06585           0,03325
          29,35000       -3111,97700        -268,93100         -16,30200         -26,89959           0,00776
          29,40000       -3111,97700        -268,93100         -16,30200          -3,16038           0,00139
          29,45000       -3111,97700        -268,93100         -16,35200          22,81236          -0,01136
          29,50000       -3111,97700        -268,93100         -16,35200          -7,94651           0,00139
          29,55000       -3111,97700        -268,93100         -16,35200           2,58298          -0,01136
          29,60000       -3111,97700        -268,93100         -16,40100         -52,80852           0,00776
          29,65000       -3111,97700        -268,93100         -16,40300           8,83686           0,07149
          29,70000       -3111,97600        -268,93000         -16,45200          39,91481           0,02688
          29,75000       -3111,97700        -268,93100         -16,45300          27,78994           0,05874
          29,80000       -3111,97700        -268,93000         -16,45300          47,89169           0,03963
          29,85000       -3111,97600        -268,93000         -16,46300         -52,61707           0,00139
          29,90000       -3111,97700        -268,93100         -16,50300          59,82511           0,03963
          29,95000       -3111,97700        -268,93100         -16,50400          23,70577           0,03325
          30,00000       -3111,97700        -268,93100         -16,55300          66,71714           0,01413
          30,05000       -3111,97700        -268,93100         -16,55300          70,73749           0,00139
          30,10000       -3111,97600        -268,93100         -16,57800         -47,19279           0,00776
          30,15000       -3111,97600        -268,93100         -16,60200         156,82405           0,06512
          30,20000       -3111,97600        -268,93100         -16,60200         -43,49151           0,03963
          30,25000       -3111,97700        -268,93200         -16,62200         -55,48875           0,01413
          30,30000       -3111,97700        -268,93200         -16,65100         -49,23487           0,00776
          30,35000       -3111,97600        -268,93100         -16,65200         -45,66123           0,02051
          30,40000       -3111,97600        -268,93200         -16,70200          31,68266           0,01413
          30,45000       -3111,97600        -268,93100         -16,70300          69,58882           0,02051
          30,50000       -3111,97700        -268,93100         -16,70300         202,45184           0,03325
          30,55000       -3111,97700        -268,93100         -16,75100         233,78505          -0,01773
          30,60000       -3111,97700        -268,93100         -16,75200         -53,38285           0,00776
          30,65000       -3111,97800        -268,93100         -16,80200         254,07825           0,02051
          30,70000       -3111,97800        -268,93200         -16,80200         316,04270           0,02051
          30,75000       -3111,97700        -268,93100         -16,80200         230,46666           0,01413
          30,80000       -3111,97700        -268,93100         -16,84400         369,26448           0,03963
          30,85000       -3111,97700        -268,93200         -16,85300         287,51735           0,03963
          30,90000       -3111,97700        -268,93200         -16,85300         181,45667           0,01413
          30,95000       -3111,97800        -268,93200         -16,88500         -17,19970           0,05874
          31,00000       -3111,97700        -268,93100         -16,90200          16,68611           0,03963
          31,05000       -3111,97800        -268,93100         -16,91600         246,86714           0,03325
          31,10000       -3111,97700        -268,93100         -16,95100         417,44487           0,03963
          31,15000       -3111,97700        -268,93100         -16,95100         283,87989           0,03963
          31,20000       -3111,97700        -268,93100         -16,95200         426,25136           0,00776
          31,25000       -3111,97700        -268,93100         -17,00100          32,76752          -0,01773
          31,30000       -3111,97700        -268,93100         -17,00300         345,07856           0,03325
          31,35000       -3111,97600        -268,93100         -17,05100         336,08064           0,00139
          31,40000       -3111,97700        -268,93100         -17,05200         203,79196          -0,01136
          31,45000       -3111,97700        -268,93100         -17,05200          90,32873           0,03963
          31,50000       -3111,97700        -268,93100         -17,10200         560,70975           0,00139
          31,55000       -3111,97800        -268,93100         -17,10200         241,31523           0,00139
          31,60000       -3111,97700        -268,93100         -17,10200         173,28834           0,00776
          31,65000       -3111,97600        -268,93200         -17,15100         315,08547           0,03963
          31,70000       -3111,97600        -268,93100         -17,15200         241,63430           0,01413
          31,75000       -3111,97700        -268,93100         -17,15300         733,52101          -0,00498
          31,80000       -3111,97700        -268,93200         -17,20300         351,20481           0,00776
          31,85000       -3111,97700        -268,93100         -17,20300         445,20444           0,02688
          31,90000       -3111,97700        -268,93100         -17,22200         400,78914           0,00776
          31,95000       -3111,97700        -268,93200         -17,25300         512,91225           0,00139
          32,00000       -3111,97700        -268,93100         -17,25300         711,88770           0,03325
          32,05000       -3111,97700        -268,93100         -17,25400         389,81294           0,03963
          32,10000       -3111,97700        -268,93100         -17,25400         320,44594           0,03325
          32,15000       -3111,97900        -268,92800          -6,24700         -52,93615           0,02051
          32,20000       -3111,97900        -268,92900          -6,24900         -53,19141           0,01413
          32,25000       -3111,97900        -268,92900          -6,24900         -53,06378           0,02051
          32,30000       -3111,98000        -268,92900          -6,24900         -52,68089           0,07786
          32,35000       -3111,98000        -268,92900          -6,24900         -52,68089           0,03963
          32,40000       -3111,97900        -268,92800          -6,24900         -53,51048           0,00139
          32,45000       -3111,97900        -268,92900          -6,24900         -52,87233           0,00776
          32,50000       -3111,98000        -268,92900          -6,24900         -52,99996           0,02688
          32,55000       -3111,98000        -268,92900          -6,24900         -53,89337           0,00776
          32,60000       -3111,98000        -268,92900          -6,25000         -52,61707           0,04600
          32,65000       -3111,98000        -268,92800          -6,24900         -53,44667           0,01413
          32,70000       -3111,98000        -268,92800          -6,24900         -53,38285           0,00139
          32,75000       -3111,98000        -268,92800          -6,24900         -53,25522           0,01413
          32,80000       -3111,97900        -268,92800          -6,25000         -52,87233           0,03325
          32,85000       -3111,97900        -268,92800          -6,24900         -53,70193           0,03325
          32,90000       -3111,97900        -268,92800          -6,24900         -52,93615           0,00776
          32,95000       -3111,98000        -268,92800          -6,25000         -53,25522           0,05874
          33,00000       -3111,97900        -268,92800          -6,24900         -52,68089           0,03963
          33,05000       -3111,97900        -268,92800          -6,24900         -52,55326           0,01413
          33,10000       -3111,98000        -268,92900          -6,24900         -52,29800           0,03325
          33,15000       -3111,98000        -268,92800          -6,24900         -53,38285           0,00776
          33,20000       -3111,98000        -268,92800          -6,24900         -53,38285           0,01413
          33,25000       -3111,97900        -268,92900          -6,25000         -52,68089          -0,01136
          33,30000       -3111,98000        -268,92900          -6,25000         -52,99996           0,01413
          33,35000       -3111,97900        -268,92900          -6,24900         -52,99996          -0,00498
          33,40000       -3111,98000        -268,92900          -6,25000         -52,99996           0,00776
          33,45000       -3111,97900        -268,92800          -6,25000         -52,48944           0,00776
          33,50000       -3111,97900        -268,92900          -6,25000         -53,25522           0,03325
          33,55000       -3111,98000        -268,92900          -6,25000         -52,80852           0,00776
          33,60000       -3111,97900        -268,92900          -6,25000         -53,25522           0,03325
          33,65000       -3111,97900        -268,92800          -6,25000         -53,06378           0,01413
          33,70000       -3111,97900        -268,92800          -6,24900         -53,19141           0,03963
          33,75000       -3111,98000        -268,92900          -6,25000         -53,57430           0,02051
          33,80000       -3111,97900        -268,92900          -6,24900         -52,74470           0,04600
          33,85000       -3111,97900        -268,92900          -6,25000         -52,42563           0,02688
          33,90000       -3111,97900        -268,92800          -6,24900         -52,80852          -0,01773
          33,95000       -3111,97900        -268,92900          -6,25000         -53,19141           0,02688
          34,00000       -3111,97900        -268,92900          -6,24900         -53,12759           0,02688
          34,05000       -3111,97900        -268,92900          -6,25000         -52,74470           0,01413
          34,10000       -3111,97900        -268,92900          -6,24900         -52,87233           0,03325
          34,15000       -3111,98000        -268,92800          -6,25000         -53,38285           0,02051
          34,20000       -3111,97900        -268,92800          -6,24900         -52,93615           0,05874
          34,25000       -3111,98000        -268,92900          -6,25000         -52,68089           0,07149
          34,30000       -3111,98000        -268,92800          -6,24900         -52,87233           0,00139
          34,35000       -3111,97900        -268,92900          -6,24900         -53,31904           0,01413
          34,40000       -3111,98000        -268,92900          -6,25000         -53,25522           0,02688
          34,45000       -3111,97900        -268,92800          -6,25000         -53,25522           0,00139
          34,50000       -3111,98000        -268,92800          -6,25000         -52,61707           0,03325
          34,55000       -3111,98000        -268,92800          -6,24900         -52,80852          -0,01773
          34,60000       -3111,97900        -268,92800          -6,24900         -53,57430           0,02051
          34,65000       -3111,97900        -268,92800          -6,24900         -53,19141           0,05237
          34,70000       -3111,97900        -268,92800          -6,25000         -53,38285           0,03963
          34,75000       -3111,97900        -268,92800          -6,25000         -53,25522           0,05237
          34,80000       -3111,97900        -268,92900          -6,24900         -53,12759          -0,00498
          34,85000       -3111,97900        -268,92900          -6,24900         -52,87233           0,00776
          34,90000       -3111,97900        -268,92800          -6,24900         -53,63811           0,06512
          34,95000       -3111,98000        -268,92900          -6,24900         -52,74470           0,02051
