
// =========================================================================================================
// 2026-04-17, 16:05:12
//        Time [s]        Pos X [um]        Pos Y [um]        Pos Z [um]      Force A [uN]      Force B [uN]
// =========================================================================================================
           0,00000       -1829,33600         204,48300         -10,46000         -52,74470           0,00139
           0,05000       -1829,33500         204,48200         -10,46000         -53,38285           0,05874
           0,10000       -1829,33500         204,48300         -10,46000         -52,87233           0,05874
           0,15000       -1829,33500         204,48300         -10,45900         -53,31904           0,03325
           0,20000       -1829,33600         204,48300         -10,45900         -52,99996          -0,00498
           0,25000       -1829,33600         204,48300         -10,45900         -53,19141           0,02688
           0,30000       -1829,33600         204,48300         -10,45900         -52,87233           0,03963
           0,35000       -1829,33600         204,48300         -10,45900         -53,25522          -0,00498
           0,40000       -1829,33600         204,48300         -10,45900         -52,99996          -0,00498
           0,45000       -1829,33600         204,48300         -10,45900         -53,12759           0,02051
           0,50000       -1829,33600         204,48200         -10,45900         -52,74470           0,00776
           0,55000       -1829,33600         204,48200         -10,45900         -53,31904           0,01413
           0,60000       -1829,33500         204,48400         -10,45900         -53,25522           0,02688
           0,65000       -1829,33600         204,48300         -10,45900         -53,51048           0,02688
           0,70000       -1829,33600         204,48300         -10,45900         -53,19141           0,00776
           0,75000       -1829,33500         204,48300         -10,45800         -52,87233           0,03325
           0,80000       -1829,33600         204,48300         -10,45900         -53,25522          -0,02410
           0,85000       -1829,33600         204,48300         -10,45900         -53,63811           0,00776
           0,90000       -1829,33600         204,48300         -10,45900         -53,06378          -0,00498
           0,95000       -1829,33600         204,48200         -10,45900         -53,44667           0,00139
           1,00000       -1829,33600         204,48300         -10,45900         -53,19141           0,00776
           1,05000       -1829,33600         204,48300         -10,46000         -53,25522           0,02051
           1,10000       -1829,33600         204,48300         -10,46000         -53,06378           0,04600
           1,15000       -1829,33600         204,48300         -10,46000         -53,63811           0,07149
           1,20000       -1829,33600         204,48200         -10,45900         -53,44667           0,00139
           1,25000       -1829,33500         204,48300         -10,45900         -52,87233           0,04600
           1,30000       -1829,33600         204,48300         -10,45900         -53,51048           0,03325
           1,35000       -1829,33600         204,48300         -10,45900         -53,31904           0,00776
           1,40000       -1829,33600         204,48300         -10,45900         -53,57430           0,05874
           1,45000       -1829,33600         204,48300         -10,45900         -53,57430          -0,01136
           1,50000       -1829,33600         204,48300         -10,45900         -53,57430          -0,01773
           1,55000       -1829,33600         204,48300         -10,45800         -53,06378           0,02051
           1,60000       -1829,33600         204,48300         -10,45900         -53,38285           0,00139
           1,65000       -1829,33600         204,48300         -10,45900         -53,44667           0,01413
           1,70000       -1829,33600         204,48200         -10,45800         -53,51048           0,03963
           1,75000       -1829,33700         204,48200         -10,46000         -53,63811           0,01413
           1,80000       -1829,33600         204,48300         -10,45900         -53,06378           0,00139
           1,85000       -1829,33600         204,48300         -10,45900         -53,38285           0,06512
           1,90000       -1829,33600         204,48200         -10,46000         -53,44667           0,05237
           1,95000       -1829,33600         204,48300         -10,45900         -53,06378           0,02688
           2,00000       -1829,33600         204,48200         -10,45900         -53,63811          -0,00498
           2,05000       -1829,33600         204,48300         -10,45900         -53,19141           0,07149
           2,10000       -1829,33500         204,48300         -10,46000         -52,93615           0,02051
           2,15000       -1829,33600         204,48300         -10,46000         -53,31904           0,02051
           2,20000       -1829,33500         204,48300         -10,45900         -53,06378           0,03963
           2,25000       -1829,33600         204,48300         -10,48800         -53,19141           0,00776
           2,30000       -1829,33500         204,48300         -10,53900         -53,31904           0,02051
           2,35000       -1829,33600         204,48300         -10,54000         -53,51048           0,00139
           2,40000       -1829,33500         204,48200         -10,54600         -52,93615           0,03963
           2,45000       -1829,33500         204,48200         -10,54600         -52,93615          -0,00498
           2,50000       -1829,33600         204,48200         -10,53700         -54,02100           0,01413
           2,55000       -1829,33600         204,48200         -10,54700         -53,70193           0,03325
           2,60000       -1829,33600         204,48200         -10,54700         -53,25522           0,02051
           2,65000       -1829,33500         204,48200         -10,54500         -53,76574           0,00139
           2,70000       -1829,33500         204,48300         -10,54600         -53,25522           0,03325
           2,75000       -1829,33500         204,48200         -10,54600         -53,12759           0,03325
           2,80000       -1829,33600         204,48300         -10,54600         -52,93615           0,03963
           2,85000       -1829,33600         204,48200         -10,54400         -52,80852           0,02051
           2,90000       -1829,33500         204,48200         -10,54500         -53,89337          -0,01136
           2,95000       -1829,33600         204,48200         -10,54500         -53,57430           0,03963
           3,00000       -1829,33600         204,48200         -10,54200         -52,93615           0,03325
           3,05000       -1829,33600         204,48300         -10,54300         -52,80852           0,04600
           3,10000       -1829,33600         204,48200         -10,54300         -53,25522           0,01413
           3,15000       -1829,33500         204,48100         -10,54200         -53,57430           0,00776
           3,20000       -1829,33500         204,48200         -10,54100         -53,31904          -0,02410
           3,25000       -1829,33500         204,48200         -10,53800         -53,25522           0,00139
           3,30000       -1829,33600         204,48200         -10,54000         -52,87233          -0,02410
           3,35000       -1829,33500         204,48100         -10,54000         -52,80852           0,02051
           3,40000       -1829,33500         204,48100         -10,53800         -53,57430          -0,00498
           3,45000       -1829,33500         204,48100         -10,53800         -53,12759           0,01413
           3,50000       -1829,33400         204,48100         -10,53800         -53,06378           0,02688
           3,55000       -1829,33500         204,48100         -10,53800         -53,38285           0,03963
           3,60000       -1829,33500         204,48100         -10,53800         -53,38285           0,03963
           3,65000       -1829,33500         204,48200         -10,54800         -52,93615           0,02051
           3,70000       -1829,33600         204,48200         -10,54800         -53,31904           0,02051
           3,75000       -1829,33500         204,48100         -10,57100         -53,51048           0,03963
           3,80000       -1829,33500         204,48100         -10,57500         -52,68089           0,00139
           3,85000       -1829,33500         204,48100         -10,57600         -53,76574           0,03963
           3,90000       -1829,33500         204,48000         -10,61300         -53,44667           0,05237
           3,95000       -1829,33500         204,48100         -10,61400         -53,12759          -0,01136
           4,00000       -1829,33500         204,48000         -10,61400         -52,74470           0,02051
           4,05000       -1829,33500         204,48000         -10,65500         -52,87233           0,04600
           4,10000       -1829,33500         204,48100         -10,65700         -53,57430           0,00776
           4,15000       -1829,33600         204,48200         -10,65900         -54,02100          -0,00498
           4,20000       -1829,33600         204,48100         -10,70300         -53,12759           0,00776
           4,25000       -1829,33500         204,48100         -10,70300         -53,70193           0,01413
           4,30000       -1829,33600         204,48100         -10,70400         -53,06378           0,02051
           4,35000       -1829,33500         204,48100         -10,75100         -52,48944          -0,00498
           4,40000       -1829,33500         204,48100         -10,75200         -53,25522           0,00139
           4,45000       -1829,33500         204,48200         -10,75300         -53,25522           0,03963
           4,50000       -1829,33500         204,48100         -10,80300         -53,38285           0,02688
           4,55000       -1829,33500         204,48100         -10,80300         -54,21245           0,00139
           4,60000       -1829,33500         204,48100         -10,85100         -52,99996           0,03325
           4,65000       -1829,33500         204,48100         -10,85100         -52,99996           0,01413
           4,70000       -1829,33500         204,48200         -10,85200         -53,25522           0,05237
           4,75000       -1829,33400         204,48100         -10,90200         -53,44667           0,05237
           4,80000       -1829,33400         204,48000         -10,90300         -53,06378           0,02688
           4,85000       -1829,33400         204,48000         -10,91900         -53,19141          -0,00498
           4,90000       -1829,33400         204,48100         -10,95400         -53,19141           0,05237
           4,95000       -1829,33500         204,48100         -10,95500         -52,93615           0,00776
           5,00000       -1829,33400         204,48000         -10,98100         -54,02100          -0,01136
           5,05000       -1829,33400         204,48100         -11,00500         -52,87233           0,02688
           5,10000       -1829,33400         204,48000         -11,00500         -52,61707           0,05237
           5,15000       -1829,33400         204,48100         -11,05500         -53,25522           0,04600
           5,20000       -1829,33400         204,48100         -11,05600         -53,31904           0,02688
           5,25000       -1829,33500         204,48100         -11,05600         -53,19141           0,05237
           5,30000       -1829,33500         204,48100         -11,10600         -52,99996           0,03325
           5,35000       -1829,33400         204,48100         -11,10700         -53,12759           0,00139
           5,40000       -1829,33300         204,48000         -11,12500         -53,25522           0,05874
           5,45000       -1829,33400         204,48100         -11,15700         -53,44667           0,02688
           5,50000       -1829,33500         204,48100         -11,15800         -52,93615           0,03963
           5,55000       -1829,33500         204,48100         -11,15800         -52,74470           0,03325
           5,60000       -1829,33400         204,48100         -11,20900         -53,70193           0,04600
           5,65000       -1829,33400         204,48100         -11,20900         -53,44667           0,06512
           5,70000       -1829,33500         204,48000         -11,25900         -52,87233           0,03325
           5,75000       -1829,33500         204,48100         -11,26000         -52,55326           0,03325
           5,80000       -1829,33500         204,48000         -11,26000         -53,12759           0,05237
           5,85000       -1829,33400         204,48000         -11,27100         -52,93615           0,02688
           5,90000       -1829,33500         204,48100         -11,31200         -53,19141          -0,00498
           5,95000       -1829,33400         204,48100         -11,31200         -53,19141          -0,00498
           6,00000       -1829,33500         204,48100         -11,36300         -53,06378           0,03325
           6,05000       -1829,33500         204,48000         -11,36300         -53,06378           0,00139
           6,10000       -1829,33500         204,48100         -11,36200         -53,76574           0,01413
           6,15000       -1829,33500         204,48100         -11,41300         -53,31904           0,01413
           6,20000       -1829,33500         204,48000         -11,41400         -53,25522           0,01413
           6,25000       -1829,33500         204,48100         -11,41400         -53,38285           0,00776
           6,30000       -1829,33500         204,48100         -11,46400         -53,57430           0,02051
           6,35000       -1829,33500         204,48100         -11,46500         -53,06378           0,03963
           6,40000       -1829,33500         204,48000         -11,48000         -53,57430           0,01413
           6,45000       -1829,33500         204,48100         -11,51600         -53,06378           0,04600
           6,50000       -1829,33500         204,48100         -11,51600         -53,19141          -0,00498
           6,55000       -1829,33500         204,48000         -11,56500         -53,19141           0,01413
           6,60000       -1829,33400         204,48000         -11,56500         -53,19141           0,00139
           6,65000       -1829,33500         204,48100         -11,56700         -52,87233          -0,01136
           6,70000       -1829,33400         204,48200         -11,61300         -54,14863           0,00139
           6,75000       -1829,33400         204,48000         -11,61600         -53,31904           0,02688
           6,80000       -1829,33500         204,48100         -11,61600         -53,44667           0,01413
           6,85000       -1829,33400         204,48100         -11,66600         -53,25522           0,03325
           6,90000       -1829,33400         204,48000         -11,66600         -52,80852           0,03963
           6,95000       -1829,33300         204,48100         -11,71600         -53,12759           0,00139
           7,00000       -1829,33400         204,48000         -11,71800         -52,74470           0,02688
           7,05000       -1829,33400         204,48100         -11,71700         -53,12759           0,04600
           7,10000       -1829,33400         204,48100         -11,76700         -52,87233           0,00776
           7,15000       -1829,33400         204,48000         -11,76700         -53,25522           0,03325
           7,20000       -1829,33400         204,47900         -11,76700         -53,12759          -0,00498
           7,25000       -1829,33400         204,48000         -11,81600         -53,06378           0,02051
           7,30000       -1829,33400         204,48000         -11,81800         -53,57430           0,00139
           7,35000       -1829,33400         204,48100         -11,86700         -52,99996           0,00776
           7,40000       -1829,33500         204,48000         -11,86700         -53,12759           0,02688
           7,45000       -1829,33500         204,48100         -11,86800         -52,93615           0,02688
           7,50000       -1829,33400         204,48000         -11,91700         -53,25522           0,00776
           7,55000       -1829,33400         204,48100         -11,91800         -52,93615           0,02688
           7,60000       -1829,33500         204,48000         -11,91800         -53,12759           0,02051
           7,65000       -1829,33400         204,48100         -11,96900         -53,51048           0,00776
           7,70000       -1829,33500         204,48000         -11,96900         -53,31904           0,05237
           7,75000       -1829,33400         204,48000         -11,96900         -53,57430          -0,01773
           7,80000       -1829,33500         204,48000         -12,01700         -53,57430           0,04600
           7,85000       -1829,33400         204,48000         -12,01800         -52,87233           0,03325
           7,90000       -1829,33400         204,48100         -12,06800         -53,06378           0,02051
           7,95000       -1829,33500         204,48000         -12,06900         -53,06378           0,03325
           8,00000       -1829,33500         204,47900         -12,06900         -52,87233          -0,01773
           8,05000       -1829,33500         204,47900         -12,11700         -53,19141           0,02688
           8,10000       -1829,33500         204,48000         -12,11800         -53,19141           0,01413
           8,15000       -1829,33400         204,48000         -12,11800         -52,80852           0,02688
           8,20000       -1829,33400         204,48100         -12,16700         -52,93615           0,00139
           8,25000       -1829,33400         204,48000         -12,16800         -53,51048           0,02051
           8,30000       -1829,33400         204,48000         -12,16900         -52,61707           0,02688
           8,35000       -1829,33400         204,48000         -12,21700         -52,93615           0,01413
           8,40000       -1829,33500         204,48000         -12,21800         -53,38285           0,01413
           8,45000       -1829,33400         204,48000         -12,21800         -53,06378           0,01413
           8,50000       -1829,33400         204,48100         -12,26800         -52,87233           0,05237
           8,55000       -1829,33500         204,48000         -12,26800         -53,06378           0,01413
           8,60000       -1829,33500         204,48000         -12,31800         -53,57430          -0,00498
           8,65000       -1829,33500         204,48100         -12,31900         -53,63811           0,03325
           8,70000       -1829,33500         204,48100         -12,31900         -53,51048           0,04600
           8,75000       -1829,33500         204,48100         -12,37000         -52,80852           0,02688
           8,80000       -1829,33400         204,48100         -12,37000         -53,19141           0,01413
           8,85000       -1829,33400         204,48100         -12,37000         -53,12759           0,05237
           8,90000       -1829,33400         204,48000         -12,41900         -52,48944           0,00776
           8,95000       -1829,33500         204,48100         -12,42000         -53,25522           0,00139
           9,00000       -1829,33500         204,48000         -12,47000         -52,74470           0,01413
           9,05000       -1829,33500         204,48100         -12,47000         -52,87233           0,05237
           9,10000       -1829,33500         204,48000         -12,47000         -52,61707           0,02688
           9,15000       -1829,33400         204,48100         -12,52100         -53,44667           0,03325
           9,20000       -1829,33400         204,48100         -12,52200         -53,63811           0,03325
           9,25000       -1829,33400         204,48000         -12,52200         -52,93615           0,03963
           9,30000       -1829,33400         204,48000         -12,52300         -53,44667           0,02051
           9,35000       -1829,33400         204,48100         -12,57200         -53,38285          -0,01136
           9,40000       -1829,33400         204,48000         -12,57300         -53,70193           0,03325
           9,45000       -1829,33400         204,48000         -12,62200         -53,12759          -0,01773
           9,50000       -1829,33400         204,48000         -12,62300         -53,19141          -0,02410
           9,55000       -1829,33400         204,48000         -12,62200         -53,38285           0,04600
           9,60000       -1829,33500         204,48000         -12,67100         -53,38285           0,02688
           9,65000       -1829,33400         204,48000         -12,67200         -52,68089           0,05237
           9,70000       -1829,33200         204,47900         -12,67200         -52,68089           0,00776
           9,75000       -1829,33300         204,48000         -12,72200         -53,25522           0,05874
           9,80000       -1829,33400         204,48000         -12,72200         -53,38285           0,01413
           9,85000       -1829,33400         204,48000         -12,72200         -53,25522           0,02051
           9,90000       -1829,33400         204,48100         -12,77200         -52,93615           0,02688
           9,95000       -1829,33400         204,48100         -12,77200         -53,25522           0,03963
          10,00000       -1829,33400         204,48000         -12,78700         -52,55326           0,01413
          10,05000       -1829,33500         204,48100         -12,82300         -53,12759           0,03963
          10,10000       -1829,33400         204,48000         -12,82600         -52,87233           0,02688
          10,15000       -1829,33400         204,48100         -12,87200         -52,99996           0,01413
          10,20000       -1829,33300         204,48000         -12,87200         -52,99996           0,02688
          10,25000       -1829,33400         204,48100         -12,87300         -52,93615           0,01413
          10,30000       -1829,33400         204,48100         -12,92200         -52,99996           0,00776
          10,35000       -1829,33400         204,48000         -12,92300         -53,38285           0,03325
          10,40000       -1829,33300         204,48000         -12,97300         -52,87233           0,02051
          10,45000       -1829,33300         204,48000         -12,97300         -53,44667           0,04600
          10,50000       -1829,33300         204,48100         -12,97400         -52,80852           0,06512
          10,55000       -1829,33400         204,48000         -13,02200         -53,31904           0,02688
          10,60000       -1829,33400         204,48100         -13,02200         -53,25522           0,05874
          10,65000       -1829,33300         204,48000         -13,02300         -53,19141           0,04600
          10,70000       -1829,33300         204,47900         -13,07200         -53,25522           0,07149
          10,75000       -1829,33300         204,48000         -13,07200         -53,31904           0,00776
          10,80000       -1829,33300         204,48000         -13,09500         -53,12759           0,04600
          10,85000       -1829,33400         204,48100         -13,12300         -52,55326           0,02051
          10,90000       -1829,33400         204,48100         -13,12300         -53,06378           0,02688
          10,95000       -1829,33300         204,48100         -13,12300         -52,74470           0,07149
          11,00000       -1829,33300         204,48000         -13,17200         -53,31904           0,02688
          11,05000       -1829,33300         204,48000         -13,17300         -52,93615           0,00139
          11,10000       -1829,33300         204,48000         -13,22400         -52,99996           0,02051
          11,15000       -1829,33300         204,48100         -13,22400         -52,74470           0,04600
          11,20000       -1829,33300         204,47900         -13,22400         -53,12759           0,03325
          11,25000       -1829,33300         204,48100         -13,27500         -52,55326           0,07149
          11,30000       -1829,33200         204,48100         -13,27500         -52,99996           0,00776
          11,35000       -1829,33300         204,48000         -13,32300         -52,48944          -0,00498
          11,40000       -1829,33300         204,48100         -13,32400         -53,19141           0,01413
          11,45000       -1829,33300         204,48200         -13,32500         -53,38285           0,00776
          11,50000       -1829,33300         204,48000         -13,37300         -52,61707           0,02051
          11,55000       -1829,33300         204,48100         -13,37400         -52,87233           0,00776
          11,60000       -1829,33400         204,48100         -13,37500         -52,99996           0,04600
          11,65000       -1829,33200         204,48000         -13,42600         -52,87233           0,00776
          11,70000       -1829,33300         204,48100         -13,42700         -52,23418           0,03963
          11,75000       -1829,33300         204,48100         -13,42700         -52,10655           0,00139
          11,80000       -1829,33200         204,48000         -13,47500         -52,87233          -0,01136
          11,85000       -1829,33400         204,48000         -13,47600         -53,12759           0,04600
          11,90000       -1829,33300         204,48000         -13,47600         -53,51048           0,03325
          11,95000       -1829,33200         204,48000         -13,52500         -52,87233          -0,01773
          12,00000       -1829,33300         204,48000         -13,52600         -52,99996           0,03963
          12,05000       -1829,33200         204,48000         -13,57500         -52,61707           0,03963
          12,10000       -1829,33200         204,48000         -13,57600         -53,12759           0,05237
          12,15000       -1829,33200         204,48100         -13,57600         -52,68089           0,02051
          12,20000       -1829,33300         204,48000         -13,62400         -53,06378          -0,00498
          12,25000       -1829,33200         204,48000         -13,62400         -52,80852           0,00139
          12,30000       -1829,33200         204,48100         -13,62400         -52,80852           0,02688
          12,35000       -1829,33200         204,48000         -13,67500         -52,68089          -0,01136
          12,40000       -1829,33300         204,48100         -13,67500         -53,31904           0,02688
          12,45000       -1829,33100         204,48000         -13,72500         -53,06378           0,01413
          12,50000       -1829,33200         204,48100         -13,72500         -53,57430           0,05237
          12,55000       -1829,33200         204,48100         -13,72500         -52,74470           0,02688
          12,60000       -1829,33200         204,48000         -13,77500         -53,51048           0,03325
          12,65000       -1829,33200         204,48000         -13,77500         -53,38285           0,03325
          12,70000       -1829,33200         204,48000         -13,77500         -52,87233           0,02688
          12,75000       -1829,33300         204,48000         -13,82600         -53,19141           0,00139
          12,80000       -1829,33200         204,48000         -13,82600         -53,82956           0,00139
          12,85000       -1829,33200         204,48000         -13,82600         -52,93615           0,02688
          12,90000       -1829,33200         204,48100         -13,87500         -53,12759           0,05874
          12,95000       -1829,33100         204,48100         -13,87600         -52,87233           0,02688
          13,00000       -1829,33200         204,48000         -13,90800         -53,06378           0,03325
          13,05000       -1829,33200         204,48100         -13,92500         -52,68089           0,00139
          13,10000       -1829,33200         204,48100         -13,92500         -53,06378           0,03325
          13,15000       -1829,33300         204,48000         -13,97500         -53,19141           0,02051
          13,20000       -1829,33300         204,48000         -13,97500         -52,61707           0,00776
          13,25000       -1829,33300         204,48100         -13,97600         -53,44667           0,05874
          13,30000       -1829,33200         204,48000         -14,02400         -52,87233           0,00776
          13,35000       -1829,33300         204,48000         -14,02500         -53,25522           0,02688
          13,40000       -1829,33300         204,48100         -14,02500         -52,99996           0,02688
          13,45000       -1829,33200         204,48100         -14,07500         -53,06378           0,01413
          13,50000       -1829,33300         204,48100         -14,07500         -52,80852          -0,00498
          13,55000       -1829,33300         204,48000         -14,07600         -53,19141           0,02688
          13,60000       -1829,33300         204,48100         -14,12600         -53,38285           0,01413
          13,65000       -1829,33300         204,48100         -14,12600         -52,74470           0,03325
          13,70000       -1829,33200         204,48100         -14,12500         -53,44667           0,01413
          13,75000       -1829,33300         204,48100         -14,17400         -53,19141           0,01413
          13,80000       -1829,33300         204,48100         -14,17500         -52,93615           0,01413
          13,85000       -1829,33300         204,48000         -14,22500         -53,06378           0,00139
          13,90000       -1829,33200         204,48000         -14,22500         -52,99996           0,02051
          13,95000       -1829,33300         204,48100         -14,22500         -52,74470           0,00776
          14,00000       -1829,33400         204,48000         -14,27600         -52,29800           0,00139
          14,05000       -1829,33300         204,48100         -14,27600         -52,55326           0,05237
          14,10000       -1829,33200         204,48000         -14,32300         -53,12759           0,04600
          14,15000       -1829,33300         204,48000         -14,32600         -53,31904          -0,00498
          14,20000       -1829,33300         204,48000         -14,32600         -52,68089           0,02688
          14,25000       -1829,33400         204,48000         -14,34400         -52,93615           0,01413
          14,30000       -1829,33200         204,48100         -14,37600         -52,48944           0,00139
          14,35000       -1829,33300         204,48100         -14,37600         -52,74470          -0,03047
          14,40000       -1829,33400         204,48100         -14,41200         -52,68089           0,00776
          14,45000       -1829,33400         204,48100         -14,42600         -52,99996           0,05874
          14,50000       -1829,33300         204,48100         -14,42700         -53,19141           0,00776
          14,55000       -1829,33400         204,48000         -14,47600         -52,55326          -0,01136
          14,60000       -1829,33400         204,48000         -14,47600         -53,06378           0,02051
          14,65000       -1829,33400         204,48100         -14,47600         -52,93615           0,03325
          14,70000       -1829,33400         204,48100         -14,52700         -53,19141           0,02051
          14,75000       -1829,33400         204,48000         -14,52800         -53,38285           0,02051
          14,80000       -1829,33300         204,48100         -14,52800         -52,61707           0,03325
          14,85000       -1829,33400         204,48100         -14,57500         -52,42563          -0,03047
          14,90000       -1829,33300         204,48100         -14,57600         -52,48944           0,05237
          14,95000       -1829,33400         204,48000         -14,57600         -52,93615           0,04600
          15,00000       -1829,33400         204,48000         -14,62600         -53,44667           0,00139
          15,05000       -1829,33300         204,48100         -14,62600         -53,12759           0,02688
          15,10000       -1829,33400         204,48100         -14,62600         -52,68089           0,00139
          15,15000       -1829,33300         204,48100         -14,67600         -52,74470           0,01413
          15,20000       -1829,33400         204,48000         -14,67600         -52,48944           0,00139
          15,25000       -1829,33300         204,48000         -14,69800         -53,12759           0,03325
          15,30000       -1829,33300         204,48100         -14,72600         -52,48944           0,03325
          15,35000       -1829,33300         204,48000         -14,72700         -52,80852           0,03963
          15,40000       -1829,33200         204,48000         -14,77600         -52,42563           0,00139
          15,45000       -1829,33300         204,48100         -14,77600         -53,51048           0,00776
          15,50000       -1829,33300         204,48100         -14,77600         -52,55326           0,03325
          15,55000       -1829,33300         204,48200         -14,82500         -52,93615           0,03963
          15,60000       -1829,33300         204,48000         -14,82500         -52,55326           0,03963
          15,65000       -1829,33300         204,48100         -14,82600         -53,19141           0,00776
          15,70000       -1829,33300         204,48000         -14,86300         -53,19141           0,03325
          15,75000       -1829,33400         204,48000         -14,87600         -52,99996          -0,01136
          15,80000       -1829,33400         204,48100         -14,87600         -52,74470           0,03325
          15,85000       -1829,33400         204,48100         -14,92500         -51,91511          -0,00498
          15,90000       -1829,33300         204,48000         -14,92500         -53,25522           0,00776
          15,95000       -1829,33200         204,48000         -14,92500         -53,12759           0,04600
          16,00000       -1829,33300         204,48100         -14,97500         -52,93615           0,02688
          16,05000       -1829,33300         204,48100         -14,97500         -51,27696           0,03963
          16,10000       -1829,33300         204,48000         -14,97600         -52,48944           0,02051
          16,15000       -1829,33300         204,48100         -15,02700         -52,29800           0,00139
          16,20000       -1829,33300         204,48000         -15,02800         -52,99996           0,01413
          16,25000       -1829,33300         204,48100         -15,07600         -53,19141           0,03963
          16,30000       -1829,33300         204,48000         -15,07700         -52,55326           0,02688
          16,35000       -1829,33300         204,48100         -15,07800         -52,42563           0,03325
          16,40000       -1829,33400         204,48000         -15,12700         -50,95788           0,06512
          16,45000       -1829,33300         204,48000         -15,12700         -51,78748           0,02051
          16,50000       -1829,33300         204,48000         -15,15500         -52,87233           0,00776
          16,55000       -1829,33400         204,48100         -15,17500         -52,36181           0,03325
          16,60000       -1829,33300         204,48100         -15,17500         -52,48944           0,01413
          16,65000       -1829,33300         204,48100         -15,22500         -51,08551           0,01413
          16,70000       -1829,33300         204,48000         -15,22500         -51,14933           0,04600
          16,75000       -1829,33400         204,48100         -15,22500         -50,89407          -0,03047
          16,80000       -1829,33400         204,48000         -15,27300         -50,89407           0,04600
          16,85000       -1829,33300         204,48000         -15,27500         -50,25591           0,00776
          16,90000       -1829,33300         204,48100         -15,27500         -50,70262           0,05874
          16,95000       -1829,33300         204,48100         -15,27400         -50,44736           0,05237
          17,00000       -1829,33300         204,48100         -15,32400         -52,93615           0,02051
          17,05000       -1829,33300         204,48000         -15,36900         -51,78748           0,03963
          17,10000       -1829,33300         204,47900         -15,37400         -51,14933           0,04600
          17,15000       -1829,33300         204,48000         -15,37400         -50,25591           0,05237
          17,20000       -1829,33400         204,48000         -15,37400         -51,14933           0,02051
          17,25000       -1829,33400         204,48000         -15,42500         -52,68089          -0,03685
          17,30000       -1829,33300         204,48100         -15,42500         -51,97892           0,06512
          17,35000       -1829,33300         204,48100         -15,47300         -51,40459           0,01413
          17,40000       -1829,33300         204,48000         -15,47300         -51,34077           0,05874
          17,45000       -1829,33400         204,48100         -15,47300         -50,76643           0,03325
          17,50000       -1829,33400         204,48000         -15,52400         -49,87302           0,01413
          17,55000       -1829,33400         204,48000         -15,52500         -51,14933           0,04600
          17,60000       -1829,33400         204,47900         -15,51700         -52,04274           0,01413
          17,65000       -1829,33300         204,47900         -15,57300         -52,48944           0,00776
          17,70000       -1829,33400         204,48000         -15,57400         -51,08551           0,01413
          17,75000       -1829,33400         204,48000         -15,57400         -52,29800           0,01413
          17,80000       -1829,33400         204,48000         -15,62300         -51,59603           0,06512
          17,85000       -1829,33400         204,47900         -15,62400         -51,21314           0,02051
          17,90000       -1829,33500         204,48000         -15,62400         -49,42632          -0,01136
          17,95000       -1829,33300         204,47900         -15,67300         -50,63880           0,02051
          18,00000       -1829,33400         204,48000         -15,67400         -52,36181           0,02051
          18,05000       -1829,33400         204,48100         -15,72300         -50,95788           0,01413
          18,10000       -1829,33400         204,48100         -15,72400         -50,06447          -0,00498
          18,15000       -1829,33400         204,48100         -15,72300         -50,70262           0,02688
          18,20000       -1829,33300         204,48100         -15,77300         -50,00065          -0,00498
          18,25000       -1829,33300         204,48100         -15,77300         -49,29869          -0,03685
          18,30000       -1829,33500         204,48100         -15,77400         -49,93684           0,03963
          18,35000       -1829,33400         204,48100         -15,82200         -48,46909           0,03325
          18,40000       -1829,33400         204,48000         -15,82300         -52,68089           0,03325
          18,45000       -1829,33500         204,48000         -15,83900         -49,17106           0,00776
          18,50000       -1829,33500         204,48000         -15,87300         -48,66054           0,03325
          18,55000       -1829,33300         204,48000         -15,87400         -49,55395           0,05874
          18,60000       -1829,33400         204,48000         -15,87400         -47,51187           0,03963
          18,65000       -1829,33400         204,48100         -15,92500         -53,06378           0,00139
          18,70000       -1829,33300         204,48000         -15,97400         -47,06516           0,03963
          18,75000       -1829,33400         204,47900         -15,97400         -47,57568           0,00139
          18,80000       -1829,33300         204,47900         -15,97500         -50,83025           0,03963
          18,85000       -1829,33400         204,48000         -15,97500         -51,21314           0,02688
          18,90000       -1829,33300         204,48000         -16,02300         -52,17037           0,03325
          18,95000       -1829,33300         204,48100         -16,02300         -52,23418           0,01413
          19,00000       -1829,33300         204,48000         -16,07200         -52,17037           0,02688
          19,05000       -1829,33400         204,48000         -16,07300         -49,42632           0,02688
          19,10000       -1829,33400         204,48000         -16,07300         -50,12828           0,03325
          19,15000       -1829,33300         204,48000         -16,08600         -51,78748           0,04600
          19,20000       -1829,33400         204,47900         -16,12400         -50,70262           0,02051
          19,25000       -1829,33400         204,48000         -16,12400         -51,65985          -0,01773
          19,30000       -1829,33500         204,47900         -16,16200         -51,46840           0,02051
          19,35000       -1829,33400         204,47900         -16,17300         -52,17037           0,00139
          19,40000       -1829,33500         204,48000         -16,17500         -51,78748           0,00776
          19,45000       -1829,33300         204,48000         -16,23100         -50,51117           0,02688
          19,50000       -1829,33500         204,48000         -16,22400         -50,12828           0,05874
          19,55000       -1829,33400         204,48000         -16,22500         -52,87233           0,00776
          19,60000       -1829,33400         204,48000         -16,27500         -50,57499           0,04600
          19,65000       -1829,33400         204,47900         -16,27500         -50,51117           0,02051
          19,70000       -1829,33500         204,48000         -16,28700         -50,06447           0,04600
          19,75000       -1829,33400         204,48000         -16,32400         -49,42632           0,03325
          19,80000       -1829,33400         204,48100         -16,32400         -52,23418          -0,00498
          19,85000       -1829,33400         204,48000         -16,37400         -47,38424           0,02051
          19,90000       -1829,33400         204,48000         -16,37500         -48,91580           0,02051
          19,95000       -1829,33400         204,48000         -16,37500         -47,51187           0,03963
          20,00000       -1829,33400         204,47900         -16,42400         -48,46909           0,00139
          20,05000       -1829,33400         204,48000         -16,42600         -51,85129           0,02051
          20,10000       -1829,33400         204,48000         -16,47500         -46,17175           0,04600
          20,15000       -1829,33400         204,48000         -16,47600         -44,95926           0,02688
          20,20000       -1829,33400         204,48000         -16,47600         -45,91649           0,05874
          20,25000       -1829,33500         204,48000         -16,52500         -43,49151           0,00139
          20,30000       -1829,33400         204,48000         -16,52500         -50,76643          -0,01136
          20,35000       -1829,33300         204,47900         -16,57100         -51,21314           0,00776
          20,40000       -1829,33400         204,48000         -16,57400         -51,72366           0,01413
          20,45000       -1829,33400         204,48000         -16,57400         -45,72504           0,03325
          20,50000       -1829,33400         204,47900         -16,57400         -41,32180           0,00139
          20,55000       -1829,33400         204,48000         -16,62400         -52,29800           0,03325
          20,60000       -1829,33400         204,48000         -16,62400         -41,70469           0,01413
          20,65000       -1829,33300         204,48000         -16,67400         -39,40735           0,02051
          20,70000       -1829,33400         204,48000         -16,67500         -48,21383           0,00776
          20,75000       -1829,33400         204,48000         -16,67500         -49,68158           0,00776
          20,80000       -1829,33400         204,47900         -16,72100         -47,83094           0,04600
          20,85000       -1829,33400         204,48000         -16,72500         -44,76782           0,03325
          20,90000       -1829,33300         204,48000         -16,72500         -43,36388          -0,00498
          20,95000       -1829,33400         204,47900         -16,77400         -50,31973           0,00139
          21,00000       -1829,33300         204,48000         -16,77400         -51,65985           0,02688
          21,05000       -1829,33300         204,48000         -16,77500         -50,25591          -0,00498
          21,10000       -1829,33400         204,47900         -16,82300         -43,87441           0,04600
          21,15000       -1829,33400         204,48000         -16,82400         -51,91511           0,02051
          21,20000       -1829,33500         204,48000         -16,82300         -47,51187           0,04600
          21,25000       -1829,33500         204,48000         -16,87500         -41,64088          -0,01773
          21,30000       -1829,33500         204,48000         -16,87600         -45,59741           0,06512
          21,35000       -1829,33400         204,48100         -16,87500         -48,02239           0,00139
          21,40000       -1829,33400         204,48000         -16,92400         -49,61776           0,04600
          21,45000       -1829,33400         204,47900         -16,92400         -46,36319           0,01413
          21,50000       -1829,33400         204,48000         -16,97500         -51,02170           0,00139
          21,55000       -1829,33300         204,48000         -16,97600         -49,17106           0,05874
          21,60000       -1829,33300         204,47900         -16,97700         -50,44736           0,01413
          21,65000       -1829,33300         204,48000         -17,02600         -49,49013          -0,00498
          21,70000       -1829,33400         204,48000         -17,02600         -46,42701           0,01413
          21,75000       -1829,33400         204,48100         -17,07500         -46,80990          -0,02410
          21,80000       -1829,33300         204,48000         -17,07500         -49,55395           0,02688
          21,85000       -1829,33300         204,48100         -17,07500         -51,21314           0,05237
          21,90000       -1829,33300         204,48000         -17,10400         -51,21314           0,03325
          21,95000       -1829,33300         204,48000         -17,12400         -31,62191           0,02051
          22,00000       -1829,33300         204,48000         -17,16300         -46,17175           0,05237
          22,05000       -1829,33300         204,48000         -17,17400         -41,06654           0,03325
          22,10000       -1829,33300         204,48000         -17,17500         -18,15692           0,02051
          22,15000       -1829,33300         204,47900         -17,17500         -18,85889           0,02688
          22,20000       -1829,33300         204,48000         -17,22500         -13,43461          -0,00498
          22,25000       -1829,33400         204,48000         -17,22600         -40,55602           0,01413
          22,30000       -1829,33300         204,48000         -17,22600         -41,51325           0,02688
          22,35000       -1829,33400         204,48000         -17,27600         -49,68158           0,02051
          22,40000       -1829,33400         204,48000         -17,27500         -38,89683           0,03325
          22,45000       -1829,33300         204,47900         -17,32200         -10,56293           0,01413
          22,50000       -1829,33400         204,47900         -17,32400          -9,22281           0,04600
          22,55000       -1829,33300         204,48000         -17,32400         -43,74678           0,01413
          22,60000       -1829,33300         204,48000         -17,37300         -52,29800          -0,03047
          22,65000       -1829,33400         204,48000         -17,37300         -50,12828           0,03963
          22,70000       -1829,33300         204,48000         -17,37300          -3,60708           0,00776
          22,75000       -1829,33300         204,48000         -17,42300         -53,25522           0,00139
          22,80000       -1829,33300         204,47900         -17,42400         -51,21314           0,02051
          22,85000       -1829,33400         204,47900         -17,42400         -51,78748           0,05237
          22,90000       -1829,33300         204,47900         -17,47400         -52,29800           0,02051
          22,95000       -1829,33400         204,47900         -17,47400         -52,23418           0,03963
          23,00000       -1829,33300         204,48000         -17,52400         -53,38285           0,02688
          23,05000       -1829,33300         204,47900         -17,52500         -53,70193           0,03325
          23,10000       -1829,33300         204,48000         -17,52500         -51,14933           0,00776
          23,15000       -1829,33300         204,48100         -17,57300         -53,25522          -0,00498
          23,20000       -1829,33300         204,47900         -17,57400         -52,42563           0,00139
          23,25000       -1829,33300         204,48000         -17,56800         -53,38285           0,00776
          23,30000       -1829,33400         204,48000         -17,62500         -53,06378           0,02688
          23,35000       -1829,33400         204,48000         -17,62500         -51,27696           0,02051
          23,40000       -1829,33400         204,48000         -17,62500         -52,93615          -0,00498
          23,45000       -1829,33400         204,48000         -17,67400         -51,08551           0,03963
          23,50000       -1829,33400         204,47900         -17,67500         -51,91511           0,03325
          23,55000       -1829,33400         204,47900         -17,70400         -52,61707           0,03963
          23,60000       -1829,33400         204,48000         -17,72500         -53,06378           0,00776
          23,65000       -1829,33300         204,47900         -17,72600         -53,44667           0,02051
          23,70000       -1829,33300         204,47800         -17,77300         -53,89337           0,00776
          23,75000       -1829,33400         204,47900         -17,77400         -49,87302           0,03963
          23,80000       -1829,33400         204,47900         -17,82300         -54,53153           0,04600
          23,85000       -1829,33300         204,47900         -17,82400         -55,74401           0,05874
          23,90000       -1829,33400         204,48000         -17,82400         -55,36112           0,03963
          23,95000       -1829,33300         204,48100         -17,82400         -55,42494          -0,03685
          24,00000       -1829,33300         204,48000         -17,87400         -50,31973           0,03963
          24,05000       -1829,33400         204,47900         -17,87500         -55,61638           0,05874
          24,10000       -1829,33400         204,47900         -17,92300         -52,87233           0,02051
          24,15000       -1829,33300         204,47900         -17,92400         -52,48944          -0,01773
          24,20000       -1829,33300         204,48000         -17,92400         -51,14933           0,03963
          24,25000       -1829,33400         204,47900         -17,97500         -52,68089          -0,01136
          24,30000       -1829,33300         204,48000         -17,97600         -53,19141           0,05237
          24,35000       -1829,33300         204,47900         -17,99200         -60,78540           0,03963
          24,40000       -1829,33400         204,48000         -18,02400         -38,96064           0,02051
          24,45000       -1829,33400         204,48000         -18,02400         -52,23418           0,03963
          24,50000       -1829,33400         204,47900         -18,07300         -38,76920           0,00139
          24,55000       -1829,33400         204,47900         -18,07500         -17,19970          -0,00498
          24,60000       -1829,33400         204,47900         -18,07500         -60,27488           0,02051
          24,65000       -1829,33400         204,47900         -18,12500          42,72267           0,01413
          24,70000       -1829,33400         204,47900         -18,12600         -23,45358           0,00139
          24,75000       -1829,33300         204,48000         -18,12600         -49,42632          -0,01136
          24,80000       -1829,33400         204,47900         -18,17400         -59,82818           0,03325
          24,85000       -1829,33400         204,48000         -18,17400         -58,48806           0,01413
          24,90000       -1829,33400         204,48000         -18,22400         -55,99927           0,05237
          24,95000       -1829,33400         204,48000         -18,22400         -51,46840           0,01413
          25,00000       -1829,33400         204,48000         -18,22500         -54,97823           0,02051
          25,05000       -1829,33300         204,47900         -18,26400         -60,72159           0,01413
          25,10000       -1829,33400         204,48000         -18,27400         176,09621           0,03325
          25,15000       -1829,33300         204,47900         -18,27500         -49,93684           0,03325
          25,20000       -1829,33400         204,47900         -18,32500         259,37490           0,00139
          25,25000       -1829,33300         204,47900         -18,32500         248,65396           0,03325
          25,30000       -1829,33300         204,47900         -18,32500         279,41284           0,03963
          25,35000       -1829,33300         204,47900         -18,37600         335,63393           0,03325
          25,40000       -1829,33300         204,47900         -18,37700         134,10588           0,03963
          25,45000       -1829,33200         204,48000         -18,42500          -8,52085          -0,00498
          25,50000       -1829,33400         204,48000         -18,42500         -63,46564           0,03963
          25,55000       -1829,33400         204,47900         -18,42500         254,14206          -0,00498
          25,60000       -1829,33400         204,48000         -18,47500         305,19413           0,03325
          25,65000       -1829,33300         204,48000         -18,47500         -41,32180           0,02051
          25,70000       -1829,33400         204,48000         -18,52600         266,20311           0,03325
          25,75000       -1829,33300         204,48000         -18,52400         397,59838           0,01413
          25,80000       -1829,33400         204,47900         -18,52500         506,33929           0,00776
          25,85000       -1829,33300         204,48000         -18,57300         520,63387           0,01413
          25,90000       -1829,33300         204,48000         -18,57600          19,62161           0,03963
          25,95000       -1829,33400         204,47900         -18,60600         563,13472           0,01413
          26,00000       -1829,33400         204,47900         -18,62600         576,21682           0,02051
          26,05000       -1829,33300         204,48000         -18,62700         514,82670           0,01413
          26,10000       -1829,33300         204,48000         -18,62700         573,72803          -0,00498
          26,15000       -1829,33400         204,47900         -18,67600         161,86544           0,05237
          26,20000       -1829,33400         204,47900         -18,67700         717,88631           0,07786
          26,25000       -1829,33400         204,48000         -18,72600         743,41235           0,00776
          26,30000       -1829,33400         204,47900         -18,72600         775,00082           0,03325
          26,35000       -1829,33400         204,47900         -18,72700         714,69556           0,00139
          26,40000       -1829,33400         204,47900         -18,77600         840,41129           0,02688
          26,45000       -1829,33400         204,47900         -18,77600         784,70071           0,03963
          26,50000       -1829,33400         204,47800         -18,77600         817,75693           0,05237
          26,55000       -1829,33400         204,47900         -18,82500         312,53287           0,03963
          26,60000       -1829,33400         204,48000         -18,82600         922,28604           0,03963
          26,65000       -1829,33400         204,47900         -18,82600         832,24295          -0,00498
          26,70000       -1829,33300         204,48000         -18,82600         895,54752           0,03325
          26,75000       -1829,33400         204,48100         -18,82600         -56,63742          -0,00498
          26,80000       -1829,33600         204,48200         -10,46000         -52,61707           0,03325
          26,85000       -1829,33700         204,48200         -10,46000         -53,38285           0,02688
          26,90000       -1829,33700         204,48200         -10,45900         -53,70193           0,03325
          26,95000       -1829,33700         204,48300         -10,45900         -53,38285           0,00776
          27,00000       -1829,33700         204,48200         -10,46000         -53,06378           0,03963
          27,05000       -1829,33600         204,48300         -10,45900         -52,61707           0,04600
          27,10000       -1829,33600         204,48300         -10,46000         -53,19141           0,02688
          27,15000       -1829,33600         204,48200         -10,46000         -53,06378           0,00776
          27,20000       -1829,33600         204,48200         -10,45900         -53,38285           0,04600
          27,25000       -1829,33600         204,48300         -10,46000         -53,63811           0,02688
          27,30000       -1829,33600         204,48300         -10,45900         -53,12759           0,02688
          27,35000       -1829,33600         204,48200         -10,45900         -52,87233           0,02688
          27,40000       -1829,33700         204,48200         -10,45900         -53,25522           0,02051
          27,45000       -1829,33600         204,48200         -10,46000         -53,38285           0,03325
          27,50000       -1829,33600         204,48200         -10,46000         -53,06378           0,03963
          27,55000       -1829,33600         204,48200         -10,46000         -53,25522           0,02051
          27,60000       -1829,33600         204,48300         -10,45900         -52,48944           0,02051
          27,65000       -1829,33600         204,48300         -10,46000         -52,80852           0,02688
          27,70000       -1829,33600         204,48200         -10,45900         -53,31904           0,03325
          27,75000       -1829,33600         204,48300         -10,45900         -52,74470           0,01413
          27,80000       -1829,33600         204,48300         -10,46000         -53,25522           0,04600
          27,85000       -1829,33600         204,48200         -10,46000         -53,31904           0,00139
          27,90000       -1829,33700         204,48300         -10,46000         -53,19141           0,02688
          27,95000       -1829,33700         204,48200         -10,45900         -52,48944           0,03963
          28,00000       -1829,33600         204,48300         -10,46000         -53,31904           0,00139
          28,05000       -1829,33600         204,48300         -10,45900         -52,61707           0,06512
          28,10000       -1829,33700         204,48200         -10,46000         -53,44667          -0,00498
          28,15000       -1829,33700         204,48200         -10,45900         -53,63811           0,00776
          28,20000       -1829,33700         204,48300         -10,45900         -53,38285          -0,00498
          28,25000       -1829,33600         204,48200         -10,46000         -53,06378           0,00139
          28,30000       -1829,33700         204,48200         -10,46000         -53,25522           0,04600
          28,35000       -1829,33600         204,48300         -10,46000         -52,99996           0,01413
          28,40000       -1829,33600         204,48300         -10,46000         -52,87233           0,06512
          28,45000       -1829,33700         204,48300         -10,45900         -53,31904          -0,04959
          28,50000       -1829,33600         204,48200         -10,45900         -53,51048           0,03963
          28,55000       -1829,33700         204,48300         -10,45900         -53,31904           0,05237
          28,60000       -1829,33700         204,48200         -10,46000         -53,63811           0,00776
          28,65000       -1829,33600         204,48300         -10,46000         -53,31904           0,03325
          28,70000       -1829,33700         204,48300         -10,46000         -53,57430           0,03325
          28,75000       -1829,33700         204,48300         -10,45900         -53,06378           0,03963
