
// =========================================================================================================
// 2026-04-17, 16:03:50
//        Time [s]        Pos X [um]        Pos Y [um]        Pos Z [um]      Force A [uN]      Force B [uN]
// =========================================================================================================
           0,00000       -1800,31200         299,82300         -10,46400         -53,19141           0,03325
           0,05000       -1800,31000         299,82100         -10,46500         -53,25522           0,03963
           0,10000       -1800,31100         299,82100         -10,46400         -53,57430           0,05237
           0,15000       -1800,31000         299,82200         -10,46400         -53,06378           0,01413
           0,20000       -1800,31000         299,82200         -10,46400         -53,63811           0,01413
           0,25000       -1800,31100         299,82300         -10,46400         -53,51048           0,01413
           0,30000       -1800,31100         299,82200         -10,46400         -53,19141           0,02051
           0,35000       -1800,31000         299,82200         -10,46400         -53,51048           0,02051
           0,40000       -1800,31200         299,82200         -10,46400         -52,74470          -0,01136
           0,45000       -1800,31100         299,82200         -10,46400         -53,51048           0,00776
           0,50000       -1800,31100         299,82300         -10,46300         -53,25522           0,00139
           0,55000       -1800,31100         299,82200         -10,46400         -53,25522           0,04600
           0,60000       -1800,31200         299,82300         -10,46400         -52,68089           0,03963
           0,65000       -1800,31300         299,82200         -10,46400         -52,93615          -0,00498
           0,70000       -1800,31100         299,82300         -10,46400         -52,61707           0,01413
           0,75000       -1800,31100         299,82100         -10,46400         -52,93615           0,05237
           0,80000       -1800,31100         299,82200         -10,46500         -53,44667           0,02688
           0,85000       -1800,31200         299,82200         -10,46500         -53,06378           0,00139
           0,90000       -1800,31100         299,82200         -10,46400         -52,93615           0,00776
           0,95000       -1800,31100         299,82200         -10,46400         -52,80852           0,02051
           1,00000       -1800,31100         299,82200         -10,46400         -52,99996           0,03325
           1,05000       -1800,31100         299,82200         -10,46400         -53,31904          -0,00498
           1,10000       -1800,31100         299,82300         -10,46500         -53,89337           0,01413
           1,15000       -1800,31200         299,82100         -10,46500         -52,87233           0,02688
           1,20000       -1800,31100         299,82100         -10,46400         -52,68089           0,02051
           1,25000       -1800,31100         299,82100         -10,46400         -53,76574           0,05874
           1,30000       -1800,31100         299,82100         -10,46500         -52,80852           0,00139
           1,35000       -1800,31000         299,82200         -10,46400         -53,38285           0,01413
           1,40000       -1800,31100         299,82100         -10,46500         -52,80852           0,04600
           1,45000       -1800,31000         299,82200         -10,46500         -53,19141          -0,01136
           1,50000       -1800,31100         299,82200         -10,46500         -53,06378           0,02688
           1,55000       -1800,31100         299,82100         -10,46500         -52,93615           0,02051
           1,60000       -1800,31100         299,82200         -10,46400         -53,12759           0,03325
           1,65000       -1800,31100         299,82100         -10,46400         -52,80852           0,01413
           1,70000       -1800,31100         299,82100         -10,46500         -53,70193           0,00139
           1,75000       -1800,31100         299,82100         -10,46400         -53,06378           0,03325
           1,80000       -1800,31200         299,82300         -10,44100         -52,99996           0,04600
           1,85000       -1800,31200         299,82100         -10,44100         -53,38285           0,02051
           1,90000       -1800,31200         299,82200         -10,44100         -53,19141           0,03325
           1,95000       -1800,31100         299,82100         -10,43600         -53,38285           0,00776
           2,00000       -1800,31200         299,82200         -10,43600         -53,70193           0,03963
           2,05000       -1800,31200         299,82100         -10,43400         -53,25522          -0,01773
           2,10000       -1800,31100         299,82200         -10,43400         -53,12759           0,04600
           2,15000       -1800,31100         299,82200         -10,43500         -52,68089           0,02688
           2,20000       -1800,31300         299,82100         -10,43000         -53,31904           0,02688
           2,25000       -1800,31300         299,82100         -10,42200         -52,93615          -0,00498
           2,30000       -1800,31200         299,82100         -10,42600         -53,51048           0,02688
           2,35000       -1800,31100         299,82100         -10,42700         -52,87233           0,04600
           2,40000       -1800,31200         299,82200         -10,42700         -52,99996           0,06512
           2,45000       -1800,31200         299,82200         -10,42400         -53,57430           0,00139
           2,50000       -1800,31200         299,82100         -10,42400         -53,19141           0,02688
           2,55000       -1800,31200         299,82100         -10,42500         -53,19141           0,00776
           2,60000       -1800,31100         299,82200         -10,42000         -53,63811           0,03325
           2,65000       -1800,31200         299,82200         -10,42100         -53,51048           0,01413
           2,70000       -1800,31300         299,82200         -10,42100         -53,25522           0,02051
           2,75000       -1800,31300         299,82200         -10,41600         -52,99996          -0,02410
           2,80000       -1800,31300         299,82200         -10,41700         -53,06378           0,03325
           2,85000       -1800,31200         299,82200         -10,41800         -53,06378           0,05237
           2,90000       -1800,31200         299,82200         -10,41600         -53,31904           0,00776
           2,95000       -1800,31100         299,82100         -10,41600         -53,12759           0,02688
           3,00000       -1800,31200         299,82300         -10,41500         -53,25522           0,00776
           3,05000       -1800,31200         299,82100         -10,41500         -53,25522           0,00776
           3,10000       -1800,31200         299,82100         -10,41500         -52,99996           0,03325
           3,15000       -1800,31200         299,82200         -10,42100         -53,57430           0,03963
           3,20000       -1800,31300         299,82100         -10,42200         -53,51048           0,05237
           3,25000       -1800,31100         299,82200         -10,42100         -53,63811           0,02688
           3,30000       -1800,31200         299,82100         -10,44600         -52,48944          -0,01136
           3,35000       -1800,31300         299,82200         -10,44600         -52,99996           0,01413
           3,40000       -1800,31300         299,82100         -10,48100         -52,68089           0,02688
           3,45000       -1800,31200         299,82100         -10,48300         -53,38285           0,05237
           3,50000       -1800,31300         299,82100         -10,48300         -52,99996           0,04600
           3,55000       -1800,31200         299,82200         -10,52800         -52,80852           0,00776
           3,60000       -1800,31300         299,82200         -10,52800         -53,44667           0,02051
           3,65000       -1800,31200         299,82200         -10,57200         -53,51048           0,00776
           3,70000       -1800,31300         299,82100         -10,57200         -52,99996           0,03325
           3,75000       -1800,31300         299,82200         -10,57300         -53,38285           0,02051
           3,80000       -1800,31100         299,82100         -10,62000         -53,31904           0,06512
           3,85000       -1800,31300         299,82200         -10,62100         -52,80852          -0,01773
           3,90000       -1800,31200         299,82200         -10,62100         -53,19141           0,03963
           3,95000       -1800,31300         299,82200         -10,67000         -52,74470           0,02688
           4,00000       -1800,31200         299,82200         -10,67000         -52,55326          -0,00498
           4,05000       -1800,31200         299,82200         -10,67000         -52,93615           0,00776
           4,10000       -1800,31300         299,82200         -10,71800         -52,93615           0,03963
           4,15000       -1800,31200         299,82100         -10,71900         -53,06378           0,05237
           4,20000       -1800,31200         299,82100         -10,72000         -52,80852           0,04600
           4,25000       -1800,31200         299,82200         -10,77100         -52,93615           0,04600
           4,30000       -1800,31300         299,82100         -10,77200         -52,68089           0,00776
           4,35000       -1800,31300         299,82100         -10,79400         -52,74470           0,01413
           4,40000       -1800,31200         299,82200         -10,82200         -52,99996           0,02051
           4,45000       -1800,31200         299,82200         -10,82200         -53,38285           0,01413
           4,50000       -1800,31300         299,82100         -10,84700         -52,80852           0,02688
           4,55000       -1800,31200         299,82200         -10,87300         -52,42563           0,05237
           4,60000       -1800,31200         299,82300         -10,87200         -53,12759           0,00139
           4,65000       -1800,31300         299,82300         -10,89900         -52,93615          -0,01136
           4,70000       -1800,31200         299,82200         -10,92500         -52,99996           0,02051
           4,75000       -1800,31300         299,82200         -10,92600         -53,38285           0,02688
           4,80000       -1800,31300         299,82100         -10,97600         -53,70193           0,01413
           4,85000       -1800,31200         299,82200         -10,97700         -52,87233           0,06512
           4,90000       -1800,31300         299,82300         -10,97700         -53,06378           0,03325
           4,95000       -1800,31200         299,82000         -11,02600         -53,19141          -0,00498
           5,00000       -1800,31100         299,82200         -11,02700         -52,99996           0,03325
           5,05000       -1800,31200         299,82200         -11,07800         -53,31904           0,04600
           5,10000       -1800,31300         299,82200         -11,07700         -53,12759           0,02051
           5,15000       -1800,31200         299,82200         -11,07800         -52,93615           0,03963
           5,20000       -1800,31100         299,82200         -11,07800         -53,06378           0,02051
           5,25000       -1800,31300         299,82200         -11,12800         -52,99996           0,03325
           5,30000       -1800,31300         299,82100         -11,12800         -52,87233           0,02051
           5,35000       -1800,31300         299,82200         -11,15900         -53,31904           0,03963
           5,40000       -1800,31300         299,82100         -11,18000         -52,80852           0,00139
           5,45000       -1800,31300         299,82100         -11,18000         -52,87233           0,02051
           5,50000       -1800,31200         299,82200         -11,23000         -53,06378           0,00776
           5,55000       -1800,31200         299,82100         -11,23100         -53,06378          -0,01773
           5,60000       -1800,31300         299,82200         -11,23100         -52,99996           0,02051
           5,65000       -1800,31200         299,82100         -11,28100         -52,93615           0,00776
           5,70000       -1800,31200         299,82200         -11,28200         -52,93615           0,00776
           5,75000       -1800,31300         299,82200         -11,33200         -53,76574           0,03963
           5,80000       -1800,31300         299,82100         -11,33200         -53,25522           0,00776
           5,85000       -1800,31200         299,82200         -11,33300         -53,25522           0,00139
           5,90000       -1800,31300         299,82200         -11,38300         -53,19141           0,03325
           5,95000       -1800,31200         299,82200         -11,38400         -52,68089           0,05237
           6,00000       -1800,31200         299,82100         -11,43400         -53,12759          -0,01773
           6,05000       -1800,31200         299,82200         -11,43500         -52,80852           0,01413
           6,10000       -1800,31300         299,82200         -11,43500         -53,12759           0,02688
           6,15000       -1800,31200         299,82200         -11,48500         -52,93615           0,03963
           6,20000       -1800,31300         299,82200         -11,48700         -52,55326           0,02051
           6,25000       -1800,31300         299,82200         -11,48700         -53,25522           0,03963
           6,30000       -1800,31300         299,82200         -11,53500         -53,38285           0,05874
           6,35000       -1800,31200         299,82100         -11,53600         -53,82956           0,00776
           6,40000       -1800,31300         299,82200         -11,53500         -53,38285          -0,01136
           6,45000       -1800,31300         299,82200         -11,58700         -52,87233           0,00776
           6,50000       -1800,31200         299,82200         -11,58700         -53,06378           0,02051
           6,55000       -1800,31300         299,82200         -11,63800         -53,06378           0,06512
           6,60000       -1800,31200         299,82200         -11,63600         -53,31904          -0,00498
           6,65000       -1800,31300         299,82200         -11,63700         -53,06378           0,00776
           6,70000       -1800,31300         299,82200         -11,68500         -52,36181           0,05237
           6,75000       -1800,31300         299,82200         -11,68600         -53,25522           0,00776
           6,80000       -1800,31300         299,82200         -11,68700         -52,61707          -0,01136
           6,85000       -1800,31300         299,82200         -11,73600         -53,25522           0,02051
           6,90000       -1800,31300         299,82200         -11,73600         -52,61707           0,09698
           6,95000       -1800,31200         299,82200         -11,74600         -53,19141           0,02688
           7,00000       -1800,31300         299,82200         -11,78600         -52,93615          -0,00498
           7,05000       -1800,31300         299,82200         -11,78700         -52,42563           0,03325
           7,10000       -1800,31300         299,82200         -11,83600         -52,55326           0,05237
           7,15000       -1800,31300         299,82300         -11,83700         -53,70193           0,03963
           7,20000       -1800,31300         299,82200         -11,83800         -52,68089           0,04600
           7,25000       -1800,31200         299,82300         -11,83700         -52,80852           0,02051
           7,30000       -1800,31300         299,82300         -11,88700         -52,87233           0,02688
           7,35000       -1800,31300         299,82300         -11,88700         -53,38285           0,01413
           7,40000       -1800,31200         299,82300         -11,93600         -52,61707           0,03325
           7,45000       -1800,31300         299,82300         -11,93700         -52,80852           0,00139
           7,50000       -1800,31200         299,82300         -11,93700         -52,87233           0,03963
           7,55000       -1800,31200         299,82300         -11,93700         -52,74470           0,00776
           7,60000       -1800,31300         299,82300         -11,98600         -52,68089           0,05874
           7,65000       -1800,31300         299,82300         -11,98600         -53,31904           0,04600
           7,70000       -1800,31200         299,82200         -12,03800         -53,44667           0,00776
           7,75000       -1800,31300         299,82300         -12,03600         -53,19141          -0,00498
           7,80000       -1800,31300         299,82300         -12,03700         -53,51048           0,01413
           7,85000       -1800,31300         299,82200         -12,08800         -53,06378           0,03963
           7,90000       -1800,31300         299,82200         -12,08800         -52,80852           0,05237
           7,95000       -1800,31300         299,82200         -12,08300         -52,80852           0,05237
           8,00000       -1800,31300         299,82300         -12,13700         -53,38285          -0,01773
           8,05000       -1800,31300         299,82300         -12,13700         -53,31904           0,06512
           8,10000       -1800,31300         299,82200         -12,13800         -52,99996           0,03963
           8,15000       -1800,31300         299,82300         -12,18700         -52,87233           0,03325
           8,20000       -1800,31400         299,82200         -12,18800         -53,06378           0,05237
           8,25000       -1800,31300         299,82300         -12,23700         -53,31904          -0,02410
           8,30000       -1800,31200         299,82200         -12,23800         -52,87233           0,05237
           8,35000       -1800,31300         299,82300         -12,23800         -53,06378           0,02688
           8,40000       -1800,31300         299,82200         -12,28700         -52,36181           0,01413
           8,45000       -1800,31400         299,82300         -12,28800         -53,12759           0,02688
           8,50000       -1800,31300         299,82300         -12,33700         -53,44667           0,00139
           8,55000       -1800,31300         299,82300         -12,33700         -53,38285           0,05237
           8,60000       -1800,31300         299,82200         -12,33700         -53,25522           0,03963
           8,65000       -1800,31300         299,82300         -12,33700         -52,74470           0,01413
           8,70000       -1800,31300         299,82300         -12,38800         -52,93615           0,04600
           8,75000       -1800,31300         299,82200         -12,38800         -53,31904           0,02688
           8,80000       -1800,31300         299,82100         -12,43800         -53,06378           0,00776
           8,85000       -1800,31300         299,82200         -12,43900         -53,57430           0,00776
           8,90000       -1800,31300         299,82200         -12,44000         -53,19141           0,03325
           8,95000       -1800,31400         299,82200         -12,48900         -52,99996           0,03325
           9,00000       -1800,31400         299,82300         -12,49000         -52,36181           0,03325
           9,05000       -1800,31300         299,82300         -12,48900         -52,93615           0,04600
           9,10000       -1800,31300         299,82200         -12,54100         -53,25522           0,01413
           9,15000       -1800,31300         299,82300         -12,54100         -52,68089           0,00776
           9,20000       -1800,31300         299,82300         -12,54200         -52,36181           0,01413
           9,25000       -1800,31300         299,82200         -12,59000         -52,99996           0,01413
           9,30000       -1800,31300         299,82200         -12,59100         -52,80852           0,03963
           9,35000       -1800,31300         299,82200         -12,59100         -53,12759           0,03963
           9,40000       -1800,31300         299,82200         -12,64100         -53,06378          -0,01136
           9,45000       -1800,31300         299,82300         -12,64100         -53,12759          -0,00498
           9,50000       -1800,31300         299,82200         -12,64100         -52,55326           0,05237
           9,55000       -1800,31400         299,82300         -12,68900         -52,93615           0,02688
           9,60000       -1800,31300         299,82200         -12,69100         -53,31904           0,02688
           9,65000       -1800,31400         299,82200         -12,69200         -52,68089           0,03325
           9,70000       -1800,31400         299,82200         -12,74100         -52,93615           0,01413
           9,75000       -1800,31400         299,82200         -12,74200         -52,55326           0,02051
           9,80000       -1800,31300         299,82200         -12,74200         -52,68089           0,00139
           9,85000       -1800,31400         299,82200         -12,79200         -52,48944          -0,00498
           9,90000       -1800,31300         299,82300         -12,79200         -53,31904           0,01413
           9,95000       -1800,31400         299,82300         -12,84000         -52,99996          -0,01773
          10,00000       -1800,31300         299,82300         -12,84100         -52,74470           0,02688
          10,05000       -1800,31200         299,82200         -12,84200         -52,74470           0,02688
          10,10000       -1800,31400         299,82200         -12,85100         -52,68089           0,02051
          10,15000       -1800,31400         299,82300         -12,89100         -52,61707           0,04600
          10,20000       -1800,31300         299,82300         -12,89200         -52,48944           0,04600
          10,25000       -1800,31300         299,82300         -12,94100         -53,12759           0,02051
          10,30000       -1800,31300         299,82300         -12,94200         -52,93615           0,00776
          10,35000       -1800,31300         299,82300         -12,96800         -52,99996          -0,01773
          10,40000       -1800,31300         299,82300         -12,99300         -52,61707           0,02688
          10,45000       -1800,31300         299,82300         -12,99300         -53,06378          -0,01773
          10,50000       -1800,31300         299,82200         -13,00000         -52,93615           0,05237
          10,55000       -1800,31300         299,82200         -13,04100         -53,19141           0,03325
          10,60000       -1800,31300         299,82200         -13,04100         -53,31904           0,02051
          10,65000       -1800,31300         299,82200         -13,09200         -52,68089           0,04600
          10,70000       -1800,31300         299,82300         -13,09200         -52,87233           0,01413
          10,75000       -1800,31300         299,82200         -13,09200         -52,61707           0,03325
          10,80000       -1800,31300         299,82100         -13,14000         -52,99996           0,02688
          10,85000       -1800,31200         299,82200         -13,14100         -52,80852           0,02051
          10,90000       -1800,31300         299,82300         -13,14100         -52,80852           0,02051
          10,95000       -1800,31300         299,82200         -13,19200         -52,42563           0,03325
          11,00000       -1800,31300         299,82300         -13,19300         -52,42563           0,00776
          11,05000       -1800,31300         299,82200         -13,24300         -52,61707           0,05874
          11,10000       -1800,31300         299,82300         -13,24200         -53,25522           0,03325
          11,15000       -1800,31300         299,82300         -13,24300         -53,63811           0,01413
          11,20000       -1800,31300         299,82200         -13,29300         -52,93615           0,04600
          11,25000       -1800,31300         299,82300         -13,29300         -52,87233           0,00776
          11,30000       -1800,31400         299,82300         -13,34300         -52,87233           0,02688
          11,35000       -1800,31400         299,82200         -13,34400         -53,19141           0,00139
          11,40000       -1800,31400         299,82300         -13,34400         -52,80852          -0,00498
          11,45000       -1800,31300         299,82300         -13,39200         -52,93615          -0,01773
          11,50000       -1800,31300         299,82200         -13,39300         -52,61707           0,01413
          11,55000       -1800,31200         299,82300         -13,44400         -52,61707          -0,00498
          11,60000       -1800,31400         299,82300         -13,44400         -53,06378           0,02688
          11,65000       -1800,31300         299,82300         -13,44500         -53,12759           0,02688
          11,70000       -1800,31400         299,82200         -13,49400         -52,68089           0,06512
          11,75000       -1800,31400         299,82300         -13,49400         -53,38285           0,05237
          11,80000       -1800,31300         299,82200         -13,53600         -53,44667           0,00776
          11,85000       -1800,31300         299,82300         -13,54400         -52,42563           0,01413
          11,90000       -1800,31300         299,82300         -13,54400         -52,87233           0,05237
          11,95000       -1800,31400         299,82200         -13,54400         -52,80852           0,01413
          12,00000       -1800,31400         299,82300         -13,59200         -53,12759           0,02688
          12,05000       -1800,31400         299,82300         -13,59200         -52,23418           0,08424
          12,10000       -1800,31400         299,82200         -13,59300         -53,12759           0,05237
          12,15000       -1800,31400         299,82300         -13,64200         -52,99996           0,03963
          12,20000       -1800,31300         299,82300         -13,64200         -52,87233           0,05237
          12,25000       -1800,31400         299,82200         -13,69200         -53,19141           0,01413
          12,30000       -1800,31300         299,82200         -13,69300         -53,25522           0,00776
          12,35000       -1800,31300         299,82300         -13,69300         -52,42563           0,00776
          12,40000       -1800,31300         299,82200         -13,74300         -52,36181           0,02688
          12,45000       -1800,31300         299,82300         -13,74300         -53,31904           0,03325
          12,50000       -1800,31300         299,82300         -13,74400         -52,93615           0,04600
          12,55000       -1800,31200         299,82200         -13,79400         -52,68089           0,02051
          12,60000       -1800,31200         299,82300         -13,79400         -53,06378           0,00776
          12,65000       -1800,31300         299,82200         -13,81100         -52,61707           0,00776
          12,70000       -1800,31200         299,82200         -13,84500         -52,87233           0,01413
          12,75000       -1800,31300         299,82300         -13,84500         -52,87233           0,01413
          12,80000       -1800,31200         299,82300         -13,89400         -52,80852          -0,01773
          12,85000       -1800,31300         299,82200         -13,89400         -53,06378          -0,00498
          12,90000       -1800,31300         299,82300         -13,89500         -53,70193           0,01413
          12,95000       -1800,31300         299,82300         -13,94500         -53,06378           0,01413
          13,00000       -1800,31300         299,82300         -13,94600         -52,93615           0,01413
          13,05000       -1800,31200         299,82200         -13,94600         -52,74470           0,05237
          13,10000       -1800,31300         299,82300         -13,99500         -52,55326           0,01413
          13,15000       -1800,31300         299,82300         -13,99500         -52,36181           0,00776
          13,20000       -1800,31300         299,82200         -14,04500         -52,68089           0,03325
          13,25000       -1800,31300         299,82200         -14,04500         -52,48944           0,03963
          13,30000       -1800,31300         299,82200         -14,04600         -53,25522           0,02051
          13,35000       -1800,31300         299,82300         -14,09400         -52,80852           0,00776
          13,40000       -1800,31200         299,82300         -14,09500         -53,31904           0,03325
          13,45000       -1800,31300         299,82300         -14,09500         -52,42563           0,04600
          13,50000       -1800,31300         299,82300         -14,14200         -52,93615           0,00139
          13,55000       -1800,31300         299,82300         -14,14300         -52,99996           0,02051
          13,60000       -1800,31300         299,82200         -14,19200         -52,99996           0,02051
          13,65000       -1800,31300         299,82200         -14,19300         -52,80852           0,05874
          13,70000       -1800,31300         299,82200         -14,19300         -53,19141           0,00776
          13,75000       -1800,31300         299,82300         -14,24400         -53,12759          -0,00498
          13,80000       -1800,31300         299,82400         -14,24500         -53,06378          -0,01136
          13,85000       -1800,31300         299,82200         -14,29400         -52,80852           0,02688
          13,90000       -1800,31300         299,82300         -14,29500         -52,74470           0,00776
          13,95000       -1800,31400         299,82200         -14,29400         -52,93615           0,03325
          14,00000       -1800,31400         299,82200         -14,33300         -52,17037           0,03325
          14,05000       -1800,31300         299,82300         -14,34400         -53,31904           0,02051
          14,10000       -1800,31400         299,82200         -14,34600         -53,44667           0,00139
          14,15000       -1800,31300         299,82200         -14,39400         -52,61707           0,02051
          14,20000       -1800,31300         299,82200         -14,39400         -52,80852           0,05237
          14,25000       -1800,31300         299,82300         -14,39400         -52,61707           0,01413
          14,30000       -1800,31300         299,82300         -14,44400         -52,74470           0,01413
          14,35000       -1800,31400         299,82300         -14,44400         -53,12759          -0,00498
          14,40000       -1800,31300         299,82100         -14,45000         -53,51048           0,03325
          14,45000       -1800,31400         299,82200         -14,49500         -53,12759           0,00139
          14,50000       -1800,31300         299,82300         -14,49500         -53,82956           0,00139
          14,55000       -1800,31300         299,82300         -14,49500         -53,12759          -0,00498
          14,60000       -1800,31400         299,82200         -14,54400         -52,55326           0,03325
          14,65000       -1800,31300         299,82200         -14,54400         -52,87233          -0,00498
          14,70000       -1800,31300         299,82400         -14,54500         -53,25522           0,03325
          14,75000       -1800,31300         299,82200         -14,59500         -52,68089           0,02688
          14,80000       -1800,31300         299,82200         -14,59500         -52,93615           0,03325
          14,85000       -1800,31300         299,82200         -14,63200         -53,12759           0,00776
          14,90000       -1800,31300         299,82200         -14,64400         -53,12759           0,00776
          14,95000       -1800,31300         299,82200         -14,64400         -53,06378           0,01413
          15,00000       -1800,31200         299,82300         -14,69400         -53,19141           0,05874
          15,05000       -1800,31300         299,82300         -14,69500         -52,80852          -0,00498
          15,10000       -1800,31300         299,82300         -14,69500         -52,48944           0,03325
          15,15000       -1800,31300         299,82300         -14,74500         -52,93615           0,02688
          15,20000       -1800,31300         299,82300         -14,74600         -52,68089           0,02051
          15,25000       -1800,31400         299,82300         -14,79400         -52,87233           0,04600
          15,30000       -1800,31300         299,82200         -14,79500         -52,42563           0,03963
          15,35000       -1800,31400         299,82200         -14,79500         -52,68089           0,00139
          15,40000       -1800,31200         299,82300         -14,84500         -52,36181           0,03325
          15,45000       -1800,31300         299,82200         -14,84400         -52,29800           0,03325
          15,50000       -1800,31300         299,82300         -14,84500         -52,61707           0,02688
          15,55000       -1800,31300         299,82200         -14,89400         -52,42563           0,03325
          15,60000       -1800,31400         299,82300         -14,89500         -52,80852           0,03963
          15,65000       -1800,31400         299,82200         -14,94300         -53,38285           0,03325
          15,70000       -1800,31400         299,82300         -14,94400         -52,48944           0,03963
          15,75000       -1800,31300         299,82200         -14,93800         -52,36181           0,04600
          15,80000       -1800,31300         299,82200         -14,99400         -52,61707           0,02688
          15,85000       -1800,31300         299,82300         -14,99400         -52,87233          -0,01136
          15,90000       -1800,31300         299,82300         -14,99500         -52,42563           0,03325
          15,95000       -1800,31300         299,82300         -15,04400         -52,61707           0,05874
          16,00000       -1800,31300         299,82200         -15,04500         -52,80852          -0,00498
          16,05000       -1800,31300         299,82300         -15,04500         -52,80852           0,05237
          16,10000       -1800,31300         299,82300         -15,09400         -52,36181           0,00139
          16,15000       -1800,31300         299,82300         -15,09400         -52,42563           0,00776
          16,20000       -1800,31400         299,82300         -15,09500         -53,57430           0,03325
          16,25000       -1800,31400         299,82300         -15,14400         -52,99996           0,02688
          16,30000       -1800,31300         299,82300         -15,14400         -52,68089          -0,00498
          16,35000       -1800,31300         299,82300         -15,17400         -51,91511           0,05237
          16,40000       -1800,31300         299,82300         -15,19500         -52,61707           0,03963
          16,45000       -1800,31300         299,82300         -15,19500         -52,87233           0,03325
          16,50000       -1800,31400         299,82200         -15,24300         -53,38285           0,00776
          16,55000       -1800,31400         299,82300         -15,24400         -52,61707           0,03963
          16,60000       -1800,31400         299,82200         -15,29300         -52,10655           0,05874
          16,65000       -1800,31400         299,82300         -15,29200         -52,93615           0,00776
          16,70000       -1800,31400         299,82300         -15,29200         -52,93615           0,05237
          16,75000       -1800,31400         299,82300         -15,34200         -52,80852           0,04600
          16,80000       -1800,31400         299,82400         -15,34300         -53,25522           0,02051
          16,85000       -1800,31400         299,82300         -15,34400         -51,72366           0,03325
          16,90000       -1800,31400         299,82300         -15,39300         -52,48944           0,03963
          16,95000       -1800,31300         299,82300         -15,39300         -51,27696           0,01413
          17,00000       -1800,31300         299,82400         -15,39300         -52,55326          -0,01136
          17,05000       -1800,31400         299,82400         -15,44200         -53,06378           0,00776
          17,10000       -1800,31300         299,82300         -15,44300         -52,10655           0,05874
          17,15000       -1800,31400         299,82400         -15,44400         -51,53222           0,00139
          17,20000       -1800,31300         299,82300         -15,49200         -52,74470           0,02688
          17,25000       -1800,31400         299,82300         -15,49300         -50,63880           0,02051
          17,30000       -1800,31400         299,82300         -15,54100         -52,80852           0,00776
          17,35000       -1800,31400         299,82400         -15,54200         -52,61707           0,00776
          17,40000       -1800,31400         299,82300         -15,54200         -52,36181           0,01413
          17,45000       -1800,31300         299,82200         -15,59200         -52,93615           0,00139
          17,50000       -1800,31300         299,82300         -15,59300         -50,25591           0,05237
          17,55000       -1800,31300         299,82300         -15,64400         -52,48944           0,02051
          17,60000       -1800,31400         299,82200         -15,64400         -52,10655          -0,00498
          17,65000       -1800,31400         299,82300         -15,64400         -52,61707           0,00776
          17,70000       -1800,31300         299,82300         -15,69200         -52,42563           0,00776
          17,75000       -1800,31400         299,82300         -15,69300         -50,89407           0,00776
          17,80000       -1800,31300         299,82300         -15,74200         -50,83025           0,02688
          17,85000       -1800,31400         299,82200         -15,74300         -50,83025           0,02051
          17,90000       -1800,31400         299,82300         -15,74300         -51,85129           0,04600
          17,95000       -1800,31400         299,82200         -15,79300         -50,63880           0,02051
          18,00000       -1800,31400         299,82200         -15,79400         -52,10655           0,06512
          18,05000       -1800,31400         299,82300         -15,79400         -50,31973           0,06512
          18,10000       -1800,31400         299,82200         -15,84100         -51,14933           0,00776
          18,15000       -1800,31400         299,82300         -15,84300         -50,63880           0,00139
          18,20000       -1800,31400         299,82200         -15,84300         -50,89407           0,07149
          18,25000       -1800,31400         299,82300         -15,89100         -52,17037           0,02688
          18,30000       -1800,31400         299,82200         -15,89200         -49,49013           0,02051
          18,35000       -1800,31300         299,82300         -15,94200         -51,65985           0,04600
          18,40000       -1800,31400         299,82300         -15,94300         -51,85129           0,03325
          18,45000       -1800,31400         299,82200         -15,94300         -49,93684           0,02051
          18,50000       -1800,31300         299,82200         -15,96900         -51,65985           0,01413
          18,55000       -1800,31300         299,82200         -15,99300         -51,97892           0,01413
          18,60000       -1800,31300         299,82300         -15,99300         -49,80921           0,02051
          18,65000       -1800,31300         299,82300         -15,99300         -51,85129           0,00776
          18,70000       -1800,31400         299,82300         -16,04200         -50,70262           0,05237
          18,75000       -1800,31300         299,82200         -16,04200         -50,19210           0,00139
          18,80000       -1800,31400         299,82300         -16,09100         -50,83025           0,00776
          18,85000       -1800,31400         299,82300         -16,09200         -50,12828          -0,01136
          18,90000       -1800,31400         299,82200         -16,09300         -52,17037           0,03963
          18,95000       -1800,31400         299,82200         -16,14300         -49,23487           0,03325
          19,00000       -1800,31400         299,82200         -16,14300         -50,51117           0,01413
          19,05000       -1800,31400         299,82200         -16,17300         -49,36250           0,02051
          19,10000       -1800,31400         299,82300         -16,19300         -50,63880           0,02051
          19,15000       -1800,31400         299,82300         -16,19400         -52,10655           0,07149
          19,20000       -1800,31400         299,82300         -16,24300         -49,17106           0,03325
          19,25000       -1800,31400         299,82300         -16,24300         -49,23487           0,02051
          19,30000       -1800,31400         299,82200         -16,24400         -48,66054           0,02688
          19,35000       -1800,31400         299,82200         -16,29200         -49,04343           0,04600
          19,40000       -1800,31400         299,82300         -16,29200         -52,23418           0,01413
          19,45000       -1800,31400         299,82300         -16,34100         -50,89407          -0,01136
          19,50000       -1800,31400         299,82300         -16,34300         -49,68158           0,00139
          19,55000       -1800,31400         299,82200         -16,34200         -50,83025           0,05237
          19,60000       -1800,31400         299,82300         -16,39200         -49,93684           0,02051
          19,65000       -1800,31400         299,82300         -16,39100         -51,85129           0,00776
          19,70000       -1800,31400         299,82100         -16,44300         -48,78817          -0,00498
          19,75000       -1800,31400         299,82300         -16,44300         -48,40528           0,02688
          19,80000       -1800,31400         299,82300         -16,44200         -48,59672           0,01413
          19,85000       -1800,31400         299,82200         -16,44300         -48,53291           0,01413
          19,90000       -1800,31400         299,82300         -16,49300         -48,91580           0,02688
          19,95000       -1800,31400         299,82300         -16,49300         -52,17037           0,02051
          20,00000       -1800,31400         299,82300         -16,49400         -52,29800           0,07786
          20,05000       -1800,31400         299,82300         -16,54400         -49,42632           0,03963
          20,10000       -1800,31300         299,82200         -16,54500         -49,87302           0,02051
          20,15000       -1800,31400         299,82200         -16,54500         -49,04343           0,04600
          20,20000       -1800,31400         299,82300         -16,59300         -47,89476           0,02688
          20,25000       -1800,31400         299,82300         -16,59400         -49,55395           0,01413
          20,30000       -1800,31300         299,82300         -16,63500         -51,97892           0,02051
          20,35000       -1800,31400         299,82300         -16,64300         -47,63950           0,00139
          20,40000       -1800,31400         299,82200         -16,64300         -47,51187           0,02688
          20,45000       -1800,31400         299,82300         -16,69200         -47,06516           0,02051
          20,50000       -1800,31300         299,82300         -16,69400         -48,02239           0,00776
          20,55000       -1800,31400         299,82300         -16,69400         -52,29800           0,02688
          20,60000       -1800,31400         299,82300         -16,74300         -51,02170           0,01413
          20,65000       -1800,31400         299,82300         -16,74300         -50,76643           0,03963
          20,70000       -1800,31400         299,82300         -16,74400         -50,57499           0,03325
          20,75000       -1800,31300         299,82300         -16,79300         -50,25591           0,00776
          20,80000       -1800,31400         299,82300         -16,79400         -51,21314           0,00139
          20,85000       -1800,31300         299,82300         -16,84300         -50,95788           0,03963
          20,90000       -1800,31400         299,82300         -16,84400         -51,21314          -0,00498
          20,95000       -1800,31400         299,82300         -16,84300         -51,78748           0,00776
          21,00000       -1800,31400         299,82400         -16,89200         -52,10655           0,02688
          21,05000       -1800,31400         299,82400         -16,89300         -44,95926           0,01413
          21,10000       -1800,31400         299,82300         -16,94200         -52,17037           0,05237
          21,15000       -1800,31400         299,82300         -16,94400         -50,89407           0,03963
          21,20000       -1800,31400         299,82300         -16,94400         -52,23418           0,03325
          21,25000       -1800,31400         299,82300         -16,99100         -51,34077           0,00139
          21,30000       -1800,31400         299,82300         -16,99300         -51,53222           0,03325
          21,35000       -1800,31400         299,82300         -16,99300         -52,23418           0,00139
          21,40000       -1800,31400         299,82300         -17,00900         -51,46840           0,02051
          21,45000       -1800,31400         299,82300         -17,04200         -43,61915           0,00776
          21,50000       -1800,31400         299,82200         -17,07100         -51,72366           0,00776
          21,55000       -1800,31400         299,82300         -17,09300         -51,72366           0,02051
          21,60000       -1800,31300         299,82300         -17,09300         -52,29800           0,00776
          21,65000       -1800,31200         299,82200         -17,09200         -51,46840           0,02051
          21,70000       -1800,31400         299,82300         -17,14200         -39,79024           0,02688
          21,75000       -1800,31300         299,82400         -17,14300         -51,72366           0,00776
          21,80000       -1800,31300         299,82300         -17,19400         -51,97892           0,06512
          21,85000       -1800,31400         299,82300         -17,19400         -51,91511          -0,01773
          21,90000       -1800,31400         299,82300         -17,19400         -51,97892           0,01413
          21,95000       -1800,31300         299,82200         -17,24300         -37,17382          -0,01136
          22,00000       -1800,31400         299,82300         -17,24300         -51,65985           0,01413
          22,05000       -1800,31400         299,82300         -17,29100         -51,65985          -0,02410
          22,10000       -1800,31400         299,82300         -17,29300         -50,25591           0,00139
          22,15000       -1800,31400         299,82300         -17,29200         -49,17106           0,01413
          22,20000       -1800,31300         299,82300         -17,34200         -33,08966          -0,01773
          22,25000       -1800,31400         299,82300         -17,34300         -46,49082           0,05874
          22,30000       -1800,31400         299,82300         -17,34300         -51,21314           0,02051
          22,35000       -1800,31400         299,82400         -17,37300         -51,46840           0,03963
          22,40000       -1800,31500         299,82300         -17,39100         -47,12897           0,03963
          22,45000       -1800,31500         299,82300         -17,39200         -49,74539           0,02051
          22,50000       -1800,31400         299,82300         -17,44300         -31,94098          -0,01136
          22,55000       -1800,31400         299,82300         -17,44300         -38,76920           0,02688
          22,60000       -1800,31400         299,82300         -17,46100         -30,60087           0,01413
          22,65000       -1800,31400         299,82400         -17,49200         -37,62053           0,02051
          22,70000       -1800,31400         299,82300         -17,49300         -49,80921           0,03963
          22,75000       -1800,31400         299,82300         -17,54200         -43,10862           0,00776
          22,80000       -1800,31400         299,82300         -17,54200         -37,17382          -0,01136
          22,85000       -1800,31400         299,82300         -17,54300         -28,49497           0,04600
          22,90000       -1800,31500         299,82300         -17,59200         -34,11070           0,00139
          22,95000       -1800,31400         299,82300         -17,59300         -27,66537           0,05874
          23,00000       -1800,31400         299,82300         -17,59300         -35,00411           0,00776
          23,05000       -1800,31500         299,82200         -17,64200         -25,17658           0,07786
          23,10000       -1800,31500         299,82300         -17,64300         -50,70262           0,02688
          23,15000       -1800,31400         299,82300         -17,69200         -18,85889           0,01413
          23,20000       -1800,31500         299,82300         -17,69200         -22,94306           0,02688
          23,25000       -1800,31500         299,82300         -17,69300         -42,59810           0,04600
          23,30000       -1800,31500         299,82200         -17,72500         -44,57637           0,02051
          23,35000       -1800,31400         299,82200         -17,74200         -47,06516           0,03325
          23,40000       -1800,31500         299,82300         -17,74200         -48,40528           0,00139
          23,45000       -1800,31400         299,82300         -17,79400         -50,12828           0,00776
          23,50000       -1800,31500         299,82300         -17,79400         -48,27765           0,03325
          23,55000       -1800,31400         299,82200         -17,79400         -50,00065           0,05874
          23,60000       -1800,31400         299,82300         -17,84300         -53,12759           0,00139
          23,65000       -1800,31500         299,82300         -17,84300         -52,04274           0,03963
          23,70000       -1800,31400         299,82200         -17,89200         -50,57499           0,02051
          23,75000       -1800,31400         299,82300         -17,89400         -51,34077           0,01413
          23,80000       -1800,31400         299,82300         -17,89400         -52,04274           0,02688
          23,85000       -1800,31400         299,82200         -17,93400         -52,99996           0,03325
          23,90000       -1800,31400         299,82200         -17,94300         -51,65985           0,00776
          23,95000       -1800,31400         299,82200         -17,94300         -51,85129           0,02051
          24,00000       -1800,31400         299,82200         -17,99100         -51,34077          -0,01136
          24,05000       -1800,31400         299,82300         -17,99200         -51,97892           0,04600
          24,10000       -1800,31400         299,82300         -17,99300         -52,17037           0,03325
          24,15000       -1800,31400         299,82200         -18,04300         -53,38285           0,00776
          24,20000       -1800,31400         299,82300         -18,04400         -51,65985           0,03963
          24,25000       -1800,31400         299,82200         -18,04300         -51,08551           0,03325
          24,30000       -1800,31400         299,82300         -18,09200         -53,44667           0,05237
          24,35000       -1800,31400         299,82200         -18,09200         -51,02170           0,02688
          24,40000       -1800,31400         299,82200         -18,09300         -51,91511           0,00139
          24,45000       -1800,31400         299,82200         -18,14200         -52,68089           0,03963
          24,50000       -1800,31400         299,82300         -18,14300         -50,57499           0,00139
          24,55000       -1800,31400         299,82300         -18,19300         -51,97892           0,00776
          24,60000       -1800,31400         299,82300         -18,19400         -52,68089           0,03963
          24,65000       -1800,31400         299,82300         -18,19500         -52,04274           0,04600
          24,70000       -1800,31400         299,82300         -18,24400         -52,61707           0,02688
          24,75000       -1800,31400         299,82300         -18,24400         -49,80921           0,03963
          24,80000       -1800,31400         299,82200         -18,29200         -54,14863          -0,02410
          24,85000       -1800,31400         299,82300         -18,29300         -53,51048           0,03963
          24,90000       -1800,31400         299,82400         -18,29300         -54,14863          -0,01773
          24,95000       -1800,31300         299,82200         -18,34200         -53,06378           0,02051
          25,00000       -1800,31400         299,82300         -18,34300         -45,15071           0,02051
          25,05000       -1800,31300         299,82300         -18,34400         -53,38285           0,03963
          25,10000       -1800,31400         299,82300         -18,39300         -53,95719           0,01413
          25,15000       -1800,31400         299,82300         -18,39300         -54,59534           0,02688
          25,20000       -1800,31500         299,82400         -18,39300         -55,61638           0,02688
          25,25000       -1800,31400         299,82300         -18,44300         -47,32042           0,02051
          25,30000       -1800,31500         299,82300         -18,44300         -54,46771           0,04600
          25,35000       -1800,31400         299,82400         -18,49500         -52,48944           0,03963
          25,40000       -1800,31400         299,82400         -18,49500         -53,70193           0,03325
          25,45000       -1800,31500         299,82300         -18,49600         -53,06378           0,03325
          25,50000       -1800,31400         299,82300         -18,54500         -49,93684           0,03325
          25,55000       -1800,31400         299,82300         -18,54500         -48,40528           0,03325
          25,60000       -1800,31400         299,82300         -18,54500         -32,96203           0,02688
          25,65000       -1800,31300         299,82300         -18,59400         -51,91511           0,00139
          25,70000       -1800,31500         299,82300         -18,59500         -52,55326           0,05237
          25,75000       -1800,31400         299,82300         -18,59500         -54,72297           0,03325
          25,80000       -1800,31400         299,82400         -18,64300         -53,57430           0,00776
          25,85000       -1800,31400         299,82300         -18,64400         -54,59534           0,01413
          25,90000       -1800,31400         299,82200         -18,66400          -0,73541           0,04600
          25,95000       -1800,31400         299,82300         -18,69400         -66,78402           0,02051
          26,00000       -1800,31400         299,82300         -18,69400         -66,78402           0,03963
          26,05000       -1800,31500         299,82300         -18,74400         -54,72297           0,05237
          26,10000       -1800,31400         299,82300         -18,74500         -52,55326          -0,01136
          26,15000       -1800,31400         299,82300         -18,74500         -73,67605           0,00139
          26,20000       -1800,31400         299,82300         -18,79400         104,55949           0,02051
          26,25000       -1800,31500         299,82300         -18,79500         154,52671           0,02688
          26,30000       -1800,31400         299,82300         -18,79500         -50,19210           0,01413
          26,35000       -1800,31500         299,82400         -18,84400         -21,85820          -0,01136
          26,40000       -1800,31400         299,82300         -18,84500         267,79849           0,03963
          26,45000       -1800,31400         299,82300         -18,89400         -49,61776           0,00139
          26,50000       -1800,31400         299,82300         -18,89500         -55,23349           0,00776
          26,55000       -1800,31400         299,82300         -18,89500         -13,11553           0,01413
          26,60000       -1800,31400         299,82300         -18,94600         125,55466           0,09061
          26,65000       -1800,31400         299,82300         -18,94600         148,78335           0,03325
          26,70000       -1800,31500         299,82300         -18,99500         124,02309           0,05237
          26,75000       -1800,31400         299,82300         -18,99400          56,18765           0,02051
          26,80000       -1800,31400         299,82400         -18,99500         -55,04205           0,01413
          26,85000       -1800,31500         299,82300         -19,04100           4,11454           0,02688
          26,90000       -1800,31400         299,82300         -19,04500         -27,53774           0,03325
          26,95000       -1800,31500         299,82200         -19,04500         150,25110           0,00776
          27,00000       -1800,31500         299,82200         -19,06600         339,01613           0,02688
          27,05000       -1800,31400         299,82300         -19,09600         363,64875           0,03325
          27,10000       -1800,31400         299,82300         -19,13700         320,70120           0,03963
          27,15000       -1800,31500         299,82300         -19,14500         173,92649           0,00139
          27,20000       -1800,31500         299,82400         -19,14600         345,46145          -0,01136
          27,25000       -1800,31500         299,82400         -19,14600         233,14690           0,00776
          27,30000       -1800,31500         299,82400         -19,19600         295,62187           0,02051
          27,35000       -1800,31400         299,82400         -19,19600         300,47182           0,00139
          27,40000       -1800,31500         299,82400         -19,24700         882,72069           0,02051
          27,45000       -1800,31500         299,82400         -19,24700         315,34073          -0,01136
          27,50000       -1800,31500         299,82300         -19,24800         467,60353          -0,01773
          27,55000       -1800,31400         299,82400         -19,24800         743,22090           0,00139
          27,60000       -1800,31000         299,82100         -12,12900         -53,19141           0,03325
          27,65000       -1800,31100         299,82200         -10,46400         -53,31904           0,01413
          27,70000       -1800,31000         299,82100         -10,46400         -53,19141           0,03325
          27,75000       -1800,31000         299,82200         -10,46400         -53,19141          -0,00498
          27,80000       -1800,31000         299,82100         -10,46500         -52,99996           0,03325
          27,85000       -1800,31000         299,82200         -10,46400         -53,76574           0,04600
          27,90000       -1800,31000         299,82100         -10,46500         -52,99996           0,04600
          27,95000       -1800,31000         299,82200         -10,46400         -53,31904           0,01413
          28,00000       -1800,31000         299,82100         -10,46400         -52,93615           0,03963
          28,05000       -1800,31000         299,82200         -10,46500         -53,06378           0,04600
          28,10000       -1800,31100         299,82100         -10,46500         -53,51048           0,01413
          28,15000       -1800,31000         299,82200         -10,46400         -53,12759           0,05237
          28,20000       -1800,31000         299,82200         -10,46400         -52,48944           0,01413
          28,25000       -1800,31000         299,82100         -10,46500         -52,93615           0,02688
          28,30000       -1800,31000         299,82200         -10,46500         -52,87233           0,00139
          28,35000       -1800,31000         299,82100         -10,46400         -53,19141           0,00139
          28,40000       -1800,31000         299,82100         -10,46400         -53,51048           0,04600
          28,45000       -1800,31000         299,82100         -10,46500         -52,99996           0,02688
          28,50000       -1800,31100         299,82200         -10,46400         -53,06378           0,01413
          28,55000       -1800,31100         299,82100         -10,46400         -53,12759          -0,00498
          28,60000       -1800,31000         299,82200         -10,46500         -52,80852           0,02688
          28,65000       -1800,31100         299,82200         -10,46400         -53,19141           0,00776
          28,70000       -1800,31000         299,82100         -10,46400         -53,25522          -0,00498
          28,75000       -1800,31000         299,82200         -10,46500         -52,80852           0,02688
          28,80000       -1800,31100         299,82100         -10,46400         -52,87233           0,03325
          28,85000       -1800,31000         299,82200         -10,46500         -52,99996           0,03325
          28,90000       -1800,31000         299,82200         -10,46500         -53,44667           0,03963
          28,95000       -1800,31000         299,82200         -10,46400         -53,51048          -0,01136
          29,00000       -1800,31100         299,82100         -10,46500         -52,93615          -0,01136
          29,05000       -1800,31100         299,82100         -10,46500         -53,76574          -0,01136
          29,10000       -1800,31100         299,82100         -10,46500         -53,12759           0,03963
          29,15000       -1800,31000         299,82200         -10,46400         -52,87233           0,05874
          29,20000       -1800,31100         299,82200         -10,46400         -53,63811           0,06512
          29,25000       -1800,31000         299,82100         -10,46400         -53,31904          -0,00498
          29,30000       -1800,31100         299,82100         -10,46500         -53,25522          -0,00498
          29,35000       -1800,31000         299,82200         -10,46500         -52,74470           0,01413
          29,40000       -1800,31000         299,82100         -10,46500         -53,63811           0,03963
          29,45000       -1800,31000         299,82200         -10,46500         -52,99996           0,00776
          29,50000       -1800,31000         299,82200         -10,46400         -53,57430           0,01413
          29,55000       -1800,31000         299,82200         -10,46500         -53,25522           0,03963
          29,60000       -1800,31000         299,82200         -10,46500         -53,31904           0,00776
          29,65000       -1800,31000         299,82100         -10,46500         -53,19141           0,00776
          29,70000       -1800,31100         299,82200         -10,46500         -53,06378           0,03325
          29,75000       -1800,31000         299,82100         -10,46500         -53,31904           0,00139
          29,80000       -1800,31100         299,82100         -10,46400         -53,06378           0,02688
          29,85000       -1800,31100         299,82100         -10,46400         -52,99996           0,02688
          29,90000       -1800,31100         299,82200         -10,46500         -52,74470           0,02051
          29,95000       -1800,31000         299,82200         -10,46500         -53,19141          -0,02410
          30,00000       -1800,31000         299,82100         -10,46400         -53,31904           0,05874
          30,05000       -1800,31000         299,82100         -10,46400         -53,12759           0,02051
          30,10000       -1800,31000         299,82200         -10,46500         -53,70193           0,02688
          30,15000       -1800,31000         299,82100         -10,46400         -53,51048           0,05237
          30,20000       -1800,31100         299,82100         -10,46400         -53,57430           0,00139
          30,25000       -1800,31000         299,82100         -10,46500         -54,08482           0,03963
