
// =========================================================================================================
// 2026-04-17, 11:28:25
//        Time [s]        Pos X [um]        Pos Y [um]        Pos Z [um]      Force A [uN]      Force B [uN]
// =========================================================================================================
           0,00000       17359,05800        3354,12200           0,54900         -19,11415           0,02688
           0,05000       17359,05800        3354,12200           0,54900         -19,05034           0,01413
           0,10000       17359,05800        3354,12100           0,55000         -18,66745           0,02688
           0,15000       17359,05800        3354,12100           0,54900         -19,49704          -0,00498
           0,20000       17359,05800        3354,12100           0,54900         -19,36941          -0,00498
           0,25000       17359,05800        3354,12100           0,54900         -18,66745          -0,00498
           0,30000       17359,05800        3354,12100           0,54800         -18,53981           0,05874
           0,35000       17359,05800        3354,12100           0,54800         -19,24178           0,03325
           0,40000       17359,05800        3354,12100           0,54900         -19,36941           0,00139
           0,45000       17359,05800        3354,12100           0,54900         -19,43323          -0,01773
           0,50000       17359,05800        3354,12100           0,54900         -19,05034           0,01413
           0,55000       17359,05800        3354,12100           0,54900         -18,15692           0,00776
           0,60000       17359,05800        3354,12000           0,54900         -19,30560           0,00776
           0,65000       17359,05800        3354,12200           0,54900         -19,87993           0,02051
           0,70000       17359,05800        3354,12100           0,54900         -18,85889           0,02688
           0,75000       17359,05800        3354,12200           0,54800         -18,73126           0,04600
           0,80000       17359,05800        3354,12100           0,54900         -18,66745           0,02051
           0,85000       17359,05800        3354,12100           0,54900         -18,79508           0,01413
           0,90000       17359,05900        3354,12100           0,54900         -19,62467           0,02688
           0,95000       17359,05800        3354,12100           0,54800         -18,92271           0,01413
           1,00000       17359,05800        3354,12100           0,54900         -18,79508           0,00776
           1,05000       17359,05800        3354,12100           0,54900         -18,92271           0,03325
           1,10000       17359,05900        3354,12100           0,54900         -19,49704           0,00139
           1,15000       17359,05800        3354,12100           0,54900         -19,30560           0,03325
           1,20000       17359,05900        3354,12100           0,54800         -19,24178           0,01413
           1,25000       17359,05700        3354,12100           0,54800         -18,66745           0,03325
           1,30000       17359,05800        3354,12100           0,54800         -19,30560           0,03325
           1,35000       17359,05800        3354,12100           0,54900         -18,92271           0,00139
           1,40000       17359,05800        3354,12100           0,54900         -19,56086           0,01413
           1,45000       17359,05700        3354,12200           0,54800         -18,28455           0,03963
           1,50000       17359,05800        3354,12000           0,54900         -18,79508          -0,00498
           1,55000       17359,05800        3354,12100           0,54900         -19,11415           0,03963
           1,60000       17359,05800        3354,12100           0,54900         -19,17797           0,00139
           1,65000       17359,05800        3354,12100           0,54900         -19,30560           0,00776
           1,70000       17359,05800        3354,12100           0,54800         -19,17797           0,00776
           1,75000       17359,05800        3354,12100           0,54800         -18,92271           0,03963
           1,80000       17359,05800        3354,12100           0,54900         -18,47600           0,03963
           1,85000       17359,05800        3354,12100           0,54900         -19,05034           0,02051
           1,90000       17359,05800        3354,12100           0,54900         -19,17797           0,04600
           1,95000       17359,05800        3354,12100           0,54900         -19,05034           0,02688
           2,00000       17359,05800        3354,12100           0,55000         -18,98652           0,02688
           2,05000       17359,05700        3354,12100           0,54900         -18,73126           0,04600
           2,10000       17359,05800        3354,12100           0,54900         -19,36941           0,03963
           2,15000       17359,05800        3354,12100           0,55000         -19,11415           0,05874
           2,20000       17359,05700        3354,12100           0,54900         -18,73126           0,01413
           2,25000       17359,05700        3354,12100           0,55000         -19,81612           0,03963
           2,30000       17359,05800        3354,12100           0,55000         -18,92271           0,03963
           2,35000       17359,05700        3354,12100           0,54900         -18,92271           0,01413
           2,40000       17359,05800        3354,12100           0,54900         -19,49704           0,02051
           2,45000       17359,05800        3354,12100           0,54800         -18,60363           0,08424
           2,50000       17359,05800        3354,12000           0,54900         -18,41218           0,03325
           2,55000       17359,05800        3354,12100           0,54900         -19,11415           0,01413
           2,60000       17359,05800        3354,12100           0,55000         -18,79508           0,03325
           2,65000       17359,05800        3354,12100           0,54800         -18,92271           0,02051
           2,70000       17359,05700        3354,12100           0,54900         -18,34837           0,03963
           2,75000       17359,05800        3354,12100           0,54900         -19,11415          -0,00498
           2,80000       17359,05800        3354,12100           0,54900         -19,17797           0,00139
           2,85000       17359,05800        3354,12100           0,54900         -19,11415           0,00139
           2,90000       17359,05900        3354,12100           0,54900         -19,43323          -0,01136
           2,95000       17359,05800        3354,12100           0,55000         -19,43323           0,01413
           3,00000       17359,05800        3354,12100           0,54900         -18,92271           0,02688
           3,05000       17359,05700        3354,12000           0,52400         -19,05034          -0,03685
           3,10000       17359,05800        3354,12100           0,52500         -19,05034           0,02051
           3,15000       17359,05800        3354,12200           0,53200         -19,11415           0,05874
           3,20000       17359,05800        3354,12100           0,52200         -19,11415           0,05874
           3,25000       17359,05700        3354,12100           0,52200         -19,05034           0,02051
           3,30000       17359,05800        3354,12200           0,52200         -18,53981           0,01413
           3,35000       17359,05800        3354,12200           0,52000         -19,24178           0,01413
           3,40000       17359,05700        3354,12200           0,52000         -19,17797           0,04600
           3,45000       17359,05800        3354,12100           0,51800         -18,92271          -0,00498
           3,50000       17359,05800        3354,12100           0,51700         -18,85889           0,03963
           3,55000       17359,05800        3354,12100           0,51700         -18,73126           0,03325
           3,60000       17359,05800        3354,12100           0,51500         -19,30560           0,03325
           3,65000       17359,05800        3354,12200           0,52200         -18,73126           0,05237
           3,70000       17359,05800        3354,12100           0,51200         -18,47600           0,02688
           3,75000       17359,05700        3354,12200           0,51100         -19,05034           0,03325
           3,80000       17359,05800        3354,12200           0,51100         -18,73126           0,01413
           3,85000       17359,05700        3354,12200           0,50900         -18,85889           0,01413
           3,90000       17359,05700        3354,12200           0,50800         -18,79508           0,00139
           3,95000       17359,05800        3354,12300           0,50800         -19,05034           0,03963
           4,00000       17359,05800        3354,12300           0,50600         -18,66745           0,04600
           4,05000       17359,05800        3354,12200           0,50600         -18,73126           0,03963
           4,10000       17359,05800        3354,12200           0,50300         -18,98652           0,04600
           4,15000       17359,05800        3354,12200           0,50200         -18,85889           0,03963
           4,20000       17359,05800        3354,12200           0,50200         -18,79508           0,00139
           4,25000       17359,05800        3354,12300           0,49000         -18,98652           0,03963
           4,30000       17359,05800        3354,12200           0,48900         -19,17797           0,03963
           4,35000       17359,05800        3354,12200           0,48900         -19,30560          -0,01773
           4,40000       17359,05800        3354,12200           0,45200         -19,05034           0,03325
           4,45000       17359,05800        3354,12200           0,45000         -18,98652           0,03325
           4,50000       17359,05800        3354,12200           0,40900         -18,60363           0,00139
           4,55000       17359,05700        3354,12300           0,40800         -19,36941           0,02051
           4,60000       17359,05700        3354,12200           0,40800         -19,05034           0,08424
           4,65000       17359,05800        3354,12200           0,36300         -19,24178           0,03325
           4,70000       17359,05700        3354,12200           0,36200         -18,98652           0,00776
           4,75000       17359,05800        3354,12200           0,36200         -19,05034          -0,01136
           4,80000       17359,05800        3354,12200           0,31400         -18,92271           0,00139
           4,85000       17359,05700        3354,12200           0,31400         -19,62467           0,05237
           4,90000       17359,05800        3354,12200           0,26600         -19,11415           0,07149
           4,95000       17359,05800        3354,12200           0,26400         -18,98652           0,03963
           5,00000       17359,05800        3354,12200           0,26300         -19,05034           0,02051
           5,05000       17359,05800        3354,12200           0,21400         -19,05034          -0,01136
           5,10000       17359,05700        3354,12200           0,21300         -19,49704          -0,01773
           5,15000       17359,05800        3354,12200           0,21300         -18,92271           0,01413
           5,20000       17359,05800        3354,12200           0,16300         -18,47600           0,05237
           5,25000       17359,05800        3354,12300           0,16200         -18,79508           0,02051
           5,30000       17359,05800        3354,12200           0,12800         -18,73126           0,03325
           5,35000       17359,05800        3354,12300           0,11100         -19,05034          -0,02410
           5,40000       17359,05800        3354,12200           0,11100         -19,30560           0,03963
           5,45000       17359,05700        3354,12200           0,05900         -18,85889          -0,00498
           5,50000       17359,05800        3354,12200           0,06000         -18,66745           0,04600
           5,55000       17359,05800        3354,12200           0,06000         -18,98652           0,04600
           5,60000       17359,05800        3354,12200           0,06000         -19,17797           0,02051
           5,65000       17359,05700        3354,12200           0,00800         -19,36941           0,02688
           5,70000       17359,05700        3354,12200           0,00800         -19,36941           0,02051
           5,75000       17359,05700        3354,12200          -0,04300         -18,66745           0,03325
           5,80000       17359,05700        3354,12300          -0,04200         -18,73126           0,05237
           5,85000       17359,05700        3354,12100          -0,04300         -19,17797           0,03963
           5,90000       17359,05700        3354,12200          -0,09500         -18,92271           0,01413
           5,95000       17359,05700        3354,12200          -0,09600         -19,11415           0,00139
           6,00000       17359,05800        3354,12200          -0,14600         -18,79508           0,03963
           6,05000       17359,05700        3354,12200          -0,14700         -19,11415           0,02688
           6,10000       17359,05700        3354,12200          -0,14700         -18,60363           0,00139
           6,15000       17359,05700        3354,12200          -0,19800         -19,49704           0,03325
           6,20000       17359,05700        3354,12200          -0,19900         -18,98652          -0,01136
           6,25000       17359,05800        3354,12200          -0,19900         -19,17797          -0,01773
           6,30000       17359,05700        3354,12200          -0,24800         -18,73126           0,01413
           6,35000       17359,05700        3354,12200          -0,24800         -18,73126           0,00776
           6,40000       17359,05600        3354,12100          -0,27800         -19,11415           0,01413
           6,45000       17359,05700        3354,12200          -0,29900         -19,62467          -0,00498
           6,50000       17359,05800        3354,12100          -0,29900         -18,85889           0,03325
           6,55000       17359,05700        3354,12200          -0,34900         -18,79508           0,05874
           6,60000       17359,05700        3354,12200          -0,34900         -18,47600           0,02051
           6,65000       17359,05800        3354,12200          -0,35000         -18,85889           0,00139
           6,70000       17359,05800        3354,12200          -0,40000         -18,92271           0,00776
           6,75000       17359,05700        3354,12200          -0,40100         -19,17797           0,01413
           6,80000       17359,05700        3354,12200          -0,40100         -18,79508           0,02688
           6,85000       17359,05700        3354,12200          -0,45200         -18,79508           0,02688
           6,90000       17359,05800        3354,12100          -0,45100         -18,79508          -0,01773
           6,95000       17359,05800        3354,12100          -0,47900         -18,73126           0,05237
           7,00000       17359,05800        3354,12200          -0,50100         -18,98652           0,00776
           7,05000       17359,05700        3354,12200          -0,50100         -19,11415           0,02051
           7,10000       17359,05700        3354,12200          -0,55100         -18,34837           0,00776
           7,15000       17359,05800        3354,12200          -0,55100         -18,53981          -0,00498
           7,20000       17359,05700        3354,12200          -0,59700         -19,11415           0,03963
           7,25000       17359,05700        3354,12200          -0,60200         -18,47600           0,02688
           7,30000       17359,05700        3354,12200          -0,60300         -18,92271           0,01413
           7,35000       17359,05700        3354,12200          -0,65100         -18,98652           0,03325
           7,40000       17359,05800        3354,12200          -0,65100         -18,53981           0,02688
           7,45000       17359,05800        3354,12200          -0,65100         -18,92271           0,00776
           7,50000       17359,05700        3354,12200          -0,70200         -19,24178           0,02051
           7,55000       17359,05800        3354,12300          -0,70400         -18,22074           0,03963
           7,60000       17359,05700        3354,12200          -0,75300         -19,17797           0,03325
           7,65000       17359,05700        3354,12200          -0,75300         -18,85889           0,03325
           7,70000       17359,05800        3354,12200          -0,75400         -19,05034          -0,01136
           7,75000       17359,05800        3354,12300          -0,80400         -18,79508           0,02051
           7,80000       17359,05800        3354,12200          -0,80500         -18,92271           0,05237
           7,85000       17359,05800        3354,12200          -0,80400         -19,36941           0,02051
           7,90000       17359,05800        3354,12100          -0,80400         -19,81612          -0,01773
           7,95000       17359,05800        3354,12200          -0,85300         -18,66745           0,05237
           8,00000       17359,05800        3354,12200          -0,90500         -19,05034           0,00139
           8,05000       17359,05800        3354,12200          -0,90400         -19,05034           0,03325
           8,10000       17359,05700        3354,12200          -0,90500         -18,73126           0,03325
           8,15000       17359,05700        3354,12200          -0,90500         -18,66745          -0,00498
           8,20000       17359,05800        3354,12200          -0,95500         -18,85889           0,02688
           8,25000       17359,05700        3354,12200          -0,95500         -19,11415           0,02051
           8,30000       17359,05800        3354,12200          -1,00400         -18,98652           0,03325
           8,35000       17359,05800        3354,12200          -1,00600         -18,85889           0,03325
           8,40000       17359,05800        3354,12300          -1,00600         -18,53981           0,01413
           8,45000       17359,05700        3354,12200          -1,05500         -18,98652           0,05237
           8,50000       17359,05700        3354,12200          -1,05600         -18,47600           0,00776
           8,55000       17359,05700        3354,12200          -1,05600         -18,85889           0,01413
           8,60000       17359,05700        3354,12200          -1,10400         -18,60363           0,03325
           8,65000       17359,05700        3354,12300          -1,10400         -18,85889           0,02688
           8,70000       17359,05800        3354,12200          -1,10500         -18,85889           0,02051
           8,75000       17359,05700        3354,12200          -1,15600         -19,17797          -0,01136
           8,80000       17359,05700        3354,12200          -1,15600         -18,66745           0,03325
           8,85000       17359,05800        3354,12300          -1,17500         -19,24178          -0,01136
           8,90000       17359,05700        3354,12200          -1,20600         -18,73126           0,05874
           8,95000       17359,05800        3354,12200          -1,20600         -18,34837           0,00139
           9,00000       17359,05800        3354,12300          -1,25500         -18,79508           0,04600
           9,05000       17359,05700        3354,12200          -1,25600         -18,47600           0,03325
           9,10000       17359,05800        3354,12200          -1,30500         -18,79508           0,00139
           9,15000       17359,05800        3354,12200          -1,30700         -18,34837           0,03325
           9,20000       17359,05800        3354,12200          -1,30700         -18,34837           0,04600
           9,25000       17359,05800        3354,12300          -1,30800         -18,41218           0,00776
           9,30000       17359,05800        3354,12200          -1,35600         -18,47600           0,00139
           9,35000       17359,05700        3354,12200          -1,35600         -18,92271           0,01413
           9,40000       17359,05800        3354,12200          -1,40600         -18,22074          -0,01773
           9,45000       17359,05800        3354,12200          -1,40600         -18,66745           0,01413
           9,50000       17359,05800        3354,12200          -1,40700         -18,60363           0,02688
           9,55000       17359,05700        3354,12300          -1,45600         -18,66745           0,03325
           9,60000       17359,05800        3354,12200          -1,45700         -18,79508           0,05874
           9,65000       17359,05900        3354,12200          -1,50700         -18,85889           0,03963
           9,70000       17359,05800        3354,12200          -1,50600         -18,28455           0,08424
           9,75000       17359,05800        3354,12300          -1,50700         -18,85889           0,02688
           9,80000       17359,05800        3354,12200          -1,50700         -18,73126           0,01413
           9,85000       17359,05800        3354,12200          -1,55700         -18,34837           0,03325
           9,90000       17359,05800        3354,12200          -1,55700         -18,92271           0,02688
           9,95000       17359,05800        3354,12200          -1,55700         -18,98652           0,01413
          10,00000       17359,05800        3354,12300          -1,60600         -18,73126           0,02688
          10,05000       17359,05700        3354,12200          -1,60700         -18,22074           0,01413
          10,10000       17359,05900        3354,12200          -1,63500         -18,47600          -0,01136
          10,15000       17359,05800        3354,12300          -1,65700         -19,05034           0,06512
          10,20000       17359,05800        3354,12300          -1,65800         -18,53981           0,02051
          10,25000       17359,05800        3354,12200          -1,70700         -18,53981           0,02051
          10,30000       17359,05800        3354,12300          -1,70700         -18,73126           0,03325
          10,35000       17359,05900        3354,12300          -1,70800         -18,66745           0,01413
          10,40000       17359,05800        3354,12200          -1,75700         -19,30560           0,02688
          10,45000       17359,05800        3354,12200          -1,75800         -18,15692          -0,01136
          10,50000       17359,05800        3354,12300          -1,79300         -18,41218          -0,00498
          10,55000       17359,05800        3354,12200          -1,80700         -19,24178           0,01413
          10,60000       17359,05800        3354,12200          -1,80800         -19,30560           0,04600
          10,65000       17359,05800        3354,12200          -1,80800         -18,60363           0,01413
          10,70000       17359,05700        3354,12200          -1,85800         -18,41218           0,03325
          10,75000       17359,05800        3354,12300          -1,85900         -19,11415           0,02688
          10,80000       17359,05800        3354,12200          -1,90800         -18,73126           0,04600
          10,85000       17359,05800        3354,12200          -1,90900         -19,05034           0,00776
          10,90000       17359,05800        3354,12200          -1,90900         -18,28455           0,00139
          10,95000       17359,05800        3354,12300          -1,92500         -18,53981           0,03325
          11,00000       17359,05800        3354,12200          -1,95800         -19,36941           0,02051
          11,05000       17359,05800        3354,12200          -2,00700         -18,79508           0,00139
          11,10000       17359,05900        3354,12200          -2,00800         -18,79508           0,01413
          11,15000       17359,05800        3354,12200          -2,00800         -18,85889           0,00776
          11,20000       17359,05800        3354,12400          -2,05800         -18,92271           0,05874
          11,25000       17359,05800        3354,12200          -2,05800         -18,66745           0,03963
          11,30000       17359,05800        3354,12200          -2,10700         -18,98652          -0,01136
          11,35000       17359,05800        3354,12200          -2,10800         -19,36941           0,01413
          11,40000       17359,05800        3354,12200          -2,10900         -18,85889           0,02688
          11,45000       17359,05900        3354,12200          -2,10900         -18,53981           0,03963
          11,50000       17359,05800        3354,12300          -2,16000         -18,47600           0,02688
          11,55000       17359,05900        3354,12200          -2,16000         -18,47600           0,00139
          11,60000       17359,05800        3354,12300          -2,20900         -18,66745           0,02051
          11,65000       17359,05800        3354,12300          -2,21000         -19,11415           0,00776
          11,70000       17359,05800        3354,12200          -2,21000         -18,47600           0,00776
          11,75000       17359,05900        3354,12300          -2,25900         -18,79508           0,02688
          11,80000       17359,05900        3354,12300          -2,25900         -18,60363           0,02688
          11,85000       17359,05900        3354,12300          -2,30900         -18,92271           0,03963
          11,90000       17359,05800        3354,12200          -2,31000         -18,66745          -0,01136
          11,95000       17359,05800        3354,12200          -2,31000         -19,05034           0,02051
          12,00000       17359,05800        3354,12300          -2,36000         -18,79508           0,00139
          12,05000       17359,05800        3354,12200          -2,36000         -18,60363           0,01413
          12,10000       17359,05800        3354,12300          -2,36000         -18,41218           0,01413
          12,15000       17359,05800        3354,12300          -2,40800         -18,47600           0,02688
          12,20000       17359,05800        3354,12300          -2,40900         -18,47600           0,02051
          12,25000       17359,05900        3354,12300          -2,40900         -19,56086           0,01413
          12,30000       17359,05800        3354,12200          -2,45900         -18,28455           0,02051
          12,35000       17359,05800        3354,12200          -2,46000         -18,98652           0,03325
          12,40000       17359,05800        3354,12200          -2,46100         -18,60363           0,00139
          12,45000       17359,05800        3354,12200          -2,51000         -18,60363           0,02051
          12,50000       17359,05800        3354,12200          -2,51000         -18,47600           0,03325
          12,55000       17359,05800        3354,12300          -2,51100         -18,15692           0,03325
          12,60000       17359,05800        3354,12200          -2,56000         -18,53981           0,00776
          12,65000       17359,05800        3354,12200          -2,56100         -18,85889          -0,01136
          12,70000       17359,05800        3354,12300          -2,60900         -18,15692           0,00776
          12,75000       17359,05700        3354,12200          -2,61000         -18,79508           0,03963
          12,80000       17359,05800        3354,12300          -2,61000         -18,47600           0,03963
          12,85000       17359,05800        3354,12400          -2,66100         -18,47600           0,02688
          12,90000       17359,05800        3354,12200          -2,65900         -18,85889           0,03325
          12,95000       17359,05700        3354,12300          -2,66000         -18,60363           0,01413
          13,00000       17359,05700        3354,12300          -2,70700         -18,22074           0,02688
          13,05000       17359,05800        3354,12200          -2,71000         -18,85889           0,00776
          13,10000       17359,05700        3354,12200          -2,71000         -18,98652           0,00776
          13,15000       17359,05800        3354,12300          -2,76100         -18,92271           0,01413
          13,20000       17359,05800        3354,12300          -2,76000         -18,34837           0,02051
          13,25000       17359,05700        3354,12200          -2,77400         -19,05034          -0,01773
          13,30000       17359,05800        3354,12300          -2,80900         -18,02929           0,05874
          13,35000       17359,05800        3354,12200          -2,81000         -18,98652           0,00139
          13,40000       17359,05800        3354,12300          -2,81000         -17,96548           0,05874
          13,45000       17359,05800        3354,12300          -2,85900         -18,85889           0,00139
          13,50000       17359,05800        3354,12400          -2,86000         -18,98652           0,00139
          13,55000       17359,05800        3354,12200          -2,86100         -18,53981           0,02688
          13,60000       17359,05800        3354,12300          -2,90900         -18,22074           0,00139
          13,65000       17359,05700        3354,12200          -2,91000         -18,60363           0,00776
          13,70000       17359,05800        3354,12200          -2,91000         -18,28455           0,01413
          13,75000       17359,05800        3354,12200          -2,95900         -18,09311           0,00776
          13,80000       17359,05800        3354,12200          -2,95900         -18,41218           0,03325
          13,85000       17359,05700        3354,12300          -3,00900         -18,41218           0,04600
          13,90000       17359,05700        3354,12200          -3,01000         -18,79508           0,00776
          13,95000       17359,05700        3354,12200          -3,01000         -18,22074           0,02688
          14,00000       17359,05700        3354,12200          -3,06000         -18,47600          -0,02410
          14,05000       17359,05800        3354,12200          -3,06000         -18,79508           0,02051
          14,10000       17359,05700        3354,12200          -3,06000         -19,11415           0,03325
          14,15000       17359,05700        3354,12300          -3,10800         -18,66745           0,03325
          14,20000       17359,05700        3354,12200          -3,10900         -17,90166           0,01413
          14,25000       17359,05700        3354,12200          -3,14700         -18,22074           0,03963
          14,30000       17359,05700        3354,12200          -3,15900         -19,17797           0,03963
          14,35000       17359,05700        3354,12400          -3,16800         -18,09311           0,04600
          14,40000       17359,05700        3354,12200          -3,21000         -18,53981           0,03325
          14,45000       17359,05800        3354,12200          -3,21000         -18,47600           0,02051
          14,50000       17359,05600        3354,12300          -3,21000         -17,77403           0,02688
          14,55000       17359,05800        3354,12200          -3,25900         -18,02929           0,02688
          14,60000       17359,05700        3354,12300          -3,25900         -18,28455           0,06512
          14,65000       17359,05800        3354,12200          -3,26000         -18,28455           0,02688
          14,70000       17359,05700        3354,12200          -3,30900         -18,85889           0,01413
          14,75000       17359,05700        3354,12300          -3,30900         -18,47600          -0,01773
          14,80000       17359,05700        3354,12200          -3,35700         -18,73126           0,00776
          14,85000       17359,05700        3354,12300          -3,35900         -19,11415           0,05237
          14,90000       17359,05700        3354,12300          -3,36000         -17,77403           0,05874
          14,95000       17359,05800        3354,12300          -3,41000         -18,53981           0,02688
          15,00000       17359,05700        3354,12300          -3,41000         -18,60363           0,02051
          15,05000       17359,05700        3354,12300          -3,41100         -18,73126           0,02688
          15,10000       17359,05700        3354,12300          -3,46000         -18,15692           0,00776
          15,15000       17359,05700        3354,12300          -3,46000         -18,60363           0,04600
          15,20000       17359,05800        3354,12300          -3,51100         -18,47600           0,00776
          15,25000       17359,05700        3354,12300          -3,51000         -18,22074          -0,01136
          15,30000       17359,05700        3354,12300          -3,51000         -18,47600           0,02051
          15,35000       17359,05700        3354,12200          -3,55900         -18,85889           0,05237
          15,40000       17359,05800        3354,12300          -3,55900         -18,60363          -0,01773
          15,45000       17359,05700        3354,12200          -3,56000         -18,60363           0,00776
          15,50000       17359,05800        3354,12200          -3,60900         -18,28455           0,04600
          15,55000       17359,05800        3354,12200          -3,60900         -18,60363           0,02688
          15,60000       17359,05700        3354,12200          -3,60900         -18,53981           0,03963
          15,65000       17359,05800        3354,12200          -3,66000         -18,15692           0,05237
          15,70000       17359,05800        3354,12300          -3,66000         -18,34837           0,00776
          15,75000       17359,05800        3354,12200          -3,70900         -18,34837           0,07149
          15,80000       17359,05800        3354,12200          -3,71000         -18,60363          -0,02410
          15,85000       17359,05700        3354,12300          -3,75800         -18,41218           0,02688
          15,90000       17359,05700        3354,12200          -3,75900         -18,79508           0,02051
          15,95000       17359,05700        3354,12200          -3,75900         -17,96548           0,04600
          16,00000       17359,05600        3354,12100          -3,81000         -18,34837          -0,00498
          16,05000       17359,05700        3354,12200          -3,80800         -18,60363           0,02688
          16,10000       17359,05800        3354,12200          -3,80900         -18,41218          -0,03047
          16,15000       17359,05800        3354,12200          -3,86100         -18,22074           0,01413
          16,20000       17359,05700        3354,12300          -3,86200         -19,05034           0,02688
          16,25000       17359,05700        3354,12200          -3,88400         -18,53981           0,04600
          16,30000       17359,05700        3354,12200          -3,90900         -18,34837           0,01413
          16,35000       17359,05800        3354,12200          -3,90900         -18,28455           0,00776
          16,40000       17359,05800        3354,12200          -3,95900         -18,73126           0,02051
          16,45000       17359,05700        3354,12200          -3,95900         -18,47600           0,03325
          16,50000       17359,05700        3354,12200          -3,96100         -18,22074           0,01413
          16,55000       17359,05800        3354,12300          -4,00900         -18,60363           0,02051
          16,60000       17359,05700        3354,12200          -4,00900         -18,53981          -0,00498
          16,65000       17359,05700        3354,12200          -4,00900         -18,47600           0,00139
          16,70000       17359,05700        3354,12200          -4,05900         -18,15692           0,00776
          16,75000       17359,05800        3354,12200          -4,06000         -18,47600           0,03963
          16,80000       17359,05800        3354,12200          -4,06100         -18,28455           0,04600
          16,85000       17359,05700        3354,12200          -4,10900         -18,85889           0,05874
          16,90000       17359,05700        3354,12200          -4,11100         -18,92271          -0,00498
          16,95000       17359,05600        3354,12200          -4,11300         -18,47600           0,00776
          17,00000       17359,05700        3354,12200          -4,16000         -18,47600           0,03325
          17,05000       17359,05700        3354,12200          -4,16100         -18,47600           0,02688
          17,10000       17359,05700        3354,12200          -4,16100         -18,92271          -0,01773
          17,15000       17359,05800        3354,12300          -4,20900         -18,02929           0,00776
          17,20000       17359,05700        3354,12200          -4,21000         -18,28455           0,03325
          17,25000       17359,05800        3354,12200          -4,20900         -18,15692          -0,02410
          17,30000       17359,05700        3354,12200          -4,26000         -18,22074          -0,03047
          17,35000       17359,05700        3354,12200          -4,26000         -18,47600           0,03963
          17,40000       17359,05700        3354,12200          -4,30900         -18,22074           0,00139
          17,45000       17359,05700        3354,12200          -4,31000         -18,73126           0,00139
          17,50000       17359,05800        3354,12200          -4,31000         -18,02929           0,00776
          17,55000       17359,05700        3354,12200          -4,35900         -18,02929           0,00139
          17,60000       17359,05700        3354,12200          -4,36000         -18,09311           0,02051
          17,65000       17359,05700        3354,12200          -4,39300         -18,79508          -0,01136
          17,70000       17359,05700        3354,12300          -4,41000         -18,41218           0,04600
          17,75000       17359,05700        3354,12200          -4,41100         -18,41218           0,00139
          17,80000       17359,05700        3354,12200          -4,46100         -18,41218           0,00139
          17,85000       17359,05700        3354,12300          -4,46200         -18,28455          -0,01136
          17,90000       17359,05800        3354,12300          -4,50600         -18,66745           0,01413
          17,95000       17359,05700        3354,12300          -4,51000         -18,47600           0,03963
          18,00000       17359,05700        3354,12300          -4,51100         -18,28455           0,06512
          18,05000       17359,05700        3354,12300          -4,56000         -18,34837           0,03325
          18,10000       17359,05700        3354,12300          -4,56000         -18,15692           0,06512
          18,15000       17359,05700        3354,12200          -4,56000         -18,28455           0,04600
          18,20000       17359,05800        3354,12200          -4,60900         -17,83785           0,02051
          18,25000       17359,05700        3354,12200          -4,60800         -18,28455           0,03325
          18,30000       17359,05700        3354,12200          -4,60900         -18,02929           0,01413
          18,35000       17359,05700        3354,12300          -4,65700         -18,47600           0,00776
          18,40000       17359,05700        3354,12200          -4,65800         -18,73126           0,02688
          18,45000       17359,05700        3354,12300          -4,70600         -18,15692           0,00776
          18,50000       17359,05800        3354,12300          -4,70900         -18,22074           0,02688
          18,55000       17359,05800        3354,12300          -4,70900         -18,28455           0,05874
          18,60000       17359,05700        3354,12200          -4,71100         -17,77403           0,00139
          18,65000       17359,05800        3354,12300          -4,75800         -17,90166           0,00776
          18,70000       17359,05700        3354,12200          -4,75800         -18,47600           0,03325
          18,75000       17359,05700        3354,12300          -4,80700         -17,00825           0,01413
          18,80000       17359,05700        3354,12200          -4,80900         -18,15692           0,02051
          18,85000       17359,05700        3354,12300          -4,80900         -18,02929           0,00776
          18,90000       17359,05800        3354,12200          -4,85700         -18,15692           0,03325
          18,95000       17359,05700        3354,12200          -4,85800         -18,34837           0,03325
          19,00000       17359,05700        3354,12200          -4,85800         -18,41218           0,03963
          19,05000       17359,05700        3354,12300          -4,90700         -18,41218           0,06512
          19,10000       17359,05700        3354,12300          -4,90700         -18,22074           0,01413
          19,15000       17359,05700        3354,12200          -4,90700         -18,79508           0,01413
          19,20000       17359,05600        3354,12200          -4,95900         -18,28455           0,01413
          19,25000       17359,05700        3354,12200          -4,95800         -19,05034           0,03963
          19,30000       17359,05700        3354,12200          -4,95800         -18,34837          -0,01136
          19,35000       17359,05700        3354,12200          -5,00700         -17,77403           0,00776
          19,40000       17359,05600        3354,12300          -5,00800         -18,34837           0,03963
          19,45000       17359,05700        3354,12300          -5,05700         -17,39114           0,03325
          19,50000       17359,05700        3354,12300          -5,05700         -17,96548           0,03963
          19,55000       17359,05600        3354,12300          -5,05800         -18,15692           0,04600
          19,60000       17359,05700        3354,12200          -5,10800         -18,53981           0,00139
          19,65000       17359,05700        3354,12200          -5,10800         -17,39114           0,00139
          19,70000       17359,05700        3354,12300          -5,10800         -17,96548           0,00776
          19,75000       17359,05700        3354,12200          -5,15700         -18,41218           0,03325
          19,80000       17359,05700        3354,12200          -5,15800         -18,28455           0,06512
          19,85000       17359,05700        3354,12200          -5,20800         -17,96548           0,02688
          19,90000       17359,05800        3354,12200          -5,20900         -17,77403           0,03963
          19,95000       17359,05700        3354,12200          -5,20900         -18,47600           0,02688
          20,00000       17359,05700        3354,12200          -5,25900         -18,34837           0,01413
          20,05000       17359,05700        3354,12200          -5,25900         -18,15692           0,02051
          20,10000       17359,05800        3354,12300          -5,31100         -18,53981           0,03325
          20,15000       17359,05700        3354,12300          -5,30900         -18,02929           0,03325
          20,20000       17359,05700        3354,12200          -5,30900         -18,34837           0,03963
          20,25000       17359,05600        3354,12200          -5,33300         -18,60363           0,03325
          20,30000       17359,05800        3354,12200          -5,35800         -18,53981          -0,01773
          20,35000       17359,05700        3354,12300          -5,35900         -17,96548           0,02051
          20,40000       17359,05700        3354,12200          -5,40900         -18,15692           0,00139
          20,45000       17359,05700        3354,12200          -5,40900         -17,96548           0,02688
          20,50000       17359,05700        3354,12200          -5,40900         -18,47600           0,04600
          20,55000       17359,05700        3354,12300          -5,45700         -18,28455           0,00776
          20,60000       17359,05700        3354,12300          -5,45800         -18,79508           0,02051
          20,65000       17359,05700        3354,12200          -5,50700         -18,09311           0,03963
          20,70000       17359,05700        3354,12200          -5,51100         -18,66745           0,04600
          20,75000       17359,05800        3354,12200          -5,51100         -17,96548          -0,00498
          20,80000       17359,05800        3354,12300          -5,53400         -17,96548           0,00139
          20,85000       17359,05800        3354,12200          -5,56000         -18,09311           0,00139
          20,90000       17359,05700        3354,12300          -5,56000         -17,77403           0,05237
          20,95000       17359,05700        3354,12300          -5,60900         -17,83785           0,03963
          21,00000       17359,05700        3354,12200          -5,60900         -18,02929           0,00776
          21,05000       17359,05700        3354,12200          -5,61000         -18,02929           0,00776
          21,10000       17359,05700        3354,12300          -5,64100         -18,73126           0,06512
          21,15000       17359,05700        3354,12200          -5,65800         -18,28455           0,03963
          21,20000       17359,05700        3354,12300          -5,66000         -17,90166           0,03325
          21,25000       17359,05800        3354,12200          -5,70900         -18,34837           0,03325
          21,30000       17359,05800        3354,12200          -5,70900         -18,02929           0,02688
          21,35000       17359,05800        3354,12300          -5,75700         -18,34837           0,02051
          21,40000       17359,05700        3354,12300          -5,75900         -18,79508           0,00139
          21,45000       17359,05700        3354,12200          -5,75900         -18,41218           0,01413
          21,50000       17359,05700        3354,12300          -5,80900         -18,09311           0,05874
          21,55000       17359,05700        3354,12200          -5,80900         -18,60363           0,00776
          21,60000       17359,05700        3354,12200          -5,82500         -18,28455           0,02688
          21,65000       17359,05800        3354,12300          -5,85900         -18,02929           0,02051
          21,70000       17359,05700        3354,12300          -5,86000         -17,64640           0,00776
          21,75000       17359,05700        3354,12300          -5,90700         -18,47600           0,03325
          21,80000       17359,05700        3354,12300          -5,90800         -17,71022           0,02051
          21,85000       17359,05700        3354,12200          -5,90800         -18,22074           0,00776
          21,90000       17359,05700        3354,12300          -5,95900         -17,83785           0,02688
          21,95000       17359,05700        3354,12300          -5,96000         -17,58259          -0,00498
          22,00000       17359,05700        3354,12300          -6,00700         -17,71022           0,05237
          22,05000       17359,05700        3354,12400          -6,00800         -18,28455          -0,01136
          22,10000       17359,05600        3354,12300          -6,00900         -18,28455           0,01413
          22,15000       17359,05700        3354,12300          -6,00900         -18,15692           0,00776
          22,20000       17359,05700        3354,12200          -6,05800         -18,22074           0,05874
          22,25000       17359,05700        3354,12300          -6,05900         -18,28455           0,01413
          22,30000       17359,05800        3354,12400          -6,08300         -17,90166           0,02051
          22,35000       17359,05700        3354,12300          -6,10900         -18,15692           0,02051
          22,40000       17359,05700        3354,12300          -6,10900         -17,96548           0,01413
          22,45000       17359,05700        3354,12300          -6,15800         -17,71022           0,05237
          22,50000       17359,05700        3354,12300          -6,15900         -17,71022           0,02051
          22,55000       17359,05700        3354,12300          -6,15800         -17,83785           0,03325
          22,60000       17359,05700        3354,12300          -6,20900         -17,71022           0,02688
          22,65000       17359,05700        3354,12300          -6,20900         -18,09311           0,02688
          22,70000       17359,05900        3354,12300          -6,24400         -17,45496          -0,01136
          22,75000       17359,05600        3354,12300          -6,25800         -18,09311           0,05237
          22,80000       17359,05600        3354,12300          -6,25900         -18,28455           0,03963
          22,85000       17359,05700        3354,12300          -6,29100         -18,02929           0,01413
          22,90000       17359,05600        3354,12300          -6,31000         -17,32733           0,01413
          22,95000       17359,05700        3354,12300          -6,31000         -17,83785           0,06512
          23,00000       17359,05600        3354,12200          -6,35900         -17,71022           0,02688
          23,05000       17359,05700        3354,12300          -6,36000         -17,71022           0,02688
          23,10000       17359,05800        3354,12300          -6,35900         -17,71022           0,03325
          23,15000       17359,05800        3354,12200          -6,41000         -17,58259           0,03963
          23,20000       17359,05700        3354,12300          -6,41100         -17,64640           0,00139
          23,25000       17359,05700        3354,12200          -6,43800         -17,96548           0,01413
          23,30000       17359,05700        3354,12300          -6,46000         -17,83785           0,02051
          23,35000       17359,05800        3354,12300          -6,46100         -17,83785           0,01413
          23,40000       17359,05700        3354,12300          -6,50800         -18,09311           0,01413
          23,45000       17359,05800        3354,12300          -6,50900         -17,90166           0,02688
          23,50000       17359,05700        3354,12300          -6,50900         -17,39114           0,03325
          23,55000       17359,05700        3354,12200          -6,55900         -17,71022          -0,01773
          23,60000       17359,05700        3354,12200          -6,56000         -18,53981           0,01413
          23,65000       17359,05700        3354,12200          -6,56100         -17,45496          -0,00498
          23,70000       17359,05700        3354,12200          -6,60700         -17,77403          -0,01136
          23,75000       17359,05700        3354,12200          -6,61000         -18,09311          -0,01136
          23,80000       17359,05700        3354,12100          -6,62900         -17,45496           0,00776
          23,85000       17359,05600        3354,12200          -6,65900         -18,09311           0,00139
          23,90000       17359,05700        3354,12200          -6,65900         -17,83785           0,00139
          23,95000       17359,05600        3354,12300          -6,65900         -17,96548           0,00776
          24,00000       17359,05700        3354,12300          -6,70900         -17,13588           0,00776
          24,05000       17359,05600        3354,12200          -6,70900         -17,77403           0,03963
          24,10000       17359,05600        3354,12300          -6,75900         -18,02929          -0,00498
          24,15000       17359,05700        3354,12200          -6,75900         -18,41218           0,03963
          24,20000       17359,05700        3354,12200          -6,76100         -17,58259          -0,00498
          24,25000       17359,05700        3354,12200          -6,81000         -17,77403           0,05874
          24,30000       17359,05700        3354,12300          -6,81100         -17,45496           0,05874
          24,35000       17359,05700        3354,12300          -6,81100         -17,90166           0,02688
          24,40000       17359,05700        3354,12300          -6,86200         -17,39114           0,02688
          24,45000       17359,05700        3354,12200          -6,86200         -18,09311           0,01413
          24,50000       17359,05700        3354,12200          -6,91200         -17,83785           0,03963
          24,55000       17359,05700        3354,12300          -6,91100         -18,66745           0,04600
          24,60000       17359,05600        3354,12300          -6,91100         -17,39114           0,03325
          24,65000       17359,05700        3354,12200          -6,96000         -18,02929          -0,00498
          24,70000       17359,05600        3354,12300          -6,96000         -17,83785           0,01413
          24,75000       17359,05700        3354,12300          -6,97800         -17,71022           0,03325
          24,80000       17359,05700        3354,12300          -7,01000         -17,83785           0,00139
          24,85000       17359,05600        3354,12200          -7,01000         -17,96548           0,03325
          24,90000       17359,05600        3354,12300          -7,06000         -17,45496           0,03963
          24,95000       17359,05800        3354,12300          -7,06100         -18,22074           0,03325
          25,00000       17359,05800        3354,12300          -7,06100         -17,58259           0,02688
          25,05000       17359,05800        3354,12300          -7,06100         -18,09311           0,04600
          25,10000       17359,05800        3354,12300          -7,11100         -17,64640          -0,00498
          25,15000       17359,05700        3354,12300          -7,11100         -17,58259           0,04600
          25,20000       17359,05700        3354,12300          -7,15700         -16,94444           0,04600
          25,25000       17359,05800        3354,12300          -7,15800         -17,71022           0,00776
          25,30000       17359,05700        3354,12300          -7,15800         -17,13588           0,02688
          25,35000       17359,05700        3354,12300          -7,20900         -17,90166           0,00139
          25,40000       17359,05700        3354,12300          -7,21000         -17,90166          -0,01773
          25,45000       17359,05600        3354,12300          -7,25900         -17,58259          -0,00498
          25,50000       17359,05600        3354,12300          -7,26000         -17,90166           0,01413
          25,55000       17359,05700        3354,12200          -7,26000         -17,51877           0,03325
          25,60000       17359,05700        3354,12400          -7,30900         -17,39114           0,00139
          25,65000       17359,05700        3354,12400          -7,31100         -17,71022           0,03963
          25,70000       17359,05600        3354,12200          -7,34300         -17,51877           0,00776
          25,75000       17359,05700        3354,12300          -7,36100         -17,58259           0,00776
          25,80000       17359,05700        3354,12300          -7,36100         -17,39114           0,03963
          25,85000       17359,05700        3354,12300          -7,36100         -18,02929           0,00776
          25,90000       17359,05700        3354,12300          -7,40900         -17,39114           0,01413
          25,95000       17359,05700        3354,12300          -7,41000         -17,45496           0,00139
          26,00000       17359,05600        3354,12300          -7,40900         -17,00825           0,01413
          26,05000       17359,05600        3354,12300          -7,46100         -17,51877           0,02688
          26,10000       17359,05700        3354,12300          -7,46100         -17,32733           0,03325
          26,15000       17359,05700        3354,12300          -7,50800         -17,39114          -0,00498
          26,20000       17359,05700        3354,12300          -7,50900         -17,00825           0,04600
          26,25000       17359,05700        3354,12200          -7,50900         -16,68918           0,05874
          26,30000       17359,05700        3354,12300          -7,55800         -17,32733           0,02051
          26,35000       17359,05600        3354,12300          -7,55800         -17,83785           0,02051
          26,40000       17359,05600        3354,12300          -7,55800         -17,39114           0,03963
          26,45000       17359,05600        3354,12200          -7,60800         -17,83785           0,02051
          26,50000       17359,05600        3354,12300          -7,60900         -17,51877           0,00139
          26,55000       17359,05700        3354,12300          -7,60900         -17,39114           0,04600
          26,60000       17359,05700        3354,12300          -7,66100         -17,51877           0,07149
          26,65000       17359,05600        3354,12300          -7,66000         -17,39114          -0,02410
          26,70000       17359,05700        3354,12300          -7,70000         -17,39114           0,03963
          26,75000       17359,05700        3354,12300          -7,70900         -17,13588           0,03325
          26,80000       17359,05700        3354,12300          -7,71000         -17,45496           0,00139
          26,85000       17359,05700        3354,12200          -7,75900         -17,58259           0,02051
          26,90000       17359,05700        3354,12300          -7,76000         -17,71022           0,00139
          26,95000       17359,05700        3354,12300          -7,75900         -17,26351           0,03963
          27,00000       17359,05700        3354,12300          -7,80900         -17,71022           0,04600
          27,05000       17359,05700        3354,12300          -7,81000         -17,71022           0,02051
          27,10000       17359,05700        3354,12300          -7,85900         -17,45496           0,03325
          27,15000       17359,05600        3354,12300          -7,86000         -17,77403           0,00776
          27,20000       17359,05700        3354,12200          -7,86000         -17,45496           0,01413
          27,25000       17359,05600        3354,12200          -7,90000         -17,45496           0,03325
          27,30000       17359,05600        3354,12300          -7,91000         -17,96548           0,03325
          27,35000       17359,05600        3354,12300          -7,91000         -16,81681           0,02051
          27,40000       17359,05600        3354,12200          -7,95900         -17,07207           0,00776
          27,45000       17359,05700        3354,12200          -7,95900         -17,13588           0,03325
          27,50000       17359,05600        3354,12300          -7,96000         -17,83785           0,03963
          27,55000       17359,05600        3354,12300          -8,01000         -17,71022           0,01413
          27,60000       17359,05700        3354,12300          -8,01100         -17,32733          -0,01136
          27,65000       17359,05600        3354,12300          -8,05800         -17,00825           0,02051
          27,70000       17359,05600        3354,12200          -8,05800         -16,81681           0,03963
          27,75000       17359,05700        3354,12300          -8,05900         -17,13588           0,02688
          27,80000       17359,05600        3354,12200          -8,10900         -17,19970           0,01413
          27,85000       17359,05600        3354,12200          -8,10900         -17,19970          -0,01773
          27,90000       17359,05600        3354,12200          -8,10900         -17,26351           0,04600
          27,95000       17359,05600        3354,12300          -8,15900         -17,83785           0,02688
          28,00000       17359,05700        3354,12300          -8,16000         -17,00825          -0,00498
          28,05000       17359,05600        3354,12200          -8,17300         -16,88062          -0,00498
          28,10000       17359,05600        3354,12300          -8,21000         -16,81681           0,05237
          28,15000       17359,05600        3354,12300          -8,21000         -17,51877           0,03963
          28,20000       17359,05600        3354,12200          -8,25800         -17,13588           0,02688
          28,25000       17359,05700        3354,12200          -8,25900         -17,26351           0,01413
          28,30000       17359,05600        3354,12300          -8,31100         -17,83785           0,03325
          28,35000       17359,05600        3354,12300          -8,31000         -17,26351           0,00139
          28,40000       17359,05600        3354,12200          -8,31100         -16,88062           0,00776
          28,45000       17359,05600        3354,12100          -8,34000         -17,13588           0,02688
          28,50000       17359,05600        3354,12200          -8,36100         -16,30629           0,03963
          28,55000       17359,05600        3354,12200          -8,36100         -17,26351           0,03963
          28,60000       17359,05700        3354,12200          -8,41000         -17,26351          -0,01773
          28,65000       17359,05700        3354,12200          -8,41100         -17,26351           0,03325
          28,70000       17359,05600        3354,12200          -8,41100         -17,07207           0,03963
          28,75000       17359,05600        3354,12200          -8,46100         -16,88062           0,01413
          28,80000       17359,05700        3354,12200          -8,46100         -16,75299           0,03325
          28,85000       17359,05700        3354,12200          -8,46200         -17,07207           0,00776
          28,90000       17359,05600        3354,12300          -8,51200         -16,81681           0,00139
          28,95000       17359,05600        3354,12300          -8,51000         -16,17866           0,01413
          29,00000       17359,05600        3354,12200          -8,51100         -17,26351           0,00776
          29,05000       17359,05600        3354,12300          -8,51600         -16,94444           0,00776
          29,10000       17359,05600        3354,12300          -8,56000         -16,43392           0,06512
          29,15000       17359,05700        3354,12300          -8,55900         -17,83785           0,02051
          29,20000       17359,05700        3354,12200          -8,60600         -16,88062          -0,01773
          29,25000       17359,05600        3354,12300          -8,60900         -17,45496          -0,01136
          29,30000       17359,05600        3354,12300          -8,61000         -16,75299           0,02051
          29,35000       17359,05600        3354,12300          -8,65900         -16,94444           0,00776
          29,40000       17359,05700        3354,12300          -8,65900         -17,07207           0,01413
          29,45000       17359,05700        3354,12200          -8,66000         -15,92340           0,06512
          29,50000       17359,05700        3354,12300          -8,70900         -17,00825           0,05237
          29,55000       17359,05700        3354,12300          -8,71000         -16,88062           0,01413
          29,60000       17359,05600        3354,12300          -8,71900         -17,39114           0,00776
          29,65000       17359,05600        3354,12300          -8,75900         -16,81681           0,05237
          29,70000       17359,05700        3354,12300          -8,76000         -17,45496           0,03963
          29,75000       17359,05700        3354,12300          -8,80700         -17,39114           0,03325
          29,80000       17359,05700        3354,12200          -8,80900         -17,45496           0,07786
          29,85000       17359,05600        3354,12300          -8,81000         -15,54051           0,02688
          29,90000       17359,05600        3354,12200          -8,85900         -17,13588           0,00139
          29,95000       17359,05700        3354,12200          -8,86000         -17,13588           0,00139
          30,00000       17359,05700        3354,12400          -8,90000         -16,62536           0,04600
          30,05000       17359,05600        3354,12300          -8,91000         -17,45496           0,01413
          30,10000       17359,05600        3354,12200          -8,91000         -15,85958           0,02051
          30,15000       17359,05700        3354,12300          -8,95900         -17,13588           0,04600
          30,20000       17359,05600        3354,12300          -8,96000         -17,32733           0,04600
          30,25000       17359,05700        3354,12300          -8,96100         -17,64640           0,03963
          30,30000       17359,05700        3354,12200          -9,01000         -16,81681           0,02688
          30,35000       17359,05600        3354,12200          -9,01100         -16,62536           0,02051
          30,40000       17359,05600        3354,12300          -9,01000         -16,75299           0,03325
          30,45000       17359,05700        3354,12200          -9,05900         -17,00825           0,05237
          30,50000       17359,05600        3354,12300          -9,05900         -15,09380          -0,01136
          30,55000       17359,05600        3354,12300          -9,11000         -16,88062           0,00139
          30,60000       17359,05600        3354,12300          -9,11000         -16,88062           0,01413
          30,65000       17359,05700        3354,12300          -9,11100         -16,75299           0,00139
          30,70000       17359,05700        3354,12300          -9,16200         -16,37010           0,00139
          30,75000       17359,05700        3354,12300          -9,16200         -15,41288           0,03963
          30,80000       17359,05600        3354,12300          -9,21300         -15,66814           0,02688
          30,85000       17359,05700        3354,12300          -9,21000         -16,30629          -0,00498
          30,90000       17359,05700        3354,12300          -9,21000         -16,88062          -0,03047
          30,95000       17359,05600        3354,12300          -9,24200         -16,75299           0,02688
          31,00000       17359,05700        3354,12300          -9,26000         -15,54051           0,03325
          31,05000       17359,05700        3354,12300          -9,26200         -16,37010          -0,02410
          31,10000       17359,05700        3354,12300          -9,30800         -16,81681           0,03325
          31,15000       17359,05700        3354,12300          -9,30900         -14,13657          -0,00498
          31,20000       17359,05600        3354,12300          -9,30900         -16,30629           0,02051
          31,25000       17359,05600        3354,12200          -9,35900         -16,11484           0,02688
          31,30000       17359,05700        3354,12300          -9,36000         -15,85958           0,00776
          31,35000       17359,05600        3354,12300          -9,41000         -15,92340           0,01413
          31,40000       17359,05600        3354,12200          -9,41100         -16,88062           0,01413
          31,45000       17359,05600        3354,12300          -9,41100         -16,56155           0,01413
          31,50000       17359,05700        3354,12200          -9,46100         -15,92340           0,02688
          31,55000       17359,05600        3354,12200          -9,46100         -16,30629           0,02688
          31,60000       17359,05700        3354,12200          -9,46100         -16,68918          -0,01136
          31,65000       17359,05700        3354,12300          -9,51100         -14,39183           0,05874
          31,70000       17359,05700        3354,12200          -9,51000         -15,98721          -0,00498
          31,75000       17359,05600        3354,12200          -9,51000         -16,30629          -0,01136
          31,80000       17359,05700        3354,12200          -9,56000         -15,28525           0,05237
          31,85000       17359,05600        3354,12200          -9,56000         -15,92340           0,05237
          31,90000       17359,05800        3354,12300          -9,58800         -13,37079           0,00776
          31,95000       17359,05600        3354,12200          -9,61100         -14,58328           0,05874
          32,00000       17359,05700        3354,12300          -9,61100         -14,51946          -0,00498
          32,05000       17359,05700        3354,12300          -9,65900         -15,66814           0,00776
          32,10000       17359,05700        3354,12300          -9,66000         -15,85958           0,00139
          32,15000       17359,05700        3354,12200          -9,69700         -12,34975           0,03963
          32,20000       17359,05700        3354,12200          -9,71100         -16,05103           0,00139
          32,25000       17359,05700        3354,12300          -9,71100         -15,22143           0,03325
          32,30000       17359,05700        3354,12300          -9,75900         -15,60432           0,00776
          32,35000       17359,05600        3354,12300          -9,76100         -15,60432           0,03963
          32,40000       17359,05600        3354,12300          -9,76100         -14,90235          -0,02410
          32,45000       17359,05600        3354,12200          -9,81000         -12,54120           0,03325
          32,50000       17359,05600        3354,12300          -9,81000         -15,22143           0,00776
          32,55000       17359,05700        3354,12400          -9,85900         -15,54051           0,00139
          32,60000       17359,05600        3354,12200          -9,86100         -14,64709           0,01413
          32,65000       17359,05700        3354,12200          -9,86100         -11,13726           0,00776
          32,70000       17359,05600        3354,12300          -9,90900         -12,34975           0,00776
          32,75000       17359,05600        3354,12300          -9,91000         -11,96686           0,03325
          32,80000       17359,05700        3354,12300          -9,91000         -11,07345          -0,01773
          32,85000       17359,05600        3354,12400          -9,91800         -10,62674           0,01413
          32,90000       17359,05700        3354,12300          -9,96000         -14,90235           0,00139
          32,95000       17359,05700        3354,12300          -9,96000         -12,66883           0,03963
          33,00000       17359,05600        3354,12300         -10,01000         -10,62674           0,03325
          33,05000       17359,05600        3354,12300         -10,01100         -10,49911           0,03325
          33,10000       17359,05600        3354,12300         -10,01100         -10,37148           0,02051
          33,15000       17359,05600        3354,12300         -10,06000         -10,43530           0,02688
          33,20000       17359,05600        3354,12300         -10,06000         -11,20108           0,00776
          33,25000       17359,05700        3354,12300         -10,06100         -12,22212           0,01413
          33,30000       17359,05700        3354,12200         -10,11100         -14,96617           0,00776
          33,35000       17359,05700        3354,12300         -10,11200          -9,35044          -0,01136
          33,40000       17359,05700        3354,12300         -10,11300         -13,30698           0,03325
          33,45000       17359,05600        3354,12300         -10,16000         -14,13657           0,00139
          33,50000       17359,05600        3354,12300         -10,16000         -14,45565           0,03325
          33,55000       17359,05600        3354,12300         -10,20300         -13,37079           0,02688
          33,60000       17359,05600        3354,12200         -10,21100          -9,15900           0,05237
          33,65000       17359,05600        3354,12200         -10,21200          -8,13796           0,05237
          33,70000       17359,05600        3354,12300         -10,26000          -7,37217           0,03963
          33,75000       17359,05600        3354,12200         -10,26000          -8,07414           0,03963
          33,80000       17359,05600        3354,12200         -10,26000         -14,20039           0,02051
          33,85000       17359,05600        3354,12200         -10,31000          -8,13796           0,00776
          33,90000       17359,05600        3354,12200         -10,31000          -6,41495           0,00139
          33,95000       17359,05600        3354,12300         -10,35100          -3,98997           0,05874
          34,00000       17359,05600        3354,12300         -10,36000          -6,22350           0,00139
          34,05000       17359,05600        3354,12200         -10,36100         -13,88131           0,02051
          34,10000       17359,05600        3354,12200         -10,41100          -6,86165           0,04600
          34,15000       17359,05600        3354,12300         -10,41200          -5,45772           0,03963
          34,20000       17359,05700        3354,12400         -10,41700          -4,18142           0,03325
          34,25000       17359,05600        3354,12300         -10,46000          -3,60708           0,00139
          34,30000       17359,05600        3354,12300         -10,46100          -4,43668           0,01413
          34,35000       17359,05600        3354,12300         -10,46100          -4,75576           0,03963
          34,40000       17359,05600        3354,12300         -10,51000          -4,11760           0,02051
          34,45000       17359,05600        3354,12200         -10,51100         -13,88131           0,01413
          34,50000       17359,05600        3354,12300         -10,55900          -2,84130           0,00139
          34,55000       17359,05600        3354,12200         -10,56000          -4,11760           0,03325
          34,60000       17359,05700        3354,12300         -10,56000          -6,67021           0,03325
          34,65000       17359,05600        3354,12300         -10,61000          -7,56362           0,02688
          34,70000       17359,05700        3354,12300         -10,60900         -10,94582          -0,01773
          34,75000       17359,05700        3354,12300         -10,62400          -4,75576           0,03963
          34,80000       17359,05600        3354,12200         -10,66100          -2,84130           0,02688
          34,85000       17359,05600        3354,12300         -10,66200          -4,88339           0,00776
          34,90000       17359,05700        3354,12300         -10,67400          -1,11830           0,03325
          34,95000       17359,05700        3354,12200         -10,71100         -12,03068           0,02051
          35,00000       17359,05600        3354,12200         -10,71200          -3,86234           0,00139
          35,05000       17359,05600        3354,12300         -10,76200          -6,92547           0,02051
          35,10000       17359,05700        3354,12200         -10,76200          -7,75506           0,02688
          35,15000       17359,05600        3354,12200         -10,76200         -10,49911          -0,00498
          35,20000       17359,05600        3354,12300         -10,81000          -5,01102           0,02688
          35,25000       17359,05600        3354,12200         -10,81100         -11,45634          -0,00498
          35,30000       17359,05700        3354,12200         -10,81100         -10,37148           0,02051
          35,35000       17359,05600        3354,12300         -10,86000         -11,13726           0,02051
          35,40000       17359,05600        3354,12300         -10,86100          -9,60570           0,01413
          35,45000       17359,05700        3354,12300         -10,91000         -11,90305           0,02688
          35,50000       17359,05700        3354,12300         -10,91000           3,02969           0,05874
          35,55000       17359,05600        3354,12300         -10,91100           1,88101           0,01413
          35,60000       17359,05700        3354,12300         -10,96000          -0,16107           0,02051
          35,65000       17359,05600        3354,12300         -10,96100          -9,22281          -0,01773
          35,70000       17359,05600        3354,12300         -10,96100          -6,15969           0,02051
          35,75000       17359,05700        3354,12300         -11,01100          -9,22281           0,00776
          35,80000       17359,05700        3354,12300         -11,01100          -6,79784           0,05237
          35,85000       17359,05600        3354,12300         -11,03100          -5,26628           0,03963
          35,90000       17359,05600        3354,12300         -11,06100          -2,96893           0,02688
          35,95000       17359,05600        3354,12300         -11,06200           0,60471           0,01413
          36,00000       17359,05700        3354,12200         -11,11300           9,66645          -0,01136
          36,05000       17359,05600        3354,12300         -11,11100           4,88032           0,04600
          36,10000       17359,05600        3354,12300         -11,11100         -11,83923           0,01413
          36,15000       17359,05600        3354,12300         -11,16200         -11,26489           0,01413
          36,20000       17359,05700        3354,12300         -11,16200         -10,75437          -0,00498
          36,25000       17359,05700        3354,12300         -11,16200         -10,81819          -0,00498
          36,30000       17359,05600        3354,12300         -11,21000          -9,98859           0,03325
          36,35000       17359,05600        3354,12300         -11,21100           0,73234           0,07149
          36,40000       17359,05600        3354,12300         -11,26100         -11,45634           0,00776
          36,45000       17359,05600        3354,12300         -11,26200         -10,56293           0,02688
          36,50000       17359,05600        3354,12300         -11,26200         -11,52016           0,03325
          36,55000       17359,05500        3354,12300         -11,26200         -11,07345           0,03325
          36,60000       17359,05600        3354,12300         -11,31200           2,51916           0,02051
          36,65000       17359,05600        3354,12200         -11,31300          -8,52085           0,02688
          36,70000       17359,05500        3354,12300         -11,36100          -4,62813           0,04600
          36,75000       17359,05600        3354,12300         -11,36200           9,41119           0,03325
          36,80000       17359,05600        3354,12300         -11,36200          12,53813           0,00776
          36,85000       17359,05600        3354,12300         -11,41100          -4,43668           0,02051
          36,90000       17359,05600        3354,12200         -11,41100         -12,22212           0,02051
          36,95000       17359,05600        3354,12300         -11,46000         -11,83923           0,05237
          37,00000       17359,05600        3354,12300         -11,46200          -8,77611           0,02051
          37,05000       17359,05600        3354,12300         -11,46200          -5,58535          -0,02410
          37,10000       17359,05600        3354,12300         -11,46600          -8,83992           0,00139
          37,15000       17359,05700        3354,12300         -11,51100         -12,41357           0,00776
          37,20000       17359,05600        3354,12300         -11,51200         -12,34975           0,00139
          37,25000       17359,05600        3354,12300         -11,51100          -6,60639           0,05874
          37,30000       17359,05600        3354,12300         -11,56200           3,34876           0,02051
          37,35000       17359,05600        3354,12200         -11,56100          21,85514           0,02051
          37,40000       17359,05500        3354,12200         -11,60900          -4,50050           0,00776
          37,45000       17359,05600        3354,12200         -11,61100         -12,22212           0,03963
          37,50000       17359,05600        3354,12300         -11,61000          24,08866           0,00776
          37,55000       17359,05600        3354,12200         -11,66100         -12,60501           0,01413
          37,60000       17359,05600        3354,12300         -11,66300         -12,41357           0,00139
          37,65000       17359,05600        3354,12300         -11,67800          -9,98859           0,03325
          37,70000       17359,05600        3354,12300         -11,71200          -6,73402           0,03325
          37,75000       17359,05600        3354,12300         -11,71200          14,89929           0,02051
          37,80000       17359,05600        3354,12200         -11,76100         -12,03068           0,05237
          37,85000       17359,05600        3354,12300         -11,76100         -12,09449           0,01413
          37,90000       17359,05600        3354,12400         -11,79200         -14,96617           0,02688
          37,95000       17359,05600        3354,12300         -11,81100         -18,34837           0,06512
          38,00000       17359,05700        3354,12300         -11,81200         -15,47669          -0,01773
          38,05000       17359,05600        3354,12300         -11,86100         -17,58259           0,03325
          38,10000       17359,05600        3354,12200         -11,86100         -18,02929          -0,01136
          38,15000       17359,05700        3354,12300         -11,86100         -17,90166          -0,01136
          38,20000       17359,05700        3354,12200         -11,91200         -17,58259           0,01413
          38,25000       17359,05700        3354,12200         -11,91100         -16,43392           0,03325
          38,30000       17359,05600        3354,12200         -11,93400         -16,43392           0,01413
          38,35000       17359,05600        3354,12200         -11,96200         -17,58259           0,03325
          38,40000       17359,05600        3354,12200         -11,96300         -17,39114           0,02688
          38,45000       17359,05500        3354,12200         -12,00900         -17,45496           0,01413
          38,50000       17359,05600        3354,12200         -12,01100         -17,19970           0,05237
          38,55000       17359,05700        3354,12200         -12,01100         -17,45496           0,02688
          38,60000       17359,05700        3354,12300         -12,02500         -16,88062          -0,01773
          38,65000       17359,05600        3354,12300         -12,06000         -17,64640           0,01413
          38,70000       17359,05600        3354,12200         -12,09500         -17,71022           0,00776
          38,75000       17359,05600        3354,12200         -12,11100         -17,00825           0,00139
          38,80000       17359,05600        3354,12200         -12,11100         -17,71022          -0,01773
          38,85000       17359,05600        3354,12300         -12,11100         -17,39114           0,02051
          38,90000       17359,05600        3354,12300         -12,16100         -17,96548           0,05237
          38,95000       17359,05600        3354,12300         -12,20600         -18,41218           0,03963
          39,00000       17359,05600        3354,12200         -12,21200         -16,49773           0,05874
          39,05000       17359,05700        3354,12200         -12,21200         -15,66814           0,02688
          39,10000       17359,05600        3354,12200         -12,21300         -17,96548           0,02688
          39,15000       17359,05600        3354,12200         -12,26000         -15,02999           0,00776
          39,20000       17359,05700        3354,12200         -12,26000         -18,41218           0,03325
          39,25000       17359,05700        3354,12200         -12,31000         -17,96548           0,03325
          39,30000       17359,05600        3354,12300         -12,31100         -18,15692           0,03963
          39,35000       17359,05600        3354,12200         -12,31100         -17,90166          -0,00498
          39,40000       17359,05600        3354,12300         -12,36200         -14,90235           0,00139
          39,45000       17359,05600        3354,12200         -12,36200         -17,96548           0,01413
          39,50000       17359,05600        3354,12200         -12,39100         -17,64640           0,00139
          39,55000       17359,05600        3354,12300         -12,40900         -16,94444           0,02051
          39,60000       17359,05600        3354,12300         -12,41000         -16,88062           0,00776
          39,65000       17359,05600        3354,12300         -12,41100         -16,05103           0,02051
          39,70000       17359,05600        3354,12200         -12,46200         -16,81681           0,05237
          39,75000       17359,05600        3354,12300         -12,46200         -15,54051           0,01413
          39,80000       17359,05600        3354,12200         -12,46300         -15,41288           0,00776
          39,85000       17359,05600        3354,12200         -12,51000         -17,77403           0,04600
          39,90000       17359,05600        3354,12300         -12,51000         -17,58259           0,02688
          39,95000       17359,05600        3354,12200         -12,51100         -18,92271          -0,04959
          40,00000       17359,05600        3354,12300         -12,56000         -18,28455           0,02688
          40,05000       17359,05600        3354,12300         -12,56100         -18,53981          -0,03685
          40,10000       17359,05600        3354,12200         -12,61000         -21,15623           0,05237
          40,15000       17359,05600        3354,12300         -12,61000         -10,37148           0,02051
          40,20000       17359,05700        3354,12300         -12,61200         -13,49842           0,00139
          40,25000       17359,05700        3354,12200         -12,66300         -17,32733           0,00776
          40,30000       17359,05600        3354,12300         -12,66100         -23,19832           0,04600
          40,35000       17359,05600        3354,12300         -12,70900         -12,47738           0,00776
          40,40000       17359,05600        3354,12300         -12,70900         -14,13657           0,02688
          40,45000       17359,05600        3354,12300         -12,71000         -15,28525           0,00776
          40,50000       17359,05700        3354,12300         -12,76200         -16,43392           0,03963
          40,55000       17359,05600        3354,12300         -12,76300          -2,96893           0,01413
          40,60000       17359,05700        3354,12300         -12,76400         -22,04964           0,00776
          40,65000       17359,05600        3354,12200         -12,81200         -20,26282           0,00776
          40,70000       17359,05600        3354,12300         -12,81200         -23,19832           0,03963
          40,75000       17359,05600        3354,12300         -12,81200         -20,07138           0,03963
          40,80000       17359,05600        3354,12300         -12,86000          67,48293           0,01413
          40,85000       17359,05600        3354,12300         -12,86100         -14,20039           0,00776
          40,90000       17359,05600        3354,12200         -12,91000           2,00864           0,01413
          40,95000       17359,05600        3354,12200         -12,90900          52,35875           0,04600
          41,00000       17359,05600        3354,12200         -12,91000         -28,55878           0,03963
          41,05000       17359,05600        3354,12200         -12,93900         134,61640           0,01413
          41,10000       17359,05700        3354,12300         -12,96000          19,36635          -0,03047
          41,15000       17359,05600        3354,12300         -12,95900         -13,81750           0,03325
          41,20000       17359,05600        3354,12200         -13,00800          62,95205           0,00776
          41,25000       17359,05600        3354,12200         -13,00900          24,28011          -0,00498
          41,30000       17359,05600        3354,12200         -13,00900           0,28564           0,05874
          41,35000       17359,05600        3354,12200         -13,06000          79,54398           0,01413
          41,40000       17359,05600        3354,12200         -13,06000           9,09212           0,00139
          41,45000       17359,05600        3354,12200         -13,06100         143,10381           0,01413
          41,50000       17359,05700        3354,12300         -13,11100         -14,64709           0,01413
          41,55000       17359,05600        3354,12200         -13,11200         -12,28594           0,02051
          41,60000       17359,05700        3354,12200         -13,11300         -16,05103           0,01413
          41,65000       17359,05700        3354,12300         -13,16000         -10,75437          -0,00498
          41,70000       17359,05600        3354,12200         -13,16100         260,07686           0,04600
          41,75000       17359,05600        3354,12300         -13,20900         -14,83854           0,09061
          41,80000       17359,05600        3354,12300         -13,21000          -9,86096           0,03963
          41,85000       17359,05600        3354,12300         -13,21000         -14,45565           0,03325
          41,90000       17359,05600        3354,12300         -13,25800           5,39084           0,03325
          41,95000       17359,05600        3354,12300         -13,25900         427,71910           0,02688
          42,00000       17359,05700        3354,12300         -13,30900         115,66332           0,02051
          42,05000       17359,05700        3354,12300         -13,31000         167,60880           0,03325
          42,10000       17359,05600        3354,12300         -13,31000         291,79296           0,02688
          42,15000       17359,05600        3354,12300         -13,35700         500,97883           0,03325
          42,20000       17359,05500        3354,12300         -13,35900         189,17830           0,00776
          42,25000       17359,05600        3354,12300         -13,36100          79,03346           0,03963
          42,30000       17359,05700        3354,12300         -13,40300         169,26799           0,02688
          42,35000       17359,05600        3354,12300         -13,41000         687,38270           0,04600
          42,40000       17359,05600        3354,12400         -13,43100         219,36284           0,04600
          42,45000       17359,05600        3354,12200         -13,46200         252,92957           0,02051
          42,50000       17359,05600        3354,12300         -13,46300         192,24142           0,03325
          42,55000       17359,05600        3354,12300         -13,51100         344,18515           0,00139
          42,60000       17359,05600        3354,12300         -13,51200         835,30608           0,02688
          42,65000       17359,05700        3354,12200         -13,51100         285,02856           0,03325
          42,70000       17359,05700        3354,12200         -13,51100         254,71640           0,03963
          42,75000       17359,05700        3354,12200         -13,51100         -19,68849           0,02051
          42,80000       17359,05800        3354,12100           0,54900         -19,43323           0,04600
          42,85000       17359,05700        3354,12100           0,54800         -18,85889           0,02688
          42,90000       17359,05700        3354,12000           0,54800         -19,17797           0,02051
          42,95000       17359,05700        3354,12100           0,54700         -19,11415          -0,01136
          43,00000       17359,05800        3354,12100           0,54700         -19,11415           0,02688
          43,05000       17359,05800        3354,12000           0,54700         -18,85889           0,04600
          43,10000       17359,05700        3354,12000           0,54800         -19,68849          -0,00498
          43,15000       17359,05700        3354,12000           0,54700         -18,53981           0,03325
          43,20000       17359,05700        3354,12000           0,54800         -19,05034           0,00776
          43,25000       17359,05700        3354,12100           0,54700         -19,30560           0,01413
          43,30000       17359,05800        3354,12100           0,54700         -19,17797           0,01413
          43,35000       17359,05800        3354,12100           0,54700         -18,98652          -0,01136
          43,40000       17359,05800        3354,12100           0,54800         -19,05034           0,03325
          43,45000       17359,05800        3354,12000           0,54700         -18,79508           0,02688
          43,50000       17359,05700        3354,12100           0,54800         -19,24178           0,05874
          43,55000       17359,05800        3354,12000           0,54700         -19,05034          -0,00498
          43,60000       17359,05700        3354,12100           0,54700         -18,66745           0,00776
          43,65000       17359,05700        3354,12000           0,54700         -18,66745           0,00776
          43,70000       17359,05800        3354,12100           0,54700         -18,41218           0,00139
          43,75000       17359,05800        3354,12000           0,54700         -19,05034          -0,00498
          43,80000       17359,05800        3354,12100           0,54700         -19,11415           0,00776
          43,85000       17359,05800        3354,12000           0,54700         -18,85889          -0,01773
          43,90000       17359,05800        3354,12000           0,54800         -19,30560           0,02051
          43,95000       17359,05800        3354,12000           0,54700         -18,60363           0,01413
          44,00000       17359,05800        3354,12000           0,54700         -19,24178           0,03325
          44,05000       17359,05800        3354,12000           0,54700         -19,36941           0,02688
          44,10000       17359,05700        3354,12000           0,54700         -19,24178           0,00139
          44,15000       17359,05800        3354,12100           0,54700         -19,30560           0,03963
          44,20000       17359,05700        3354,12100           0,54800         -18,60363           0,05237
          44,25000       17359,05800        3354,12100           0,54700         -18,92271           0,02051
          44,30000       17359,05700        3354,12000           0,54800         -19,11415          -0,00498
          44,35000       17359,05700        3354,12000           0,54700         -18,66745           0,03325
          44,40000       17359,05800        3354,12000           0,54700         -18,85889           0,05237
          44,45000       17359,05800        3354,12100           0,54800         -18,92271           0,03325
          44,50000       17359,05700        3354,12000           0,54700         -19,17797           0,02688
          44,55000       17359,05800        3354,12100           0,54800         -19,05034           0,07149
          44,60000       17359,05800        3354,12000           0,54800         -18,98652           0,02051
          44,65000       17359,05700        3354,12100           0,54700         -19,30560           0,01413
          44,70000       17359,05700        3354,12000           0,54700         -18,28455           0,02688
          44,75000       17359,05800        3354,12100           0,54800         -19,05034           0,02688
          44,80000       17359,05700        3354,12100           0,54800         -18,92271           0,01413
          44,85000       17359,05800        3354,12000           0,54700         -18,09311           0,05874
          44,90000       17359,05800        3354,12100           0,54700         -19,62467          -0,00498
          44,95000       17359,05700        3354,12100           0,54800         -19,17797          -0,00498
          45,00000       17359,05800        3354,12000           0,54700         -18,66745           0,03963
          45,05000       17359,05700        3354,12100           0,54800         -19,05034           0,05874
          45,10000       17359,05800        3354,12100           0,54700         -18,79508           0,04600
          45,15000       17359,05800        3354,12100           0,54800         -19,68849           0,01413
          45,20000       17359,05700        3354,12100           0,54800         -19,56086           0,03963
          45,25000       17359,05700        3354,12000           0,54800         -18,85889           0,05237
          45,30000       17359,05800        3354,12000           0,54800         -19,30560           0,00776
          45,35000       17359,05800        3354,12000           0,54700         -18,60363           0,00776
          45,40000       17359,05800        3354,12000           0,54800         -19,56086          -0,04322
          45,45000       17359,05800        3354,12100           0,54700         -18,85889           0,02051
          45,50000       17359,05800        3354,12100           0,54700         -18,92271           0,02688
          45,55000       17359,05800        3354,12100           0,54800         -18,79508           0,03963
