
// =========================================================================================================
// 2026-04-17, 11:46:50
//        Time [s]        Pos X [um]        Pos Y [um]        Pos Z [um]      Force A [uN]      Force B [uN]
// =========================================================================================================
           0,00000       16352,76400        3223,50700          -0,24500         -36,47186           0,03963
           0,05000       16352,76400        3223,50700          -0,24400         -36,40804           0,02051
           0,10000       16352,76300        3223,50700          -0,24400         -36,59949           0,02688
           0,15000       16352,76300        3223,50700          -0,24400         -36,79093           0,02688
           0,20000       16352,76300        3223,50700          -0,24400         -36,28041           0,03325
           0,25000       16352,76300        3223,50700          -0,24400         -36,15278           0,03325
           0,30000       16352,76300        3223,50700          -0,24400         -36,21659           0,04600
           0,35000       16352,76300        3223,50700          -0,24400         -35,89752           0,02688
           0,40000       16352,76400        3223,50800          -0,24400         -35,96133           0,03325
           0,45000       16352,76400        3223,50800          -0,24400         -36,40804           0,04600
           0,50000       16352,76400        3223,50700          -0,24400         -36,08896          -0,00498
           0,55000       16352,76300        3223,50800          -0,24400         -36,53567           0,02051
           0,60000       16352,76300        3223,50700          -0,24400         -36,66330           0,02688
           0,65000       16352,76400        3223,50700          -0,24500         -36,85475           0,05874
           0,70000       16352,76300        3223,50700          -0,24400         -36,08896           0,03963
           0,75000       16352,76400        3223,50800          -0,24500         -36,91856           0,03325
           0,80000       16352,76400        3223,50800          -0,24400         -36,72712           0,00776
           0,85000       16352,76300        3223,50800          -0,24400         -36,08896           0,00776
           0,90000       16352,76400        3223,50700          -0,24400         -36,59949           0,02051
           0,95000       16352,76400        3223,50700          -0,24400         -36,66330           0,02051
           1,00000       16352,76400        3223,50800          -0,24400         -36,91856           0,01413
           1,05000       16352,76400        3223,50700          -0,24400         -35,83370           0,05874
           1,10000       16352,76400        3223,50700          -0,24400         -36,85475           0,02051
           1,15000       16352,76400        3223,50700          -0,24300         -36,91856           0,03963
           1,20000       16352,76400        3223,50800          -0,24400         -36,21659           0,00776
           1,25000       16352,76400        3223,50700          -0,24400         -36,53567           0,06512
           1,30000       16352,76400        3223,50800          -0,24400         -36,28041           0,01413
           1,35000       16352,76500        3223,50800          -0,24300         -36,59949           0,03325
           1,40000       16352,76400        3223,50800          -0,24400         -36,47186           0,02051
           1,45000       16352,76400        3223,50800          -0,24500         -36,08896           0,00776
           1,50000       16352,76300        3223,50700          -0,24400         -36,85475          -0,00498
           1,55000       16352,76400        3223,50700          -0,24400         -36,98238           0,03325
           1,60000       16352,76400        3223,50700          -0,24400         -36,59949           0,01413
           1,65000       16352,76400        3223,50800          -0,24500         -36,34422          -0,01773
           1,70000       16352,76300        3223,50800          -0,24400         -36,28041           0,02688
           1,75000       16352,76300        3223,50800          -0,24400         -36,08896           0,02688
           1,80000       16352,76300        3223,50800          -0,24400         -36,53567           0,03325
           1,85000       16352,76400        3223,50700          -0,24400         -36,02515           0,03963
           1,90000       16352,76400        3223,50700          -0,24400         -36,08896          -0,00498
           1,95000       16352,76400        3223,50700          -0,24400         -36,91856           0,07149
           2,00000       16352,76400        3223,50800          -0,24400         -36,85475           0,03325
           2,05000       16352,76400        3223,50700          -0,24400         -36,40804           0,03325
           2,10000       16352,76400        3223,50700          -0,24500         -36,34422           0,02051
           2,15000       16352,76400        3223,50700          -0,24400         -36,02515          -0,00498
           2,20000       16352,76400        3223,50700          -0,24400         -37,04619           0,01413
           2,25000       16352,76400        3223,50800          -0,24400         -36,59949          -0,00498
           2,30000       16352,76400        3223,50800          -0,24400         -36,91856           0,00139
           2,35000       16352,76400        3223,50700          -0,24400         -36,21659           0,02688
           2,40000       16352,76400        3223,50800          -0,24400         -36,98238           0,07149
           2,45000       16352,76400        3223,50800          -0,24500         -36,47186           0,05237
           2,50000       16352,76400        3223,50700          -0,24400         -36,53567           0,02688
           2,55000       16352,76400        3223,50800          -0,24400         -36,59949           0,01413
           2,60000       16352,76500        3223,50700          -0,24400         -36,21659          -0,01773
           2,65000       16352,76400        3223,50800          -0,24400         -36,85475           0,00776
           2,70000       16352,76400        3223,50700          -0,24400         -36,53567           0,04600
           2,75000       16352,76400        3223,50800          -0,24300         -36,08896           0,01413
           2,80000       16352,76400        3223,50700          -0,24400         -35,96133           0,04600
           2,85000       16352,76300        3223,50700          -0,24400         -36,59949           0,04600
           2,90000       16352,76300        3223,50800          -0,24400         -36,79093           0,02688
           2,95000       16352,76300        3223,50700          -0,24400         -36,08896           0,02051
           3,00000       16352,76400        3223,50700          -0,24400         -36,85475           0,00776
           3,05000       16352,76400        3223,50700          -0,24500         -36,08896           0,01413
           3,10000       16352,76400        3223,50700          -0,24400         -36,08896           0,02051
           3,15000       16352,76400        3223,50700          -0,24400         -36,40804           0,02688
           3,20000       16352,76400        3223,50700          -0,24400         -36,66330           0,04600
           3,25000       16352,76400        3223,50700          -0,24400         -36,53567           0,00776
           3,30000       16352,76300        3223,50800          -0,24300         -36,15278           0,01413
           3,35000       16352,76400        3223,50800          -0,24300         -37,17382           0,00776
           3,40000       16352,76400        3223,50700          -0,24300         -36,21659           0,03963
           3,45000       16352,76300        3223,50800          -0,24400         -36,34422          -0,01136
           3,50000       16352,76400        3223,50700          -0,24400         -36,66330           0,02688
           3,55000       16352,76400        3223,50700          -0,24400         -36,08896           0,01413
           3,60000       16352,76300        3223,50700          -0,24400         -36,98238           0,00776
           3,65000       16352,76400        3223,50800          -0,24300         -36,59949           0,02051
           3,70000       16352,76400        3223,50700          -0,24400         -36,21659           0,05237
           3,75000       16352,76400        3223,50800          -0,24400         -36,40804           0,02051
           3,80000       16352,76400        3223,50700          -0,24400         -36,59949           0,03963
           3,85000       16352,76400        3223,50700          -0,24400         -36,40804           0,03963
           3,90000       16352,76400        3223,50700          -0,24400         -36,53567           0,00776
           3,95000       16352,76400        3223,50700          -0,24400         -36,40804           0,00776
           4,00000       16352,76500        3223,50700          -0,74700         -36,47186          -0,01136
           4,05000       16352,76400        3223,50700          -0,75600         -36,53567           0,02688
           4,10000       16352,76300        3223,50700          -0,76500         -36,66330           0,01413
           4,15000       16352,76400        3223,50700          -0,79500         -36,02515           0,02688
           4,20000       16352,76400        3223,50600          -0,79700         -36,08896           0,00139
           4,25000       16352,76300        3223,50600          -0,80700         -36,98238           0,04600
           4,30000       16352,76400        3223,50600          -0,80700         -36,66330           0,03325
           4,35000       16352,76300        3223,50600          -0,80800         -36,34422           0,03963
           4,40000       16352,76400        3223,50700          -0,80900         -35,76989           0,01413
           4,45000       16352,76300        3223,50700          -0,81300         -36,85475           0,02688
           4,50000       16352,76400        3223,50700          -0,81600         -36,85475           0,01413
           4,55000       16352,76400        3223,50700          -0,81900         -37,11001           0,02051
           4,60000       16352,76400        3223,50700          -0,81900         -36,66330           0,02051
           4,65000       16352,76300        3223,50700          -0,82100         -36,02515           0,02051
           4,70000       16352,76400        3223,50700          -0,82300         -36,02515           0,03963
           4,75000       16352,76300        3223,50700          -0,82500         -36,91856           0,04600
           4,80000       16352,76300        3223,50600          -0,82900         -36,47186           0,03963
           4,85000       16352,76400        3223,50600          -0,82900         -36,08896           0,02688
           4,90000       16352,76400        3223,50600          -0,83000         -36,47186           0,02688
           4,95000       16352,76300        3223,50600          -0,83200         -37,11001           0,00139
           5,00000       16352,76400        3223,50600          -0,83300         -36,66330           0,02688
           5,05000       16352,76400        3223,50700          -0,83500         -36,08896          -0,01136
           5,10000       16352,76300        3223,50600          -0,84000         -36,21659           0,00139
           5,15000       16352,76400        3223,50600          -0,84000         -36,53567           0,03325
           5,20000       16352,76300        3223,50600          -0,84100         -36,21659           0,03325
           5,25000       16352,76400        3223,50600          -0,85200         -36,85475           0,03325
           5,30000       16352,76400        3223,50600          -0,85200         -36,15278           0,03325
           5,35000       16352,76300        3223,50600          -0,85300         -36,40804           0,05237
           5,40000       16352,76400        3223,50600          -0,87700         -35,76989           0,01413
           5,45000       16352,76300        3223,50600          -0,87800         -36,28041          -0,00498
           5,50000       16352,76400        3223,50600          -0,91400         -36,53567           0,00139
           5,55000       16352,76400        3223,50600          -0,91600         -36,40804           0,02688
           5,60000       16352,76300        3223,50600          -0,95300         -36,34422           0,05237
           5,65000       16352,76400        3223,50600          -0,95800         -36,47186           0,02688
           5,70000       16352,76400        3223,50700          -0,95800         -36,85475           0,02051
           5,75000       16352,76200        3223,50700          -0,96600         -36,91856           0,02688
           5,80000       16352,76400        3223,50600          -1,00200         -36,15278           0,03963
           5,85000       16352,76400        3223,50600          -1,00200         -36,34422           0,01413
           5,90000       16352,76300        3223,50600          -1,04900         -36,47186           0,03963
           5,95000       16352,76400        3223,50600          -1,05000         -36,47186           0,02051
           6,00000       16352,76400        3223,50500          -1,09800         -36,66330           0,03325
           6,05000       16352,76400        3223,50600          -1,10000         -36,40804           0,05874
           6,10000       16352,76400        3223,50600          -1,10100         -36,59949          -0,01136
           6,15000       16352,76400        3223,50500          -1,10000         -36,15278           0,03325
           6,20000       16352,76500        3223,50600          -1,14900         -36,28041           0,03325
           6,25000       16352,76400        3223,50600          -1,14900         -36,34422           0,03325
           6,30000       16352,76400        3223,50700          -1,19800         -36,15278           0,03325
           6,35000       16352,76400        3223,50600          -1,19900         -36,21659           0,02688
           6,40000       16352,76400        3223,50600          -1,20000         -36,72712          -0,00498
           6,45000       16352,76400        3223,50600          -1,25100         -36,40804           0,04600
           6,50000       16352,76400        3223,50600          -1,25100         -36,59949           0,02688
           6,55000       16352,76400        3223,50600          -1,25100         -36,53567           0,01413
           6,60000       16352,76300        3223,50600          -1,30100         -36,08896           0,00776
           6,65000       16352,76400        3223,50600          -1,30100         -35,96133           0,03325
           6,70000       16352,76300        3223,50500          -1,35200         -36,34422          -0,01773
           6,75000       16352,76400        3223,50600          -1,35300         -35,83370           0,02051
           6,80000       16352,76400        3223,50600          -1,35300         -36,79093           0,01413
           6,85000       16352,76400        3223,50600          -1,40300         -36,53567           0,00776
           6,90000       16352,76300        3223,50600          -1,40400         -36,85475           0,03325
           6,95000       16352,76300        3223,50600          -1,40400         -36,59949           0,05237
           7,00000       16352,76200        3223,50600          -1,41800         -36,79093           0,00139
           7,05000       16352,76400        3223,50600          -1,45400         -36,15278           0,01413
           7,10000       16352,76400        3223,50600          -1,45500         -36,15278           0,03963
           7,15000       16352,76400        3223,50600          -1,50700         -36,47186           0,00776
           7,20000       16352,76500        3223,50600          -1,50700         -36,66330           0,00139
           7,25000       16352,76400        3223,50700          -1,50800         -36,34422           0,01413
           7,30000       16352,76400        3223,50600          -1,55700         -36,02515          -0,03047
           7,35000       16352,76400        3223,50600          -1,55800         -35,76989           0,03963
           7,40000       16352,76500        3223,50600          -1,55800         -36,28041           0,02051
           7,45000       16352,76400        3223,50600          -1,60900         -36,34422           0,01413
           7,50000       16352,76500        3223,50600          -1,60900         -36,40804           0,00776
           7,55000       16352,76500        3223,50600          -1,61000         -36,21659          -0,01136
           7,60000       16352,76400        3223,50600          -1,66000         -36,08896           0,06512
           7,65000       16352,76400        3223,50600          -1,66000         -36,72712           0,03963
           7,70000       16352,76400        3223,50600          -1,71100         -37,11001           0,06512
           7,75000       16352,76500        3223,50600          -1,71200         -36,85475           0,05874
           7,80000       16352,76500        3223,50600          -1,71300         -36,59949          -0,02410
           7,85000       16352,76400        3223,50600          -1,76200         -36,40804           0,04600
           7,90000       16352,76400        3223,50600          -1,76300         -36,47186          -0,01136
           7,95000       16352,76400        3223,50600          -1,76300         -36,85475          -0,00498
           8,00000       16352,76400        3223,50600          -1,81300         -36,72712           0,02688
           8,05000       16352,76400        3223,50600          -1,81400         -35,96133           0,05237
           8,10000       16352,76400        3223,50600          -1,86100         -36,21659           0,00776
           8,15000       16352,76400        3223,50600          -1,86400         -35,96133           0,03325
           8,20000       16352,76400        3223,50600          -1,86400         -37,11001           0,03325
           8,25000       16352,76500        3223,50500          -1,87700         -35,96133           0,02051
           8,30000       16352,76400        3223,50600          -1,91400         -35,89752           0,02688
           8,35000       16352,76400        3223,50600          -1,91600         -35,96133           0,03963
           8,40000       16352,76500        3223,50600          -1,93200         -36,79093           0,02051
           8,45000       16352,76500        3223,50600          -1,96500         -36,28041           0,04600
           8,50000       16352,76500        3223,50600          -1,96500         -36,34422          -0,01136
           8,55000       16352,76500        3223,50600          -2,01600         -35,96133           0,02688
           8,60000       16352,76500        3223,50500          -2,01600         -36,79093           0,04600
           8,65000       16352,76400        3223,50600          -2,01600         -35,64226           0,02051
           8,70000       16352,76400        3223,50600          -2,06600         -36,34422           0,02051
           8,75000       16352,76500        3223,50600          -2,07700         -36,40804           0,01413
           8,80000       16352,76400        3223,50600          -2,11600         -36,66330           0,03325
           8,85000       16352,76500        3223,50600          -2,11700         -36,66330           0,02051
           8,90000       16352,76500        3223,50500          -2,11600         -35,96133          -0,03047
           8,95000       16352,76400        3223,50600          -2,16700         -36,47186           0,02051
           9,00000       16352,76400        3223,50500          -2,16900         -36,40804           0,02051
           9,05000       16352,76400        3223,50500          -2,20800         -36,40804           0,03325
           9,10000       16352,76400        3223,50500          -2,21700         -36,02515           0,03963
           9,15000       16352,76400        3223,50500          -2,21800         -36,08896           0,02051
           9,20000       16352,76400        3223,50600          -2,26700         -36,21659           0,05874
           9,25000       16352,76400        3223,50600          -2,26800         -36,34422           0,01413
           9,30000       16352,76400        3223,50600          -2,26700         -36,40804           0,03325
           9,35000       16352,76500        3223,50600          -2,31700         -36,15278           0,00139
           9,40000       16352,76500        3223,50600          -2,31900         -36,79093           0,02688
           9,45000       16352,76400        3223,50600          -2,33800         -36,21659          -0,01773
           9,50000       16352,76500        3223,50500          -2,36900         -36,66330           0,00139
           9,55000       16352,76500        3223,50600          -2,36900         -36,08896           0,00776
           9,60000       16352,76400        3223,50600          -2,41800         -36,59949           0,04600
           9,65000       16352,76500        3223,50600          -2,41800         -36,02515           0,03325
           9,70000       16352,76500        3223,50600          -2,41900         -36,02515           0,02051
           9,75000       16352,76400        3223,50600          -2,47000         -36,28041           0,02051
           9,80000       16352,76500        3223,50600          -2,46900         -35,83370           0,04600
           9,85000       16352,76400        3223,50600          -2,47000         -36,34422           0,03325
           9,90000       16352,76500        3223,50600          -2,51900         -36,53567           0,02051
           9,95000       16352,76400        3223,50500          -2,51900         -36,28041           0,01413
          10,00000       16352,76400        3223,50600          -2,52900         -35,83370           0,02051
          10,05000       16352,76400        3223,50600          -2,57000         -36,02515           0,00776
          10,10000       16352,76400        3223,50600          -2,57000         -36,21659           0,02051
          10,15000       16352,76300        3223,50500          -2,62000         -36,40804           0,03325
          10,20000       16352,76400        3223,50600          -2,62000         -36,47186           0,00139
          10,25000       16352,76400        3223,50600          -2,66600         -36,79093           0,03963
          10,30000       16352,76400        3223,50600          -2,66900         -36,02515          -0,02410
          10,35000       16352,76300        3223,50600          -2,66900         -35,64226           0,05237
          10,40000       16352,76400        3223,50600          -2,71900         -36,34422           0,03325
          10,45000       16352,76300        3223,50500          -2,71900         -36,47186           0,05237
          10,50000       16352,76300        3223,50600          -2,72000         -36,34422           0,02688
          10,55000       16352,76300        3223,50600          -2,77200         -36,47186           0,04600
          10,60000       16352,76400        3223,50600          -2,77200         -35,83370           0,04600
          10,65000       16352,76400        3223,50600          -2,82100         -36,21659           0,01413
          10,70000       16352,76300        3223,50600          -2,82100         -36,28041           0,05874
          10,75000       16352,76400        3223,50600          -2,82000         -36,02515          -0,01136
          10,80000       16352,76400        3223,50600          -2,87000         -35,70607           0,05874
          10,85000       16352,76400        3223,50600          -2,87000         -36,47186           0,00776
          10,90000       16352,76400        3223,50600          -2,92000         -36,21659           0,02051
          10,95000       16352,76400        3223,50600          -2,92000         -36,02515           0,03325
          11,00000       16352,76400        3223,50600          -2,92100         -35,89752          -0,00498
          11,05000       16352,76400        3223,50600          -2,93100         -36,47186           0,05874
          11,10000       16352,76400        3223,50600          -2,97200         -36,53567          -0,01136
          11,15000       16352,76400        3223,50600          -2,97200         -36,21659           0,02051
          11,20000       16352,76400        3223,50600          -2,97200         -36,28041           0,06512
          11,25000       16352,76400        3223,50600          -3,02200         -36,79093          -0,02410
          11,30000       16352,76400        3223,50500          -3,02200         -36,66330           0,03963
          11,35000       16352,76400        3223,50500          -3,06000         -36,28041           0,05874
          11,40000       16352,76400        3223,50500          -3,07300         -36,40804           0,00776
          11,45000       16352,76400        3223,50600          -3,07300         -36,66330           0,02051
          11,50000       16352,76400        3223,50500          -3,10000         -35,76989          -0,01773
          11,55000       16352,76500        3223,50600          -3,12200         -36,53567           0,02051
          11,60000       16352,76400        3223,50600          -3,12300         -36,85475           0,01413
          11,65000       16352,76400        3223,50500          -3,17100         -36,21659           0,02051
          11,70000       16352,76400        3223,50500          -3,17200         -36,72712           0,02051
          11,75000       16352,76300        3223,50500          -3,17200         -36,53567           0,07786
          11,80000       16352,76400        3223,50500          -3,22200         -36,34422           0,03963
          11,85000       16352,76400        3223,50600          -3,22200         -36,28041           0,02051
          11,90000       16352,76400        3223,50600          -3,23500         -36,15278           0,03325
          11,95000       16352,76400        3223,50500          -3,27100         -36,08896           0,01413
          12,00000       16352,76400        3223,50500          -3,27200         -36,59949           0,03325
          12,05000       16352,76300        3223,50600          -3,32100         -36,47186           0,02051
          12,10000       16352,76400        3223,50600          -3,32200         -36,15278           0,01413
          12,15000       16352,76500        3223,50600          -3,36500         -36,15278           0,00139
          12,20000       16352,76400        3223,50500          -3,37000         -36,21659           0,02688
          12,25000       16352,76400        3223,50500          -3,37100         -36,28041           0,02688
          12,30000       16352,76400        3223,50500          -3,37100         -36,28041           0,01413
          12,35000       16352,76400        3223,50600          -3,42200         -35,96133           0,01413
          12,40000       16352,76400        3223,50500          -3,42100         -36,66330           0,02051
          12,45000       16352,76400        3223,50600          -3,46900         -36,59949           0,03325
          12,50000       16352,76500        3223,50500          -3,47100         -36,59949           0,02688
          12,55000       16352,76400        3223,50500          -3,47100         -35,89752           0,04600
          12,60000       16352,76500        3223,50500          -3,51900         -36,15278           0,05237
          12,65000       16352,76400        3223,50500          -3,52100         -35,64226           0,03325
          12,70000       16352,76400        3223,50500          -3,51800         -36,21659           0,03963
          12,75000       16352,76400        3223,50500          -3,57000         -36,28041           0,00776
          12,80000       16352,76400        3223,50500          -3,57100         -36,34422          -0,01136
          12,85000       16352,76400        3223,50500          -3,58800         -36,47186           0,00139
          12,90000       16352,76400        3223,50500          -3,62200         -36,47186           0,01413
          12,95000       16352,76400        3223,50500          -3,61500         -36,47186           0,05237
          13,00000       16352,76400        3223,50500          -3,67100         -35,38700           0,01413
          13,05000       16352,76400        3223,50500          -3,67100         -36,47186           0,02051
          13,10000       16352,76400        3223,50500          -3,67200         -36,72712          -0,01773
          13,15000       16352,76300        3223,50500          -3,72100         -36,59949           0,03325
          13,20000       16352,76400        3223,50500          -3,72200         -36,40804           0,02051
          13,25000       16352,76400        3223,50500          -3,77000         -36,08896           0,05237
          13,30000       16352,76500        3223,50500          -3,77100         -36,28041           0,01413
          13,35000       16352,76400        3223,50600          -3,77200         -35,89752           0,02051
          13,40000       16352,76400        3223,50500          -3,82100         -36,40804           0,00776
          13,45000       16352,76400        3223,50500          -3,82100         -36,08896           0,02688
          13,50000       16352,76500        3223,50500          -3,87400         -36,28041           0,03325
          13,55000       16352,76400        3223,50500          -3,87200         -36,02515           0,03325
          13,60000       16352,76300        3223,50500          -3,87200         -36,08896           0,00776
          13,65000       16352,76400        3223,50500          -3,87200         -36,28041           0,02688
          13,70000       16352,76500        3223,50400          -3,92200         -35,64226           0,02688
          13,75000       16352,76400        3223,50500          -3,92200         -36,02515           0,03963
          13,80000       16352,76400        3223,50500          -3,92200         -35,76989          -0,00498
          13,85000       16352,76400        3223,50500          -3,97100         -36,15278           0,01413
          13,90000       16352,76300        3223,50500          -3,97100         -36,34422           0,04600
          13,95000       16352,76300        3223,50500          -3,99400         -35,96133           0,00776
          14,00000       16352,76300        3223,50500          -4,02100         -36,15278          -0,00498
          14,05000       16352,76400        3223,50600          -4,02100         -36,02515           0,02688
          14,10000       16352,76400        3223,50500          -4,07100         -35,70607           0,02688
          14,15000       16352,76400        3223,50500          -4,07200         -36,34422          -0,02410
          14,20000       16352,76400        3223,50500          -4,07200         -36,02515           0,04600
          14,25000       16352,76400        3223,50500          -4,12100         -35,76989           0,03963
          14,30000       16352,76400        3223,50500          -4,12300         -36,40804          -0,01136
          14,35000       16352,76400        3223,50500          -4,17100         -36,15278           0,03325
          14,40000       16352,76400        3223,50500          -4,17100         -36,34422          -0,00498
          14,45000       16352,76400        3223,50500          -4,17100         -35,83370           0,01413
          14,50000       16352,76400        3223,50500          -4,22000         -35,70607           0,01413
          14,55000       16352,76500        3223,50500          -4,22200         -36,15278           0,03963
          14,60000       16352,76500        3223,50500          -4,27100         -35,70607           0,03963
          14,65000       16352,76400        3223,50500          -4,27100         -36,47186           0,03963
          14,70000       16352,76400        3223,50500          -4,27000         -36,34422           0,03325
          14,75000       16352,76400        3223,50500          -4,31800         -35,83370           0,02051
          14,80000       16352,76400        3223,50500          -4,32100         -36,47186          -0,01773
          14,85000       16352,76400        3223,50500          -4,32100         -35,96133           0,02688
          14,90000       16352,76500        3223,50500          -4,32200         -36,15278           0,04600
          14,95000       16352,76500        3223,50500          -4,37100         -35,83370          -0,03047
          15,00000       16352,76400        3223,50500          -4,37200         -36,28041           0,01413
          15,05000       16352,76400        3223,50500          -4,42200         -36,15278           0,01413
          15,10000       16352,76500        3223,50400          -4,42300         -36,15278           0,02688
          15,15000       16352,76400        3223,50500          -4,42400         -36,34422           0,01413
          15,20000       16352,76400        3223,50400          -4,47200         -36,66330           0,01413
          15,25000       16352,76400        3223,50500          -4,47300         -36,15278           0,05874
          15,30000       16352,76300        3223,50500          -4,47300         -35,57844           0,03963
          15,35000       16352,76400        3223,50400          -4,52200         -35,70607           0,00776
          15,40000       16352,76400        3223,50400          -4,52200         -35,83370           0,00139
          15,45000       16352,76500        3223,50400          -4,56400         -35,96133           0,02051
          15,50000       16352,76400        3223,50400          -4,57200         -36,28041           0,01413
          15,55000       16352,76400        3223,50400          -4,57100         -36,21659          -0,00498
          15,60000       16352,76400        3223,50400          -4,62200         -36,15278          -0,00498
          15,65000       16352,76400        3223,50500          -4,62200         -36,15278           0,01413
          15,70000       16352,76500        3223,50500          -4,62200         -36,08896           0,00776
          15,75000       16352,76400        3223,50500          -4,67100         -35,96133           0,06512
          15,80000       16352,76400        3223,50500          -4,67200         -35,76989           0,02051
          15,85000       16352,76400        3223,50500          -4,69500         -35,76989           0,00776
          15,90000       16352,76400        3223,50500          -4,72200         -36,66330           0,05874
          15,95000       16352,76400        3223,50500          -4,72100         -35,83370           0,04600
          16,00000       16352,76400        3223,50500          -4,77200         -36,08896           0,00776
          16,05000       16352,76400        3223,50500          -4,77100         -36,21659           0,02051
          16,10000       16352,76400        3223,50500          -4,77100         -35,57844           0,02051
          16,15000       16352,76400        3223,50500          -4,82000         -35,45081          -0,01773
          16,20000       16352,76400        3223,50400          -4,82100         -35,45081          -0,01136
          16,25000       16352,76500        3223,50500          -4,87000         -35,89752           0,03963
          16,30000       16352,76400        3223,50400          -4,87100         -35,70607           0,03963
          16,35000       16352,76400        3223,50400          -4,87100         -36,02515           0,00776
          16,40000       16352,76300        3223,50500          -4,92100         -35,76989           0,03963
          16,45000       16352,76400        3223,50500          -4,92100         -35,83370           0,00776
          16,50000       16352,76400        3223,50500          -4,92200         -36,40804           0,02688
          16,55000       16352,76300        3223,50500          -4,93600         -35,64226           0,02688
          16,60000       16352,76400        3223,50400          -4,97200         -36,08896          -0,01773
          16,65000       16352,76300        3223,50500          -5,02100         -36,15278           0,00776
          16,70000       16352,76400        3223,50500          -5,02200         -36,28041           0,05237
          16,75000       16352,76400        3223,50500          -5,02200         -36,28041           0,02688
          16,80000       16352,76400        3223,50400          -5,07000         -35,64226           0,03325
          16,85000       16352,76400        3223,50400          -5,07200         -35,83370           0,03963
          16,90000       16352,76300        3223,50500          -5,08700         -35,83370          -0,00498
          16,95000       16352,76400        3223,50500          -5,12200         -35,83370           0,00139
          17,00000       16352,76400        3223,50500          -5,12200         -35,89752           0,02688
          17,05000       16352,76400        3223,50500          -5,13500         -35,00411           0,02051
          17,10000       16352,76300        3223,50500          -5,17100         -35,70607           0,05874
          17,15000       16352,76300        3223,50400          -5,17100         -35,45081           0,00776
          17,20000       16352,76300        3223,50500          -5,22200         -35,96133           0,05874
          17,25000       16352,76400        3223,50400          -5,22300         -35,89752          -0,01773
          17,30000       16352,76400        3223,50400          -5,22300         -35,57844           0,02688
          17,35000       16352,76500        3223,50500          -5,27100         -35,38700           0,04600
          17,40000       16352,76300        3223,50500          -5,27200         -36,21659           0,01413
          17,45000       16352,76400        3223,50500          -5,31200         -36,34422          -0,01136
          17,50000       16352,76300        3223,50500          -5,32100         -35,83370           0,00776
          17,55000       16352,76300        3223,50500          -5,32200         -35,89752           0,02688
          17,60000       16352,76300        3223,50500          -5,35000         -36,53567           0,00776
          17,65000       16352,76300        3223,50500          -5,37200         -36,34422           0,03325
          17,70000       16352,76400        3223,50500          -5,37300         -36,28041          -0,00498
          17,75000       16352,76400        3223,50500          -5,42000         -35,51463          -0,00498
          17,80000       16352,76500        3223,50500          -5,42100         -35,64226           0,03325
          17,85000       16352,76500        3223,50500          -5,42100         -35,57844           0,01413
          17,90000       16352,76500        3223,50400          -5,43600         -36,28041           0,00776
          17,95000       16352,76400        3223,50500          -5,47300         -36,28041           0,02051
          18,00000       16352,76400        3223,50500          -5,47300         -35,83370           0,05237
          18,05000       16352,76400        3223,50400          -5,52200         -36,08896           0,00776
          18,10000       16352,76400        3223,50500          -5,52200         -35,83370          -0,00498
          18,15000       16352,76400        3223,50500          -5,52200         -35,64226           0,05874
          18,20000       16352,76500        3223,50400          -5,57200         -35,89752           0,00776
          18,25000       16352,76500        3223,50500          -5,57300         -36,28041           0,00139
          18,30000       16352,76500        3223,50500          -5,62100         -36,34422           0,05237
          18,35000       16352,76500        3223,50500          -5,62200         -35,70607           0,02051
          18,40000       16352,76500        3223,50500          -5,62200         -35,06792           0,04600
          18,45000       16352,76500        3223,50500          -5,67100         -36,28041           0,03325
          18,50000       16352,76400        3223,50500          -5,67200         -35,89752           0,03325
          18,55000       16352,76400        3223,50500          -5,72000         -35,13174           0,00139
          18,60000       16352,76400        3223,50500          -5,72200         -35,64226           0,05874
          18,65000       16352,76400        3223,50500          -5,72200         -35,51463           0,01413
          18,70000       16352,76400        3223,50500          -5,77200         -35,25937           0,05237
          18,75000       16352,76500        3223,50500          -5,77100         -35,76989           0,02688
          18,80000       16352,76400        3223,50500          -5,82200         -36,08896           0,04600
          18,85000       16352,76400        3223,50500          -5,82300         -35,89752          -0,01136
          18,90000       16352,76400        3223,50500          -5,82200         -36,02515           0,04600
          18,95000       16352,76500        3223,50500          -5,87100         -34,87648           0,03963
          19,00000       16352,76400        3223,50400          -5,87100         -35,57844          -0,00498
          19,05000       16352,76400        3223,50500          -5,87200         -35,57844           0,02051
          19,10000       16352,76500        3223,50400          -5,92300         -35,45081           0,01413
          19,15000       16352,76500        3223,50500          -5,92200         -35,51463           0,03325
          19,20000       16352,76500        3223,50500          -5,97200         -35,64226           0,05874
          19,25000       16352,76500        3223,50400          -5,97200         -36,34422           0,02051
          19,30000       16352,76500        3223,50400          -5,97300         -35,83370           0,00776
          19,35000       16352,76500        3223,50400          -6,02200         -36,08896           0,02688
          19,40000       16352,76500        3223,50400          -6,02200         -35,38700           0,02688
          19,45000       16352,76500        3223,50400          -6,07200         -35,70607           0,00139
          19,50000       16352,76500        3223,50500          -6,07200         -35,89752           0,03325
          19,55000       16352,76400        3223,50500          -6,07200         -35,76989           0,02688
          19,60000       16352,76500        3223,50500          -6,07200         -35,51463          -0,00498
          19,65000       16352,76500        3223,50500          -6,12200         -35,45081           0,03325
          19,70000       16352,76500        3223,50500          -6,14000         -35,70607           0,00139
          19,75000       16352,76400        3223,50500          -6,17200         -35,19555           0,02688
          19,80000       16352,76500        3223,50500          -6,17200         -35,57844          -0,01773
          19,85000       16352,76500        3223,50400          -6,17200         -35,19555           0,04600
          19,90000       16352,76500        3223,50500          -6,22100         -35,51463           0,01413
          19,95000       16352,76500        3223,50400          -6,22200         -35,38700           0,03325
          20,00000       16352,76500        3223,50400          -6,22200         -35,45081           0,04600
          20,05000       16352,76500        3223,50400          -6,27300         -35,70607          -0,00498
          20,10000       16352,76500        3223,50400          -6,27300         -36,08896           0,04600
          20,15000       16352,76500        3223,50400          -6,27300         -35,13174           0,02688
          20,20000       16352,76500        3223,50400          -6,32200         -35,70607           0,05237
          20,25000       16352,76600        3223,50400          -6,32300         -35,38700           0,03325
          20,30000       16352,76500        3223,50400          -6,35700         -36,02515           0,06512
          20,35000       16352,76500        3223,50400          -6,37300         -35,51463           0,02688
          20,40000       16352,76500        3223,50500          -6,37300         -35,64226           0,04600
          20,45000       16352,76500        3223,50400          -6,42200         -35,70607           0,00776
          20,50000       16352,76500        3223,50400          -6,42300         -35,70607           0,01413
          20,55000       16352,76500        3223,50400          -6,42200         -35,32318           0,00139
          20,60000       16352,76300        3223,50500          -6,47200         -35,45081           0,00776
          20,65000       16352,76500        3223,50400          -6,47200         -35,45081           0,06512
          20,70000       16352,76500        3223,50400          -6,49600         -35,19555           0,03963
          20,75000       16352,76500        3223,50400          -6,52300         -35,57844           0,00776
          20,80000       16352,76500        3223,50400          -6,52500         -35,89752           0,02688
          20,85000       16352,76500        3223,50400          -6,57400         -35,13174           0,07149
          20,90000       16352,76600        3223,50400          -6,57400         -36,02515           0,02688
          20,95000       16352,76500        3223,50400          -6,60400         -35,38700           0,01413
          21,00000       16352,76600        3223,50500          -6,62100         -35,25937          -0,00498
          21,05000       16352,76500        3223,50500          -6,62200         -35,25937           0,02051
          21,10000       16352,76500        3223,50500          -6,67300         -35,70607           0,00139
          21,15000       16352,76400        3223,50500          -6,67300         -35,38700           0,02051
          21,20000       16352,76400        3223,50400          -6,67400         -34,87648           0,05237
          21,25000       16352,76400        3223,50400          -6,72200         -35,19555          -0,01136
          21,30000       16352,76500        3223,50400          -6,72300         -35,76989          -0,00498
          21,35000       16352,76400        3223,50500          -6,72400         -35,76989           0,03325
          21,40000       16352,76400        3223,50400          -6,77300         -35,57844           0,00139
          21,45000       16352,76400        3223,50500          -6,77300         -35,51463           0,01413
          21,50000       16352,76400        3223,50500          -6,77400         -35,45081           0,00139
          21,55000       16352,76500        3223,50400          -6,82300         -35,13174           0,04600
          21,60000       16352,76500        3223,50400          -6,82400         -35,45081           0,02688
          21,65000       16352,76500        3223,50400          -6,82400         -35,64226          -0,01773
          21,70000       16352,76400        3223,50400          -6,87400         -35,32318           0,04600
          21,75000       16352,76500        3223,50400          -6,87400         -35,57844           0,03963
          21,80000       16352,76500        3223,50400          -6,87400         -35,13174           0,02688
          21,85000       16352,76400        3223,50500          -6,92200         -35,83370           0,02688
          21,90000       16352,76400        3223,50500          -6,92400         -35,64226           0,02051
          21,95000       16352,76400        3223,50400          -6,97000         -34,74885           0,03325
          22,00000       16352,76500        3223,50500          -6,97400         -35,38700           0,02051
          22,05000       16352,76500        3223,50400          -6,97400         -35,06792           0,02688
          22,10000       16352,76500        3223,50500          -6,99100         -35,70607           0,00776
          22,15000       16352,76500        3223,50400          -7,02300         -35,51463           0,01413
          22,20000       16352,76500        3223,50400          -7,02400         -35,25937           0,03963
          22,25000       16352,76500        3223,50500          -7,07300         -35,76989           0,01413
          22,30000       16352,76400        3223,50500          -7,07400         -35,76989          -0,01136
          22,35000       16352,76400        3223,50500          -7,07400         -35,89752           0,00776
          22,40000       16352,76400        3223,50500          -7,12300         -35,57844           0,04600
          22,45000       16352,76400        3223,50400          -7,12300         -35,00411           0,01413
          22,50000       16352,76500        3223,50400          -7,17100         -35,38700           0,02051
          22,55000       16352,76500        3223,50400          -7,17200         -35,32318           0,02051
          22,60000       16352,76400        3223,50400          -7,22500         -35,38700          -0,01136
          22,65000       16352,76400        3223,50500          -7,22300         -35,45081           0,01413
          22,70000       16352,76500        3223,50500          -7,22400         -35,83370           0,02688
          22,75000       16352,76400        3223,50400          -7,27400         -35,51463           0,02688
          22,80000       16352,76400        3223,50400          -7,27300         -35,57844           0,03325
          22,85000       16352,76500        3223,50400          -7,27400         -35,45081           0,00776
          22,90000       16352,76400        3223,50400          -7,32400         -35,38700          -0,01136
          22,95000       16352,76400        3223,50500          -7,32500         -35,38700           0,03325
          23,00000       16352,76400        3223,50400          -7,32400         -35,64226           0,00776
          23,05000       16352,76400        3223,50500          -7,37300         -35,64226          -0,00498
          23,10000       16352,76500        3223,50400          -7,37300         -35,38700           0,05237
          23,15000       16352,76500        3223,50300          -7,42300         -35,51463           0,00139
          23,20000       16352,76500        3223,50400          -7,42400         -35,38700           0,04600
          23,25000       16352,76500        3223,50400          -7,42400         -35,25937           0,03963
          23,30000       16352,76500        3223,50400          -7,47300         -35,64226           0,02688
          23,35000       16352,76500        3223,50400          -7,47400         -35,32318           0,02688
          23,40000       16352,76400        3223,50400          -7,52300         -35,00411           0,00776
          23,45000       16352,76400        3223,50500          -7,52300         -35,00411          -0,01773
          23,50000       16352,76400        3223,50500          -7,52500         -34,94029           0,00139
          23,55000       16352,76500        3223,50400          -7,57100         -35,13174           0,02051
          23,60000       16352,76500        3223,50400          -7,57300         -35,19555          -0,00498
          23,65000       16352,76500        3223,50400          -7,62200         -35,00411          -0,00498
          23,70000       16352,76500        3223,50400          -7,62200         -35,00411           0,03325
          23,75000       16352,76500        3223,50400          -7,62200         -35,13174           0,03963
          23,80000       16352,76400        3223,50300          -7,62300         -34,36596           0,00139
          23,85000       16352,76500        3223,50400          -7,67200         -35,19555           0,01413
          23,90000       16352,76500        3223,50400          -7,67300         -35,00411           0,02051
          23,95000       16352,76500        3223,50400          -7,67300         -35,00411           0,00776
          24,00000       16352,76500        3223,50500          -7,72200         -34,94029           0,00139
          24,05000       16352,76400        3223,50500          -7,72300         -34,87648           0,02051
          24,10000       16352,76500        3223,50500          -7,77200         -34,81266          -0,01136
          24,15000       16352,76400        3223,50400          -7,77400         -34,74885          -0,00498
          24,20000       16352,76400        3223,50500          -7,77300         -34,81266           0,04600
          24,25000       16352,76500        3223,50400          -7,79000         -35,06792           0,01413
          24,30000       16352,76500        3223,50500          -7,82300         -34,68503           0,01413
          24,35000       16352,76500        3223,50500          -7,82300         -35,25937          -0,02410
          24,40000       16352,76400        3223,50500          -7,87300         -35,45081           0,01413
          24,45000       16352,76500        3223,50400          -7,87200         -34,87648           0,00776
          24,50000       16352,76500        3223,50500          -7,87400         -34,36596           0,00776
          24,55000       16352,76400        3223,50500          -7,92300         -35,57844           0,03963
          24,60000       16352,76500        3223,50400          -7,92200         -35,19555           0,02051
          24,65000       16352,76500        3223,50400          -7,94300         -35,32318          -0,01136
          24,70000       16352,76500        3223,50500          -7,97200         -34,68503          -0,00498
          24,75000       16352,76500        3223,50500          -7,97400         -34,94029           0,01413
          24,80000       16352,76400        3223,50500          -8,02200         -35,13174           0,02051
          24,85000       16352,76500        3223,50500          -8,02300         -34,62122           0,04600
          24,90000       16352,76500        3223,50400          -8,07300         -35,45081           0,02688
          24,95000       16352,76500        3223,50500          -8,07400         -35,38700          -0,01773
          25,00000       16352,76500        3223,50500          -8,07500         -34,11070           0,00776
          25,05000       16352,76500        3223,50400          -8,12400         -35,45081           0,00139
          25,10000       16352,76500        3223,50400          -8,12400         -35,06792          -0,00498
          25,15000       16352,76400        3223,50500          -8,12400         -35,32318           0,03325
          25,20000       16352,76500        3223,50500          -8,17300         -35,13174           0,03963
          25,25000       16352,76400        3223,50400          -8,17500         -34,94029           0,07149
          25,30000       16352,76500        3223,50400          -8,17500         -35,25937           0,02051
          25,35000       16352,76400        3223,50400          -8,22200         -34,74885           0,07149
          25,40000       16352,76500        3223,50400          -8,22400         -34,11070          -0,00498
          25,45000       16352,76400        3223,50400          -8,27200         -34,36596           0,00139
          25,50000       16352,76400        3223,50400          -8,27300         -34,87648           0,02688
          25,55000       16352,76400        3223,50400          -8,27300         -34,81266           0,01413
          25,60000       16352,76400        3223,50400          -8,32200         -34,68503           0,01413
          25,65000       16352,76400        3223,50400          -8,32300         -35,06792           0,03325
          25,70000       16352,76500        3223,50400          -8,37300         -35,25937           0,04600
          25,75000       16352,76400        3223,50400          -8,37300         -35,32318           0,02051
          25,80000       16352,76400        3223,50400          -8,37400         -34,30214           0,02688
          25,85000       16352,76500        3223,50400          -8,39400         -34,94029           0,01413
          25,90000       16352,76400        3223,50400          -8,42400         -34,23833          -0,02410
          25,95000       16352,76400        3223,50300          -8,42500         -34,23833           0,03325
          26,00000       16352,76400        3223,50400          -8,47300         -34,17451           0,03963
          26,05000       16352,76400        3223,50400          -8,47200         -34,17451           0,03963
          26,10000       16352,76400        3223,50400          -8,47300         -34,17451           0,02051
          26,15000       16352,76500        3223,50400          -8,52200         -34,62122           0,03963
          26,20000       16352,76400        3223,50400          -8,52300         -33,28110           0,02051
          26,25000       16352,76400        3223,50400          -8,57200         -33,98307           0,02688
          26,30000       16352,76400        3223,50400          -8,57200         -33,60018           0,01413
          26,35000       16352,76400        3223,50400          -8,57300         -34,04688           0,00139
          26,40000       16352,76500        3223,50400          -8,62300         -34,49359           0,00776
          26,45000       16352,76400        3223,50400          -8,62400         -34,87648           0,05874
          26,50000       16352,76500        3223,50400          -8,62400         -33,66399           0,03325
          26,55000       16352,76500        3223,50400          -8,67400         -32,70676           0,05237
          26,60000       16352,76400        3223,50400          -8,67400         -33,72781           0,00139
          26,65000       16352,76400        3223,50500          -8,67400         -33,98307           0,05874
          26,70000       16352,76400        3223,50500          -8,70200         -33,21729           0,04600
          26,75000       16352,76500        3223,50400          -8,72300         -34,49359          -0,00498
          26,80000       16352,76400        3223,50500          -8,72400         -34,42977           0,03963
          26,85000       16352,76400        3223,50400          -8,77200         -33,66399           0,00139
          26,90000       16352,76500        3223,50400          -8,77400         -33,47255           0,03325
          26,95000       16352,76500        3223,50400          -8,77300         -33,91925           0,05237
          27,00000       16352,76500        3223,50500          -8,82100         -33,21729           0,03325
          27,05000       16352,76400        3223,50400          -8,82200         -34,87648           0,00139
          27,10000       16352,76500        3223,50400          -8,87100         -32,51532           0,05874
          27,15000       16352,76500        3223,50500          -8,87200         -33,60018           0,01413
          27,20000       16352,76500        3223,50400          -8,87200         -33,85544           0,01413
          27,25000       16352,76400        3223,50400          -8,92300         -33,34492           0,06512
          27,30000       16352,76500        3223,50500          -8,92300         -34,23833           0,03963
          27,35000       16352,76500        3223,50400          -8,97200         -33,66399           0,00776
          27,40000       16352,76400        3223,50500          -8,97200         -33,98307           0,00776
          27,45000       16352,76500        3223,50400          -8,97400         -34,04688           0,02051
          27,50000       16352,76500        3223,50500          -9,02200         -34,23833           0,02688
          27,55000       16352,76500        3223,50400          -9,02200         -32,77058           0,02051
          27,60000       16352,76600        3223,50200          -9,06900         -35,25937           0,02051
          27,65000       16352,76400        3223,50500          -9,07100         -33,91925           0,02051
          27,70000       16352,76500        3223,50400          -9,07200         -35,25937           0,03963
          27,75000       16352,76400        3223,50400          -9,07200         -35,51463           0,01413
          27,80000       16352,76500        3223,50400          -9,12300         -31,43046          -0,00498
          27,85000       16352,76500        3223,50400          -9,12300         -34,87648           0,03963
          27,90000       16352,76500        3223,50500          -9,16800         -34,62122           0,00776
          27,95000       16352,76600        3223,50400          -9,17300         -33,85544           0,05237
          28,00000       16352,76500        3223,50400          -9,17300         -34,30214           0,01413
          28,05000       16352,76500        3223,50400          -9,17400         -34,23833           0,03963
          28,10000       16352,76500        3223,50400          -9,22300         -33,60018           0,07786
          28,15000       16352,76400        3223,50400          -9,22400         -31,11139           0,02051
          28,20000       16352,76600        3223,50400          -9,25100         -30,98376           0,03325
          28,25000       16352,76400        3223,50400          -9,27300         -32,77058           0,03963
          28,30000       16352,76500        3223,50400          -9,27400         -33,72781           0,03325
          28,35000       16352,76500        3223,50400          -9,32100         -34,23833           0,03325
          28,40000       16352,76400        3223,50400          -9,32200         -34,11070           0,02688
          28,45000       16352,76500        3223,50300          -9,32200         -30,60087           0,02051
          28,50000       16352,76500        3223,50300          -9,37200         -34,17451          -0,00498
          28,55000       16352,76500        3223,50400          -9,37200         -33,34492           0,04600
          28,60000       16352,76400        3223,50300          -9,42100         -30,79231           0,02688
          28,65000       16352,76400        3223,50400          -9,42100         -29,83509           0,02688
          28,70000       16352,76500        3223,50400          -9,42200         -32,89821          -0,01773
          28,75000       16352,76500        3223,50400          -9,47300         -33,02584           0,00776
          28,80000       16352,76500        3223,50400          -9,47300         -33,79162           0,03325
          28,85000       16352,76400        3223,50400          -9,47300         -32,13243           0,03325
          28,90000       16352,76400        3223,50400          -9,52200         -29,26075           0,02051
          28,95000       16352,76400        3223,50400          -9,52300         -29,96272           0,02051
          29,00000       16352,76400        3223,50400          -9,57200         -27,98445           0,01413
          29,05000       16352,76500        3223,50400          -9,57300         -28,81404           0,00776
          29,10000       16352,76400        3223,50400          -9,57300         -28,49497           0,03325
          29,15000       16352,76500        3223,50400          -9,62100         -27,98445           0,02688
          29,20000       16352,76500        3223,50400          -9,62400         -33,40873           0,03325
          29,25000       16352,76500        3223,50400          -9,62400         -30,21798           0,00139
          29,30000       16352,76500        3223,50400          -9,67300         -27,98445           0,02051
          29,35000       16352,76500        3223,50400          -9,67300         -30,28179           0,03325
          29,40000       16352,76400        3223,50300          -9,72400         -28,75023           0,00776
          29,45000       16352,76500        3223,50400          -9,72300         -30,02653           0,02051
          29,50000       16352,76500        3223,50400          -9,72400         -30,34561           0,03325
          29,55000       16352,76500        3223,50400          -9,72400         -30,66468           0,03963
          29,60000       16352,76600        3223,50300          -9,77300         -31,49428           0,02051
          29,65000       16352,76500        3223,50300          -9,77300         -30,28179           0,03963
          29,70000       16352,76500        3223,50400          -9,77300         -31,43046           0,00776
          29,75000       16352,76500        3223,50400          -9,82200         -29,89890           0,02688
          29,80000       16352,76500        3223,50300          -9,82300         -32,00480          -0,01773
          29,85000       16352,76500        3223,50200          -9,86900         -29,38838           0,04600
          29,90000       16352,76500        3223,50400          -9,87300         -31,30283           0,02688
          29,95000       16352,76400        3223,50400          -9,87400         -29,96272          -0,01136
          30,00000       16352,76500        3223,50400          -9,92200         -30,79231           0,05874
          30,05000       16352,76500        3223,50400          -9,92300         -29,96272          -0,01773
          30,10000       16352,76400        3223,50400          -9,97200         -26,89959          -0,01773
          30,15000       16352,76400        3223,50400          -9,97300         -32,38769           0,04600
          30,20000       16352,76400        3223,50300          -9,97400         -31,49428           0,01413
          30,25000       16352,76400        3223,50400         -10,02200         -30,09035          -0,01136
          30,30000       16352,76500        3223,50400         -10,02300         -26,77196           0,03325
          30,35000       16352,76500        3223,50400         -10,02300         -27,72919           0,02051
          30,40000       16352,76400        3223,50400         -10,07400         -32,19624           0,04600
          30,45000       16352,76500        3223,50400         -10,07400         -31,43046          -0,01136
          30,50000       16352,76400        3223,50400         -10,09900         -29,77127           0,03963
          30,55000       16352,76500        3223,50400         -10,12300         -28,81404           0,02688
          30,60000       16352,76600        3223,50300         -10,12400         -29,96272           0,00776
          30,65000       16352,76500        3223,50400         -10,12400         -30,40942           0,05237
          30,70000       16352,76500        3223,50400         -10,17300         -30,85613           0,02051
          30,75000       16352,76400        3223,50300         -10,17500         -28,94167          -0,01773
          30,80000       16352,76400        3223,50400         -10,22300         -25,30421          -0,00498
          30,85000       16352,76400        3223,50300         -10,22400         -23,07069           0,07149
          30,90000       16352,76500        3223,50400         -10,22500         -25,11277           0,06512
          30,95000       16352,76400        3223,50300         -10,27500         -22,36872           0,03963
          31,00000       16352,76500        3223,50400         -10,27500         -31,74954           0,02051
          31,05000       16352,76500        3223,50400         -10,32200         -22,81543          -0,01136
          31,10000       16352,76500        3223,50300         -10,32500         -22,43254           0,00776
          31,15000       16352,76400        3223,50300         -10,32500         -21,02860           0,02688
          31,20000       16352,76400        3223,50300         -10,36900         -20,00756           0,05237
          31,25000       16352,76400        3223,50400         -10,37300         -30,40942           0,00776
          31,30000       16352,76400        3223,50300         -10,37300         -19,05034           0,03325
          31,35000       16352,76500        3223,50300         -10,42400         -19,24178           0,04600
          31,40000       16352,76400        3223,50300         -10,42400         -24,21936           0,00139
          31,45000       16352,76500        3223,50200         -10,44600         -24,98514           0,03963
          31,50000       16352,76500        3223,50300         -10,47300         -31,68572           0,03325
          31,55000       16352,76400        3223,50300         -10,47400         -26,38907           0,03963
          31,60000       16352,76400        3223,50400         -10,52400         -19,81612           0,02688
          31,65000       16352,76400        3223,50400         -10,52500         -22,30491           0,02688
          31,70000       16352,76400        3223,50300         -10,52500         -29,06930           0,02688
          31,75000       16352,76400        3223,50300         -10,57300         -30,98376           0,03963
          31,80000       16352,76400        3223,50400         -10,57300         -28,55878           0,00139
          31,85000       16352,76400        3223,50300         -10,57400         -19,30560           0,02688
          31,90000       16352,76400        3223,50300         -10,62400         -17,26351           0,04600
          31,95000       16352,76400        3223,50300         -10,62500         -14,58328           0,02688
          32,00000       16352,76400        3223,50300         -10,62500         -17,64640           0,02051
          32,05000       16352,76400        3223,50300         -10,67400         -24,15554           0,00139
          32,10000       16352,76400        3223,50300         -10,67400         -29,00549          -0,01136
          32,15000       16352,76400        3223,50400         -10,70300         -13,17935           0,01413
          32,20000       16352,76400        3223,50300         -10,72500         -29,89890           0,01413
          32,25000       16352,76400        3223,50300         -10,72600         -31,11139          -0,02410
          32,30000       16352,76400        3223,50300         -10,77400         -29,57983           0,02051
          32,35000       16352,76400        3223,50300         -10,77400         -29,00549           0,03963
          32,40000       16352,76400        3223,50300         -10,77400         -17,51877           0,02051
          32,45000       16352,76400        3223,50300         -10,82300         -30,09035           0,03963
          32,50000       16352,76400        3223,50300         -10,82400         -30,47324           0,00139
          32,55000       16352,76500        3223,50300         -10,87400         -30,34561           0,03963
          32,60000       16352,76400        3223,50300         -10,87400         -30,40942           0,02051
          32,65000       16352,76500        3223,50400         -10,87400         -10,88200           0,02688
          32,70000       16352,76500        3223,50400         -10,92400         -29,89890          -0,00498
          32,75000       16352,76400        3223,50400         -10,92500         -30,72850          -0,03047
          32,80000       16352,76400        3223,50200         -10,92600         -31,36665           0,00776
          32,85000       16352,76400        3223,50400         -10,97600         -30,34561           0,02688
          32,90000       16352,76400        3223,50300         -10,97500          -8,45703          -0,01773
          32,95000       16352,76400        3223,50400         -11,02400         -30,40942           0,05237
          33,00000       16352,76400        3223,50300         -11,02500         -24,53843           0,00139
          33,05000       16352,76500        3223,50400         -11,07300         -11,20108           0,04600
          33,10000       16352,76400        3223,50400         -11,07300         -29,57983           0,03963
          33,15000       16352,76300        3223,50300         -11,07300         -21,34768          -0,00498
          33,20000       16352,76400        3223,50300         -11,07300          -1,30974          -0,00498
          33,25000       16352,76400        3223,50300         -11,12400         -12,73264           0,02688
          33,30000       16352,76400        3223,50300         -11,12500         -10,81819           0,02051
          33,35000       16352,76400        3223,50400         -11,17300         -29,26075           0,00776
          33,40000       16352,76400        3223,50400         -11,17400         -29,51601           0,02051
          33,45000       16352,76400        3223,50300         -11,17400         -28,62260           0,05237
          33,50000       16352,76400        3223,50300         -11,22300         -26,26144           0,01413
          33,55000       16352,76500        3223,50300         -11,22500          -3,03275           0,03963
          33,60000       16352,76400        3223,50300         -11,27500         -25,43184           0,02688
          33,65000       16352,76500        3223,50400         -11,27500         -27,41011           0,02051
          33,70000       16352,76400        3223,50400         -11,27600         -23,83647           0,01413
          33,75000       16352,76400        3223,50300         -11,32400         -35,89752          -0,01773
          33,80000       16352,76400        3223,50300         -11,32500         -33,53636           0,02051
          33,85000       16352,76400        3223,50400         -11,37200         -36,40804           0,00776
          33,90000       16352,76400        3223,50400         -11,37400         -35,45081           0,02051
          33,95000       16352,76400        3223,50400         -11,37400         -35,83370           0,05237
          34,00000       16352,76400        3223,50300         -11,40500         -35,89752           0,02688
          34,05000       16352,76500        3223,50300         -11,42400         -35,76989          -0,01136
          34,10000       16352,76500        3223,50300         -11,42900         -34,62122           0,00776
          34,15000       16352,76500        3223,50400         -11,47400         -34,81266           0,02051
          34,20000       16352,76400        3223,50300         -11,47400         -34,68503           0,04600
          34,25000       16352,76400        3223,50400         -11,52000         -34,30214           0,03325
          34,30000       16352,76400        3223,50300         -11,52500         -35,57844           0,00776
          34,35000       16352,76500        3223,50300         -11,52600         -35,57844          -0,00498
          34,40000       16352,76500        3223,50300         -11,52400         -35,45081           0,03963
          34,45000       16352,76400        3223,50400         -11,57500         -35,00411          -0,00498
          34,50000       16352,76500        3223,50400         -11,59300         -33,66399           0,00139
          34,55000       16352,76400        3223,50300         -11,62400         -34,30214           0,02688
          34,60000       16352,76500        3223,50300         -11,62400         -34,42977           0,03325
          34,65000       16352,76500        3223,50300         -11,62400         -35,19555           0,02051
          34,70000       16352,76500        3223,50300         -11,67400         -36,08896           0,07149
          34,75000       16352,76500        3223,50300         -11,67500         -34,42977           0,04600
          34,80000       16352,76500        3223,50300         -11,72300         -34,04688           0,04600
          34,85000       16352,76400        3223,50400         -11,72400         -33,72781           0,03963
          34,90000       16352,76500        3223,50400         -11,72400         -33,60018           0,00139
          34,95000       16352,76400        3223,50400         -11,77400         -35,00411           0,00776
          35,00000       16352,76500        3223,50400         -11,77500         -35,25937           0,02051
          35,05000       16352,76500        3223,50300         -11,82300         -36,72712          -0,03047
          35,10000       16352,76500        3223,50300         -11,82500         -34,49359           0,00776
          35,15000       16352,76600        3223,50300         -11,82400         -34,30214           0,03325
          35,20000       16352,76400        3223,50300         -11,87300         -37,23764           0,00776
          35,25000       16352,76500        3223,50300         -11,87400         -34,36596           0,00776
          35,30000       16352,76500        3223,50300         -11,87400         -35,32318           0,03963
          35,35000       16352,76500        3223,50300         -11,92400         -35,06792           0,03325
          35,40000       16352,76400        3223,50300         -11,92500         -35,38700          -0,02410
          35,45000       16352,76400        3223,50300         -11,97500         -32,89821           0,00776
          35,50000       16352,76400        3223,50300         -11,97500         -36,66330          -0,00498
          35,55000       16352,76500        3223,50300         -11,97500         -36,15278           0,04600
          35,60000       16352,76500        3223,50400         -11,99400         -36,53567           0,04600
          35,65000       16352,76500        3223,50300         -12,02400         -36,40804           0,03963
          35,70000       16352,76400        3223,50300         -12,02400         -33,60018           0,00139
          35,75000       16352,76400        3223,50300         -12,07300         -37,93960           0,02051
          35,80000       16352,76400        3223,50300         -12,07400         -37,81197           0,02051
          35,85000       16352,76400        3223,50300         -12,12300         -38,25868           0,05874
          35,90000       16352,76400        3223,50300         -12,12400         -38,25868           0,00776
          35,95000       16352,76400        3223,50300         -12,12400         -39,34353           0,04600
          36,00000       16352,76400        3223,50200         -12,12500         -38,64157           0,02051
          36,05000       16352,76400        3223,50300         -12,17300         -33,60018           0,02051
          36,10000       16352,76400        3223,50300         -12,17300         -35,06792          -0,00498
          36,15000       16352,76400        3223,50200         -12,22400         -33,85544           0,02051
          36,20000       16352,76300        3223,50300         -12,22500         -27,60156           0,03325
          36,25000       16352,76400        3223,50300         -12,22500         -31,94098           0,02688
          36,30000       16352,76400        3223,50300         -12,27200         -23,45358           0,02688
          36,35000       16352,76400        3223,50300         -12,27400         -31,49428           0,05237
          36,40000       16352,76400        3223,50300         -12,32400         -47,63950           0,02051
          36,45000       16352,76400        3223,50400         -12,32500         -31,49428           0,03963
          36,50000       16352,76500        3223,50300         -12,32500         -37,36527           0,04600
          36,55000       16352,76400        3223,50200         -12,36100          29,19387           0,02688
          36,60000       16352,76400        3223,50400         -12,37300         -36,28041          -0,00498
          36,65000       16352,76400        3223,50300         -12,37400         -20,45427           0,00776
          36,70000       16352,76400        3223,50400         -12,42300          17,83479           0,02688
          36,75000       16352,76400        3223,50300         -12,42400         -19,68849           0,02688
          36,80000       16352,76400        3223,50300         -12,42400          -9,41426           0,04600
          36,85000       16352,76500        3223,50200         -12,47400         -60,33870           0,00776
          36,90000       16352,76500        3223,50200         -12,47400         -35,76989           0,06512
          36,95000       16352,76400        3223,50300         -12,47400         125,80992           0,02051
          37,00000       16352,76400        3223,50300         -12,52600          44,38186           0,00776
          37,05000       16352,76400        3223,50300         -12,52600         -18,60363           0,03963
          37,10000       16352,76400        3223,50200         -12,52600         151,52740           0,02051
          37,15000       16352,76400        3223,50300         -12,57300         217,44838           0,01413
          37,20000       16352,76500        3223,50400         -12,57400         -30,40942           0,00776
          37,25000       16352,76400        3223,50300         -12,60000         -38,06723           0,01413
          37,30000       16352,76500        3223,50400         -12,62400         263,52288           0,04600
          37,35000       16352,76400        3223,50400         -12,62500         113,30216           0,06512
          37,40000       16352,76400        3223,50400         -12,67400         260,39594           0,02051
          37,45000       16352,76400        3223,50400         -12,67300         131,93617           0,02688
          37,50000       16352,76400        3223,50300         -12,67400         215,78919           0,01413
          37,55000       16352,76500        3223,50400         -12,72300         -27,66537           0,00139
          37,60000       16352,76500        3223,50300         -12,72300         -22,04964           0,02051
          37,65000       16352,76500        3223,50300         -12,72400         160,46151           0,05874
          37,70000       16352,76400        3223,50300         -12,77400         322,87091           0,00139
          37,75000       16352,76500        3223,50400         -12,77500         109,21799           0,03325
          37,80000       16352,76400        3223,50200         -12,82400         217,95891           0,02051
          37,85000       16352,76500        3223,50300         -12,82400          79,99068          -0,01136
          37,90000       16352,76500        3223,50400         -12,82500          -7,05310           0,02688
          37,95000       16352,76400        3223,50400         -12,82500          78,65057           0,05874
          38,00000       16352,76400        3223,50300         -12,87300         646,34960           0,03963
          38,05000       16352,76400        3223,50300         -12,87400          60,65471           0,03325
          38,10000       16352,76400        3223,50400         -12,92200         198,49530           0,00139
          38,15000       16352,76500        3223,50300         -12,92300         200,60120           0,04600
          38,20000       16352,76400        3223,50400         -12,92300         283,24174           0,02051
          38,25000       16352,76400        3223,50300         -12,92400         421,33759           0,01413
          38,30000       16352,76500        3223,50400         -12,97400         727,52239           0,02051
          38,35000       16352,76400        3223,50400         -12,97500         477,23961           0,03963
          38,40000       16352,76400        3223,50400         -13,00000         310,55460           0,04600
          38,45000       16352,76400        3223,50400         -13,02300         276,15827           0,02688
          38,50000       16352,76400        3223,50400         -13,02400         309,21448           0,00776
          38,55000       16352,76300        3223,50400         -13,02400         784,50927           0,00776
          38,60000       16352,76500        3223,50200         -13,07300         980,42159           0,02051
          38,65000       16352,76400        3223,50300         -13,07300         996,56681           0,05237
          38,70000       16352,76400        3223,50300         -13,07300         818,01219           0,05237
          38,75000       16352,76400        3223,50400         -13,07300         788,46580           0,07786
          38,80000       16352,76400        3223,50400          -6,49000         -36,98238           0,02688
          38,85000       16352,76400        3223,50800          -0,24400         -36,66330           0,04600
          38,90000       16352,76400        3223,50700          -0,24400         -36,34422          -0,01136
          38,95000       16352,76300        3223,50800          -0,24500         -36,53567           0,06512
          39,00000       16352,76400        3223,50700          -0,24400         -36,47186           0,02051
          39,05000       16352,76300        3223,50800          -0,24400         -36,15278           0,02051
          39,10000       16352,76400        3223,50700          -0,24400         -36,53567           0,05237
          39,15000       16352,76300        3223,50800          -0,24400         -37,04619           0,04600
          39,20000       16352,76300        3223,50700          -0,24400         -36,66330           0,02688
          39,25000       16352,76300        3223,50800          -0,24400         -36,15278           0,00139
          39,30000       16352,76400        3223,50700          -0,24500         -36,47186           0,07149
          39,35000       16352,76300        3223,50800          -0,24400         -37,04619           0,01413
          39,40000       16352,76400        3223,50700          -0,24400         -37,04619           0,02688
          39,45000       16352,76300        3223,50700          -0,24500         -36,59949           0,02051
          39,50000       16352,76400        3223,50800          -0,24400         -35,89752          -0,03685
          39,55000       16352,76300        3223,50800          -0,24400         -36,28041           0,02051
          39,60000       16352,76400        3223,50700          -0,24400         -36,72712           0,02688
          39,65000       16352,76300        3223,50800          -0,24500         -36,91856           0,02688
          39,70000       16352,76300        3223,50800          -0,24500         -36,66330           0,07149
          39,75000       16352,76400        3223,50800          -0,24400         -36,40804           0,01413
          39,80000       16352,76400        3223,50800          -0,24400         -36,40804           0,03963
          39,85000       16352,76400        3223,50700          -0,24400         -36,15278          -0,00498
          39,90000       16352,76400        3223,50800          -0,24500         -37,23764           0,03325
          39,95000       16352,76400        3223,50800          -0,24500         -36,40804           0,03325
          40,00000       16352,76400        3223,50700          -0,24400         -36,59949           0,01413
          40,05000       16352,76400        3223,50800          -0,24400         -36,85475           0,04600
          40,10000       16352,76300        3223,50700          -0,24400         -36,98238           0,02051
          40,15000       16352,76400        3223,50700          -0,24500         -36,72712           0,00776
          40,20000       16352,76400        3223,50800          -0,24500         -36,53567           0,03963
          40,25000       16352,76400        3223,50800          -0,24500         -36,28041           0,01413
          40,30000       16352,76400        3223,50700          -0,24400         -36,98238           0,00776
          40,35000       16352,76400        3223,50700          -0,24400         -37,04619           0,03963
          40,40000       16352,76400        3223,50700          -0,24500         -36,91856           0,04600
          40,45000       16352,76300        3223,50700          -0,24400         -36,79093           0,02688
          40,50000       16352,76300        3223,50700          -0,24400         -36,98238           0,01413
          40,55000       16352,76400        3223,50700          -0,24500         -36,66330           0,01413
          40,60000       16352,76300        3223,50800          -0,24400         -37,23764           0,03325
          40,65000       16352,76400        3223,50700          -0,24400         -36,85475          -0,01136
          40,70000       16352,76400        3223,50700          -0,24500         -36,66330           0,04600
          40,75000       16352,76400        3223,50700          -0,24400         -36,72712          -0,00498
          40,80000       16352,76300        3223,50800          -0,24400         -36,40804           0,02051
          40,85000       16352,76400        3223,50700          -0,24500         -36,66330           0,04600
          40,90000       16352,76300        3223,50800          -0,24500         -36,47186          -0,01136
          40,95000       16352,76300        3223,50800          -0,24400         -36,66330           0,00776
          41,00000       16352,76400        3223,50700          -0,24500         -36,85475          -0,01136
          41,05000       16352,76400        3223,50700          -0,24500         -36,85475           0,03325
          41,10000       16352,76400        3223,50800          -0,24500         -36,59949           0,05237
          41,15000       16352,76400        3223,50700          -0,24500         -36,66330           0,05237
          41,20000       16352,76400        3223,50800          -0,24500         -36,98238           0,01413
          41,25000       16352,76400        3223,50800          -0,24400         -36,79093           0,00776
          41,30000       16352,76300        3223,50800          -0,24500         -37,11001           0,03325
          41,35000       16352,76400        3223,50800          -0,24400         -36,79093           0,05874
          41,40000       16352,76400        3223,50700          -0,24500         -36,79093          -0,01136
          41,45000       16352,76300        3223,50800          -0,24500         -36,79093           0,00776
          41,50000       16352,76300        3223,50700          -0,24400         -36,98238           0,05237
          41,55000       16352,76300        3223,50800          -0,24500         -37,36527           0,03325
          41,60000       16352,76400        3223,50700          -0,24400         -36,53567           0,02051
          41,65000       16352,76300        3223,50800          -0,24400         -36,79093           0,03963
          41,70000       16352,76300        3223,50800          -0,24500         -36,72712           0,03963
          41,75000       16352,76400        3223,50700          -0,24500         -37,42908           0,02688
          41,80000       16352,76400        3223,50700          -0,24500         -36,91856          -0,01773
          41,85000       16352,76400        3223,50800          -0,24400         -36,15278           0,02051
          41,90000       16352,76300        3223,50700          -0,24400         -36,79093           0,04600
          41,95000       16352,76400        3223,50800          -0,24400         -36,72712           0,03963
          42,00000       16352,76300        3223,50800          -0,24400         -36,98238           0,00139
          42,05000       16352,76300        3223,50700          -0,24400         -36,85475           0,03325
          42,10000       16352,76300        3223,50800          -0,24500         -36,85475          -0,00498
          42,15000       16352,76400        3223,50700          -0,24400         -36,59949           0,02688
          42,20000       16352,76300        3223,50700          -0,24500         -37,11001           0,00776
          42,25000       16352,76400        3223,50700          -0,24500         -36,72712           0,02051
          42,30000       16352,76400        3223,50700          -0,24500         -36,98238           0,03963
          42,35000       16352,76300        3223,50800          -0,24500         -36,91856           0,05237
          42,40000       16352,76400        3223,50800          -0,24500         -36,66330           0,03963
          42,45000       16352,76400        3223,50700          -0,24500         -36,15278           0,04600
          42,50000       16352,76400        3223,50800          -0,24400         -37,36527           0,00139
          42,55000       16352,76400        3223,50800          -0,24400         -36,85475          -0,01136
          42,60000       16352,76400        3223,50800          -0,24400         -36,66330           0,02051
          42,65000       16352,76300        3223,50800          -0,24400         -36,34422           0,05237
          42,70000       16352,76400        3223,50700          -0,24500         -36,28041           0,04600
          42,75000       16352,76300        3223,50800          -0,24500         -37,04619          -0,00498
          42,80000       16352,76300        3223,50700          -0,24500         -37,17382           0,03963
          42,85000       16352,76400        3223,50800          -0,24400         -36,79093           0,00776
          42,90000       16352,76300        3223,50800          -0,24500         -36,98238           0,01413
          42,95000       16352,76300        3223,50800          -0,24500         -37,11001          -0,00498
          43,00000       16352,76400        3223,50700          -0,24400         -36,53567           0,02051
          43,05000       16352,76400        3223,50700          -0,24400         -37,42908           0,02688
          43,10000       16352,76300        3223,50700          -0,24400         -36,85475          -0,00498
          43,15000       16352,76300        3223,50800          -0,24400         -36,59949          -0,00498
          43,20000       16352,76400        3223,50700          -0,24400         -36,98238          -0,01136
          43,25000       16352,76300        3223,50700          -0,24500         -36,72712           0,05237
          43,30000       16352,76300        3223,50800          -0,24400         -36,59949           0,03325
          43,35000       16352,76400        3223,50800          -0,24500         -36,53567           0,01413
          43,40000       16352,76400        3223,50800          -0,24500         -36,79093           0,03963
          43,45000       16352,76300        3223,50800          -0,24400         -36,08896           0,02688
          43,50000       16352,76300        3223,50800          -0,24400         -37,23764           0,02051
          43,55000       16352,76400        3223,50800          -0,24500         -36,34422           0,02051
          43,60000       16352,76400        3223,50800          -0,24500         -36,15278           0,03325
          43,65000       16352,76400        3223,50800          -0,24500         -36,98238           0,00139
          43,70000       16352,76300        3223,50700          -0,24400         -37,11001           0,03325
          43,75000       16352,76400        3223,50700          -0,24500         -36,79093           0,05874
          43,80000       16352,76400        3223,50800          -0,24500         -37,04619          -0,01773
          43,85000       16352,76400        3223,50800          -0,24500         -36,34422           0,05237
          43,90000       16352,76400        3223,50800          -0,24500         -36,15278           0,00139
          43,95000       16352,76400        3223,50800          -0,24500         -36,66330           0,02051
          44,00000       16352,76500        3223,50700          -0,24500         -36,66330           0,01413
