
// =========================================================================================================
// 2026-04-17, 11:48:21
//        Time [s]        Pos X [um]        Pos Y [um]        Pos Z [um]      Force A [uN]      Force B [uN]
// =========================================================================================================
           0,00000       16479,90300        3279,81700          -0,23400         -35,51463          -0,01773
           0,05000       16479,90200        3279,81800          -0,23400         -36,40804           0,03325
           0,10000       16479,90300        3279,81800          -0,23400         -35,51463           0,04600
           0,15000       16479,90300        3279,81800          -0,23400         -35,51463           0,07149
           0,20000       16479,90200        3279,81700          -0,23400         -35,25937           0,03963
           0,25000       16479,90300        3279,81800          -0,23400         -35,51463          -0,00498
           0,30000       16479,90300        3279,81700          -0,23500         -35,89752           0,01413
           0,35000       16479,90300        3279,81700          -0,23400         -36,59949           0,02051
           0,40000       16479,90300        3279,81800          -0,23400         -35,32318           0,01413
           0,45000       16479,90200        3279,81700          -0,23400         -35,51463           0,00776
           0,50000       16479,90200        3279,81800          -0,23400         -36,21659          -0,01773
           0,55000       16479,90200        3279,81800          -0,23400         -35,45081           0,02051
           0,60000       16479,90300        3279,81700          -0,23400         -35,89752           0,05237
           0,65000       16479,90200        3279,81800          -0,23400         -35,13174           0,05237
           0,70000       16479,90300        3279,81800          -0,23400         -35,32318           0,02051
           0,75000       16479,90300        3279,81700          -0,23400         -35,76989          -0,00498
           0,80000       16479,90300        3279,81700          -0,23400         -35,83370           0,01413
           0,85000       16479,90300        3279,81700          -0,23400         -36,02515           0,00776
           0,90000       16479,90300        3279,81800          -0,23400         -35,51463           0,03963
           0,95000       16479,90300        3279,81800          -0,23400         -35,38700           0,02688
           1,00000       16479,90300        3279,81800          -0,23400         -35,76989           0,04600
           1,05000       16479,90300        3279,81800          -0,23400         -35,57844           0,00776
           1,10000       16479,90300        3279,81800          -0,23400         -35,64226           0,02688
           1,15000       16479,90300        3279,81800          -0,23400         -35,06792           0,00776
           1,20000       16479,90300        3279,81800          -0,23400         -35,83370           0,02688
           1,25000       16479,90400        3279,81700          -0,23400         -35,89752          -0,00498
           1,30000       16479,90300        3279,81900          -0,23400         -35,89752           0,05874
           1,35000       16479,90300        3279,81800          -0,23400         -35,51463           0,00776
           1,40000       16479,90200        3279,81800          -0,23500         -35,51463           0,02688
           1,45000       16479,90300        3279,81800          -0,23400         -36,08896           0,02051
           1,50000       16479,90300        3279,81700          -0,23400         -35,57844           0,02688
           1,55000       16479,90200        3279,81800          -0,23400         -35,38700           0,06512
           1,60000       16479,90300        3279,81700          -0,23400         -35,32318           0,04600
           1,65000       16479,90300        3279,81800          -0,23400         -35,76989          -0,01773
           1,70000       16479,90300        3279,81700          -0,23400         -35,57844           0,03325
           1,75000       16479,90300        3279,81700          -0,23400         -35,32318           0,03963
           1,80000       16479,90300        3279,81700          -0,23400         -35,89752           0,01413
           1,85000       16479,90300        3279,81700          -0,23400         -35,76989           0,02051
           1,90000       16479,90300        3279,81800          -0,23400         -35,51463           0,02688
           1,95000       16479,90400        3279,81800          -0,23400         -35,64226           0,03325
           2,00000       16479,90400        3279,81800          -0,23400         -35,83370           0,00139
           2,05000       16479,90400        3279,81800          -0,23400         -35,57844           0,02688
           2,10000       16479,90300        3279,81800          -0,23500         -35,76989           0,03963
           2,15000       16479,90300        3279,81800          -0,23500         -35,89752           0,00139
           2,20000       16479,90300        3279,81800          -0,23500         -35,19555           0,03325
           2,25000       16479,90300        3279,81800          -0,23400         -35,89752           0,02051
           2,30000       16479,90300        3279,81900          -0,23400         -36,21659          -0,01136
           2,35000       16479,90300        3279,81800          -0,23400         -35,51463          -0,01136
           2,40000       16479,90300        3279,81700          -0,23400         -35,70607           0,05874
           2,45000       16479,90300        3279,81800          -0,23400         -35,19555           0,00776
           2,50000       16479,90200        3279,81800          -0,23400         -35,70607           0,01413
           2,55000       16479,90300        3279,81700          -0,23400         -35,45081           0,05237
           2,60000       16479,90300        3279,81700          -0,23400         -35,83370           0,02688
           2,65000       16479,90400        3279,81800          -0,23500         -35,96133          -0,00498
           2,70000       16479,90300        3279,81700          -0,23500         -35,70607           0,01413
           2,75000       16479,90200        3279,81700          -0,23400         -35,13174           0,00776
           2,80000       16479,90300        3279,81800          -0,23500         -35,83370          -0,01136
           2,85000       16479,90300        3279,81700          -0,23400         -35,38700           0,03963
           2,90000       16479,90300        3279,81700          -0,23500         -35,19555           0,03325
           2,95000       16479,90300        3279,81800          -0,23400         -35,70607           0,05237
           3,00000       16479,90300        3279,81700          -0,23400         -35,57844          -0,01136
           3,05000       16479,90300        3279,81700          -0,65400         -35,83370           0,02688
           3,10000       16479,90300        3279,81700          -0,66300         -35,76989           0,02688
           3,15000       16479,90300        3279,81800          -0,69100         -35,25937           0,03963
           3,20000       16479,90300        3279,81800          -0,69200         -35,57844           0,04600
           3,25000       16479,90300        3279,81800          -0,69400         -35,64226           0,01413
           3,30000       16479,90300        3279,81800          -0,70000         -35,83370           0,01413
           3,35000       16479,90300        3279,81700          -0,70300         -35,51463           0,04600
           3,40000       16479,90300        3279,81800          -0,70500         -35,64226           0,05237
           3,45000       16479,90400        3279,81800          -0,70600         -35,83370          -0,00498
           3,50000       16479,90400        3279,81800          -0,70500         -36,28041           0,00139
           3,55000       16479,90300        3279,81800          -0,70800         -35,89752           0,01413
           3,60000       16479,90400        3279,81900          -0,70900         -35,64226           0,02051
           3,65000       16479,90400        3279,81900          -0,71100         -35,32318           0,00776
           3,70000       16479,90400        3279,81900          -0,71300         -35,06792           0,02688
           3,75000       16479,90300        3279,81800          -0,71400         -35,96133           0,00776
           3,80000       16479,90400        3279,81800          -0,71600         -35,45081           0,02688
           3,85000       16479,90400        3279,81800          -0,71600         -35,25937          -0,02410
           3,90000       16479,90400        3279,81900          -0,71600         -35,45081          -0,00498
           3,95000       16479,90300        3279,81800          -0,72100         -35,64226           0,00139
           4,00000       16479,90300        3279,81900          -0,72000         -35,57844           0,00776
           4,05000       16479,90300        3279,81900          -0,72200         -35,45081           0,03963
           4,10000       16479,90300        3279,81900          -0,72500         -36,02515          -0,01773
           4,15000       16479,90300        3279,81900          -0,72600         -35,83370          -0,00498
           4,20000       16479,90300        3279,81900          -0,72600         -35,38700           0,00776
           4,25000       16479,90300        3279,81800          -0,73800         -35,89752           0,01413
           4,30000       16479,90300        3279,81800          -0,73900         -35,83370          -0,04322
           4,35000       16479,90300        3279,81800          -0,76200         -35,13174           0,03963
           4,40000       16479,90300        3279,81900          -0,76500         -35,25937           0,02051
           4,45000       16479,90400        3279,81800          -0,76600         -35,25937           0,03325
           4,50000       16479,90300        3279,81900          -0,80300         -35,96133           0,00776
           4,55000       16479,90300        3279,81900          -0,80400         -35,64226           0,00776
           4,60000       16479,90400        3279,81900          -0,84300         -35,96133          -0,03047
           4,65000       16479,90400        3279,81900          -0,84700         -35,70607           0,02688
           4,70000       16479,90300        3279,81800          -0,84600         -35,57844          -0,00498
           4,75000       16479,90400        3279,81900          -0,89200         -35,96133          -0,00498
           4,80000       16479,90400        3279,81800          -0,89300         -35,89752           0,00139
           4,85000       16479,90400        3279,81800          -0,89300         -35,06792           0,02051
           4,90000       16479,90300        3279,81800          -0,94000         -35,13174           0,03963
           4,95000       16479,90300        3279,81800          -0,94000         -35,76989           0,03325
           5,00000       16479,90400        3279,81800          -0,98500         -35,76989          -0,01136
           5,05000       16479,90300        3279,81900          -0,98900         -35,06792           0,02688
           5,10000       16479,90400        3279,81800          -0,98900         -35,70607           0,03963
           5,15000       16479,90400        3279,81900          -1,03800         -35,51463           0,01413
           5,20000       16479,90400        3279,81900          -1,04000         -36,02515           0,00139
           5,25000       16479,90400        3279,81900          -1,04000         -35,38700           0,04600
           5,30000       16479,90500        3279,82000          -1,08800         -35,06792           0,03325
           5,35000       16479,90300        3279,81900          -1,08900         -35,38700          -0,03685
           5,40000       16479,90300        3279,81900          -1,09000         -35,70607           0,00139
           5,45000       16479,90300        3279,81900          -1,14000         -35,64226           0,00776
           5,50000       16479,90400        3279,82000          -1,14000         -35,45081           0,00139
           5,55000       16479,90300        3279,81900          -1,16000         -36,53567           0,06512
           5,60000       16479,90300        3279,81900          -1,19200         -35,38700          -0,01136
           5,65000       16479,90300        3279,81900          -1,19200         -34,81266           0,01413
           5,70000       16479,90300        3279,81900          -1,24100         -35,64226           0,02051
           5,75000       16479,90300        3279,81900          -1,24200         -35,00411           0,02688
           5,80000       16479,90300        3279,81900          -1,24300         -35,76989           0,04600
           5,85000       16479,90400        3279,81900          -1,24300         -35,13174           0,07149
           5,90000       16479,90300        3279,81900          -1,29400         -35,38700           0,04600
           5,95000       16479,90300        3279,81900          -1,29600         -35,51463           0,00776
           6,00000       16479,90400        3279,81800          -1,34500         -35,64226           0,00139
           6,05000       16479,90300        3279,81900          -1,34600         -34,68503           0,01413
           6,10000       16479,90300        3279,81800          -1,34600         -35,19555           0,04600
           6,15000       16479,90300        3279,81900          -1,39900         -35,70607           0,02688
           6,20000       16479,90300        3279,81900          -1,39900         -35,25937           0,00139
           6,25000       16479,90300        3279,81900          -1,39900         -35,57844           0,01413
           6,30000       16479,90400        3279,81900          -1,44900         -35,51463          -0,01136
           6,35000       16479,90300        3279,81800          -1,44900         -35,96133           0,00776
           6,40000       16479,90300        3279,81900          -1,44900         -35,38700           0,03325
           6,45000       16479,90300        3279,81900          -1,50000         -35,76989           0,06512
           6,50000       16479,90300        3279,82000          -1,50100         -35,19555           0,06512
           6,55000       16479,90300        3279,81900          -1,50200         -36,08896           0,02688
           6,60000       16479,90300        3279,81900          -1,55200         -35,51463           0,07786
           6,65000       16479,90300        3279,81900          -1,55200         -35,70607           0,02688
           6,70000       16479,90300        3279,81900          -1,58200         -34,87648           0,01413
           6,75000       16479,90300        3279,82000          -1,60300         -35,32318          -0,00498
           6,80000       16479,90300        3279,81800          -1,60200         -35,51463          -0,01773
           6,85000       16479,90400        3279,81900          -1,65300         -35,19555           0,00139
           6,90000       16479,90300        3279,81900          -1,65400         -35,76989           0,03325
           6,95000       16479,90300        3279,81900          -1,65400         -36,08896           0,01413
           7,00000       16479,90400        3279,81800          -1,69800         -35,83370           0,02688
           7,05000       16479,90300        3279,81800          -1,70500         -35,00411           0,05237
           7,10000       16479,90300        3279,81900          -1,70500         -35,38700           0,02051
           7,15000       16479,90200        3279,81900          -1,75500         -35,25937           0,03325
           7,20000       16479,90300        3279,81900          -1,75600         -35,13174          -0,04322
           7,25000       16479,90400        3279,81900          -1,75600         -35,00411           0,04600
           7,30000       16479,90400        3279,81900          -1,80600         -35,57844           0,01413
           7,35000       16479,90400        3279,81900          -1,80600         -36,15278           0,04600
           7,40000       16479,90300        3279,81900          -1,85400         -35,51463           0,05874
           7,45000       16479,90400        3279,81900          -1,85500         -35,45081           0,03325
           7,50000       16479,90300        3279,81900          -1,85500         -35,19555           0,03963
           7,55000       16479,90400        3279,81900          -1,90600         -35,38700           0,02051
           7,60000       16479,90400        3279,81900          -1,90700         -35,57844           0,02688
           7,65000       16479,90300        3279,81900          -1,90700         -35,19555           0,00139
           7,70000       16479,90300        3279,81900          -1,95600         -35,19555           0,05237
           7,75000       16479,90400        3279,81900          -1,95600         -35,38700          -0,01773
           7,80000       16479,90400        3279,81900          -1,95600         -35,64226           0,03325
           7,85000       16479,90300        3279,81900          -2,00600         -35,76989          -0,02410
           7,90000       16479,90300        3279,82000          -2,00600         -35,51463           0,03963
           7,95000       16479,90200        3279,82000          -2,02100         -34,94029           0,02688
           8,00000       16479,90300        3279,82000          -2,05700         -35,38700           0,01413
           8,05000       16479,90300        3279,82000          -2,05700         -35,57844           0,01413
           8,10000       16479,90300        3279,82000          -2,10700         -34,87648           0,05874
           8,15000       16479,90300        3279,82000          -2,10700         -35,45081          -0,00498
           8,20000       16479,90300        3279,81900          -2,10700         -35,19555           0,07149
           8,25000       16479,90300        3279,81900          -2,15900         -35,57844           0,01413
           8,30000       16479,90300        3279,81900          -2,15800         -34,94029          -0,00498
           8,35000       16479,90400        3279,81900          -2,19100         -35,13174           0,02688
           8,40000       16479,90300        3279,82000          -2,20700         -35,64226           0,05237
           8,45000       16479,90400        3279,81900          -2,20800         -35,19555          -0,02410
           8,50000       16479,90400        3279,81900          -2,25800         -34,81266           0,04600
           8,55000       16479,90400        3279,81900          -2,25800         -35,06792           0,01413
           8,60000       16479,90400        3279,82000          -2,25800         -35,25937           0,03325
           8,65000       16479,90300        3279,82000          -2,30800         -35,57844           0,04600
           8,70000       16479,90300        3279,81900          -2,30800         -35,64226           0,04600
           8,75000       16479,90300        3279,81900          -2,35800         -35,64226           0,03963
           8,80000       16479,90300        3279,81900          -2,35900         -36,02515           0,03963
           8,85000       16479,90300        3279,81900          -2,35900         -36,08896           0,00776
           8,90000       16479,90300        3279,81900          -2,40700         -35,45081           0,03325
           8,95000       16479,90400        3279,81900          -2,40700         -35,06792           0,05874
           9,00000       16479,90300        3279,81900          -2,45900         -35,89752           0,05237
           9,05000       16479,90300        3279,81900          -2,45900         -35,25937           0,03325
           9,10000       16479,90300        3279,81900          -2,45900         -35,64226           0,02051
           9,15000       16479,90300        3279,81900          -2,50700         -35,64226           0,02051
           9,20000       16479,90300        3279,81900          -2,50900         -35,25937           0,03963
           9,25000       16479,90300        3279,81900          -2,50900         -36,02515           0,03963
           9,30000       16479,90300        3279,82000          -2,55800         -35,19555          -0,00498
           9,35000       16479,90300        3279,82000          -2,55900         -35,70607           0,03325
           9,40000       16479,90300        3279,81900          -2,59900         -35,19555           0,02051
           9,45000       16479,90300        3279,81900          -2,60900         -35,06792           0,04600
           9,50000       16479,90300        3279,81900          -2,60900         -35,32318           0,02688
           9,55000       16479,90300        3279,82000          -2,65500         -35,64226           0,03325
           9,60000       16479,90300        3279,82000          -2,65900         -35,64226           0,04600
           9,65000       16479,90400        3279,81900          -2,65900         -35,45081          -0,00498
           9,70000       16479,90300        3279,82000          -2,71000         -35,70607           0,00139
           9,75000       16479,90400        3279,81900          -2,71000         -35,25937           0,03963
           9,80000       16479,90400        3279,82000          -2,71100         -35,06792           0,00776
           9,85000       16479,90300        3279,82000          -2,76100         -35,38700           0,04600
           9,90000       16479,90300        3279,82000          -2,76200         -35,45081           0,01413
           9,95000       16479,90200        3279,81900          -2,81000         -35,06792           0,02688
          10,00000       16479,90300        3279,82000          -2,81000         -35,06792           0,04600
          10,05000       16479,90300        3279,82000          -2,81100         -35,32318           0,02688
          10,10000       16479,90400        3279,82000          -2,85900         -35,25937           0,05874
          10,15000       16479,90300        3279,81900          -2,86200         -35,83370           0,01413
          10,20000       16479,90300        3279,82000          -2,86200         -35,51463          -0,00498
          10,25000       16479,90300        3279,82000          -2,91000         -35,25937           0,00776
          10,30000       16479,90400        3279,81900          -2,91100         -35,00411           0,02051
          10,35000       16479,90400        3279,81900          -2,91100         -35,38700          -0,01773
          10,40000       16479,90400        3279,81900          -2,96000         -35,70607           0,01413
          10,45000       16479,90300        3279,81900          -2,96100         -36,21659          -0,01136
          10,50000       16479,90400        3279,81900          -2,96100         -35,51463          -0,01136
          10,55000       16479,90300        3279,81800          -3,01100         -35,13174           0,03325
          10,60000       16479,90400        3279,81900          -3,01200         -35,45081           0,02688
          10,65000       16479,90400        3279,81800          -3,06100         -35,45081           0,00776
          10,70000       16479,90400        3279,81800          -3,06200         -35,38700           0,02688
          10,75000       16479,90300        3279,81900          -3,10800         -34,94029          -0,00498
          10,80000       16479,90400        3279,81900          -3,11200         -35,51463           0,03325
          10,85000       16479,90400        3279,81900          -3,11200         -34,94029           0,05237
          10,90000       16479,90300        3279,81900          -3,16100         -35,25937          -0,00498
          10,95000       16479,90300        3279,81900          -3,16000         -35,38700          -0,01136
          11,00000       16479,90300        3279,81900          -3,17000         -34,94029           0,02688
          11,05000       16479,90400        3279,81900          -3,21100         -34,68503          -0,00498
          11,10000       16479,90400        3279,82000          -3,21100         -35,00411           0,03963
          11,15000       16479,90500        3279,82000          -3,25500         -34,81266          -0,01136
          11,20000       16479,90400        3279,81900          -3,26000         -35,45081           0,00139
          11,25000       16479,90300        3279,81900          -3,26100         -35,13174          -0,02410
          11,30000       16479,90400        3279,81900          -3,31100         -35,06792           0,03325
          11,35000       16479,90400        3279,81900          -3,31100         -35,45081           0,02051
          11,40000       16479,90400        3279,82000          -3,33100         -35,45081           0,04600
          11,45000       16479,90300        3279,81900          -3,36100         -35,13174           0,02688
          11,50000       16479,90300        3279,81900          -3,36000         -35,25937           0,00139
          11,55000       16479,90300        3279,82000          -3,41200         -35,51463           0,03963
          11,60000       16479,90400        3279,81900          -3,41300         -35,13174           0,03325
          11,65000       16479,90400        3279,81900          -3,41300         -35,32318          -0,00498
          11,70000       16479,90400        3279,82000          -3,46100         -35,25937           0,04600
          11,75000       16479,90300        3279,82000          -3,46200         -34,94029          -0,01136
          11,80000       16479,90400        3279,81900          -3,46200         -35,19555          -0,02410
          11,85000       16479,90400        3279,82000          -3,51400         -35,06792          -0,00498
          11,90000       16479,90300        3279,81900          -3,51200         -35,45081           0,03963
          11,95000       16479,90400        3279,82000          -3,51300         -35,19555          -0,00498
          12,00000       16479,90400        3279,82000          -3,56200         -35,25937           0,02051
          12,05000       16479,90400        3279,81900          -3,56400         -35,32318           0,04600
          12,10000       16479,90400        3279,82000          -3,56300         -35,96133          -0,00498
          12,15000       16479,90400        3279,82000          -3,61300         -35,51463           0,01413
          12,20000       16479,90300        3279,82000          -3,61200         -34,94029           0,00776
          12,25000       16479,90500        3279,82000          -3,66200         -35,25937           0,08424
          12,30000       16479,90300        3279,82000          -3,66300         -35,38700           0,05874
          12,35000       16479,90400        3279,82000          -3,66300         -35,19555          -0,00498
          12,40000       16479,90400        3279,81900          -3,71300         -34,87648           0,02688
          12,45000       16479,90400        3279,81900          -3,71300         -35,06792           0,01413
          12,50000       16479,90300        3279,82000          -3,73400         -35,38700          -0,01136
          12,55000       16479,90400        3279,81900          -3,76200         -35,45081           0,02051
          12,60000       16479,90400        3279,82000          -3,76200         -34,94029           0,02688
          12,65000       16479,90300        3279,81900          -3,81200         -35,19555          -0,00498
          12,70000       16479,90400        3279,81900          -3,81300         -35,25937           0,05874
          12,75000       16479,90300        3279,81800          -3,81300         -35,51463           0,02688
          12,80000       16479,90500        3279,81900          -3,86200         -34,62122           0,01413
          12,85000       16479,90500        3279,82000          -3,86300         -34,87648           0,01413
          12,90000       16479,90400        3279,82000          -3,86400         -35,70607           0,03963
          12,95000       16479,90400        3279,82000          -3,91300         -35,38700          -0,01136
          13,00000       16479,90400        3279,81900          -3,91300         -35,00411           0,03325
          13,05000       16479,90500        3279,81900          -3,92700         -35,64226           0,01413
          13,10000       16479,90400        3279,81900          -3,96200         -34,81266          -0,01773
          13,15000       16479,90400        3279,81900          -3,96200         -35,06792           0,01413
          13,20000       16479,90500        3279,81900          -3,96200         -35,51463           0,05874
          13,25000       16479,90400        3279,81900          -4,00900         -35,25937           0,00139
          13,30000       16479,90400        3279,81900          -4,01100         -34,74885           0,00139
          13,35000       16479,90400        3279,82000          -4,06200         -35,38700           0,03963
          13,40000       16479,90400        3279,81900          -4,06200         -35,32318           0,03963
          13,45000       16479,90400        3279,81900          -4,06300         -34,74885           0,02688
          13,50000       16479,90400        3279,81900          -4,11200         -35,45081           0,02688
          13,55000       16479,90400        3279,81900          -4,11300         -35,13174           0,03963
          13,60000       16479,90400        3279,81900          -4,16200         -35,06792           0,00139
          13,65000       16479,90400        3279,81900          -4,16200         -35,51463           0,03963
          13,70000       16479,90300        3279,81900          -4,16200         -35,13174           0,02051
          13,75000       16479,90500        3279,81900          -4,18900         -35,06792           0,02051
          13,80000       16479,90400        3279,81900          -4,21100         -34,87648           0,01413
          13,85000       16479,90400        3279,81900          -4,26200         -35,13174           0,00139
          13,90000       16479,90400        3279,81900          -4,26200         -35,00411           0,03325
          13,95000       16479,90400        3279,81900          -4,26200         -34,62122           0,00776
          14,00000       16479,90400        3279,82000          -4,31100         -35,00411          -0,03047
          14,05000       16479,90400        3279,81900          -4,31200         -35,25937           0,00139
          14,10000       16479,90300        3279,81900          -4,31300         -34,68503           0,05237
          14,15000       16479,90400        3279,82000          -4,36300         -35,51463           0,00139
          14,20000       16479,90400        3279,81900          -4,36100         -34,74885           0,00139
          14,25000       16479,90400        3279,82000          -4,36200         -35,51463           0,01413
          14,30000       16479,90300        3279,81900          -4,41500         -35,45081           0,03325
          14,35000       16479,90400        3279,82000          -4,41500         -35,13174           0,00139
          14,40000       16479,90400        3279,82000          -4,41500         -34,94029           0,02051
          14,45000       16479,90300        3279,81900          -4,46400         -35,19555           0,06512
          14,50000       16479,90400        3279,82000          -4,46400         -35,38700           0,03325
          14,55000       16479,90400        3279,82000          -4,46400         -35,38700           0,03325
          14,60000       16479,90300        3279,82000          -4,51300         -35,89752           0,05874
          14,65000       16479,90300        3279,81900          -4,51300         -35,13174           0,00776
          14,70000       16479,90500        3279,81900          -4,53000         -34,62122           0,05874
          14,75000       16479,90300        3279,81900          -4,56200         -35,13174           0,03325
          14,80000       16479,90300        3279,81900          -4,56300         -35,38700           0,00139
          14,85000       16479,90300        3279,82000          -4,61100         -35,00411           0,02051
          14,90000       16479,90300        3279,81900          -4,61300         -35,19555           0,02051
          14,95000       16479,90400        3279,81900          -4,61300         -35,57844           0,02051
          15,00000       16479,90400        3279,81900          -4,66100         -35,00411           0,04600
          15,05000       16479,90400        3279,81900          -4,66100         -34,94029           0,00139
          15,10000       16479,90400        3279,81900          -4,66100         -34,36596           0,03325
          15,15000       16479,90400        3279,81900          -4,71200         -34,68503           0,02051
          15,20000       16479,90300        3279,81900          -4,71400         -35,25937           0,03325
          15,25000       16479,90400        3279,81900          -4,76300         -35,38700           0,03325
          15,30000       16479,90500        3279,81900          -4,76300         -35,25937          -0,01773
          15,35000       16479,90400        3279,82000          -4,79400         -35,25937           0,05874
          15,40000       16479,90300        3279,81800          -4,81100         -35,64226           0,04600
          15,45000       16479,90400        3279,81900          -4,81200         -35,19555           0,02688
          15,50000       16479,90300        3279,81800          -4,86200         -34,94029           0,03963
          15,55000       16479,90400        3279,81900          -4,86200         -35,51463           0,00139
          15,60000       16479,90300        3279,81900          -4,86300         -34,81266           0,03963
          15,65000       16479,90400        3279,81900          -4,91100         -34,55740           0,03963
          15,70000       16479,90400        3279,81900          -4,91200         -34,87648           0,00776
          15,75000       16479,90400        3279,81900          -4,96300         -35,32318           0,00139
          15,80000       16479,90400        3279,81900          -4,96300         -35,76989           0,01413
          15,85000       16479,90400        3279,81900          -4,96300         -35,13174           0,04600
          15,90000       16479,90300        3279,81900          -5,01200         -34,68503           0,04600
          15,95000       16479,90500        3279,81900          -5,01300         -35,00411           0,03963
          16,00000       16479,90300        3279,81900          -5,01300         -34,74885           0,02051
          16,05000       16479,90500        3279,81900          -5,03300         -35,38700          -0,03047
          16,10000       16479,90400        3279,81800          -5,06200         -35,19555           0,00776
          16,15000       16479,90300        3279,81900          -5,07900         -34,81266          -0,01136
          16,20000       16479,90400        3279,81800          -5,11200         -35,13174          -0,03685
          16,25000       16479,90400        3279,81900          -5,11300         -34,87648           0,00776
          16,30000       16479,90400        3279,81900          -5,11400         -34,62122           0,02688
          16,35000       16479,90400        3279,81900          -5,16200         -34,94029          -0,01773
          16,40000       16479,90400        3279,81900          -5,16300         -35,45081           0,04600
          16,45000       16479,90400        3279,81900          -5,18900         -35,25937          -0,02410
          16,50000       16479,90400        3279,81900          -5,21300         -35,32318           0,04600
          16,55000       16479,90300        3279,81800          -5,21300         -34,81266           0,06512
          16,60000       16479,90300        3279,81900          -5,22200         -34,94029           0,02051
          16,65000       16479,90300        3279,81900          -5,26300         -35,25937           0,03963
          16,70000       16479,90300        3279,81900          -5,26200         -35,32318           0,04600
          16,75000       16479,90400        3279,81900          -5,31100         -34,81266           0,03963
          16,80000       16479,90400        3279,81900          -5,31300         -34,62122           0,03325
          16,85000       16479,90400        3279,81900          -5,31300         -35,19555           0,03963
          16,90000       16479,90300        3279,81900          -5,36300         -34,81266           0,02051
          16,95000       16479,90400        3279,81900          -5,36300         -34,62122           0,00776
          17,00000       16479,90400        3279,81900          -5,41100         -34,94029           0,02688
          17,05000       16479,90400        3279,81900          -5,41200         -35,32318           0,02688
          17,10000       16479,90400        3279,81900          -5,41200         -35,38700           0,02688
          17,15000       16479,90300        3279,82000          -5,46200         -35,13174           0,01413
          17,20000       16479,90300        3279,81900          -5,46300         -35,51463           0,03325
          17,25000       16479,90500        3279,81900          -5,46300         -34,87648           0,03325
          17,30000       16479,90400        3279,81900          -5,51400         -34,36596           0,02688
          17,35000       16479,90300        3279,81900          -5,51300         -35,13174           0,07149
          17,40000       16479,90400        3279,81900          -5,55300         -34,81266           0,00776
          17,45000       16479,90300        3279,82000          -5,56400         -34,94029           0,03963
          17,50000       16479,90400        3279,81900          -5,56400         -34,87648           0,02688
          17,55000       16479,90300        3279,81900          -5,61200         -34,94029           0,04600
          17,60000       16479,90300        3279,81800          -5,61200         -34,74885           0,03963
          17,65000       16479,90400        3279,81900          -5,61200         -34,87648           0,03963
          17,70000       16479,90300        3279,81900          -5,66000         -35,51463           0,02051
          17,75000       16479,90300        3279,81800          -5,66200         -35,38700           0,00776
          17,80000       16479,90400        3279,81900          -5,66500         -34,81266           0,04600
          17,85000       16479,90400        3279,81900          -5,71100         -34,74885           0,00776
          17,90000       16479,90400        3279,81900          -5,71200         -35,00411          -0,01136
          17,95000       16479,90500        3279,81900          -5,76300         -34,62122           0,02051
          18,00000       16479,90400        3279,81900          -5,76100         -35,19555           0,05874
          18,05000       16479,90500        3279,81900          -5,76200         -35,51463           0,03325
          18,10000       16479,90400        3279,81800          -5,81200         -34,49359          -0,01136
          18,15000       16479,90400        3279,81900          -5,81300         -35,38700           0,02688
          18,20000       16479,90400        3279,81800          -5,81300         -35,25937           0,04600
          18,25000       16479,90500        3279,81800          -5,86200         -35,06792           0,00776
          18,30000       16479,90400        3279,81800          -5,86200         -34,62122           0,00139
          18,35000       16479,90400        3279,81900          -5,91100         -34,81266           0,03963
          18,40000       16479,90500        3279,81800          -5,91200         -34,87648           0,02051
          18,45000       16479,90400        3279,81900          -5,91300         -35,00411          -0,03685
          18,50000       16479,90500        3279,81800          -5,93800         -35,38700           0,02688
          18,55000       16479,90400        3279,81900          -5,96100         -35,25937           0,06512
          18,60000       16479,90400        3279,81900          -5,96200         -34,94029           0,00776
          18,65000       16479,90500        3279,81900          -6,00200         -34,62122           0,03325
          18,70000       16479,90400        3279,81900          -6,01300         -34,55740           0,03325
          18,75000       16479,90400        3279,81900          -6,01300         -34,94029           0,01413
          18,80000       16479,90400        3279,81900          -6,06300         -34,81266           0,02051
          18,85000       16479,90400        3279,81900          -6,06200         -34,55740           0,00139
          18,90000       16479,90400        3279,81900          -6,06400         -34,68503           0,00139
          18,95000       16479,90400        3279,81900          -6,11200         -34,94029           0,02051
          19,00000       16479,90500        3279,81800          -6,11300         -35,19555          -0,02410
          19,05000       16479,90400        3279,81800          -6,11300         -35,25937           0,03963
          19,10000       16479,90400        3279,81900          -6,16100         -34,94029           0,03963
          19,15000       16479,90500        3279,81800          -6,16200         -35,13174           0,01413
          19,20000       16479,90400        3279,81800          -6,21200         -34,74885           0,00139
          19,25000       16479,90400        3279,81900          -6,21300         -35,70607           0,00776
          19,30000       16479,90400        3279,81900          -6,21300         -34,81266           0,07149
          19,35000       16479,90400        3279,81900          -6,26100         -35,19555           0,03963
          19,40000       16479,90400        3279,81800          -6,26200         -34,87648           0,03963
          19,45000       16479,90500        3279,81900          -6,31500         -35,06792           0,03325
          19,50000       16479,90500        3279,81900          -6,31300         -35,45081          -0,00498
          19,55000       16479,90400        3279,81900          -6,31400         -35,00411           0,03963
          19,60000       16479,90500        3279,81800          -6,36300         -34,87648           0,03963
          19,65000       16479,90400        3279,81900          -6,36400         -34,49359           0,03963
          19,70000       16479,90400        3279,81900          -6,41400         -35,13174           0,01413
          19,75000       16479,90400        3279,81900          -6,41400         -34,74885           0,01413
          19,80000       16479,90400        3279,81900          -6,41400         -34,74885           0,02051
          19,85000       16479,90500        3279,81900          -6,46300         -35,00411           0,02051
          19,90000       16479,90400        3279,81900          -6,46300         -35,19555           0,01413
          19,95000       16479,90400        3279,81800          -6,46300         -35,38700          -0,00498
          20,00000       16479,90300        3279,81900          -6,47900         -34,81266           0,05237
          20,05000       16479,90400        3279,81800          -6,51200         -34,94029           0,03963
          20,10000       16479,90400        3279,82000          -6,51200         -35,13174           0,03963
          20,15000       16479,90400        3279,81900          -6,56300         -35,13174           0,01413
          20,20000       16479,90400        3279,82000          -6,56400         -34,62122           0,03325
          20,25000       16479,90400        3279,81900          -6,56300         -35,06792           0,02051
          20,30000       16479,90400        3279,81900          -6,61200         -35,45081           0,00776
          20,35000       16479,90400        3279,81900          -6,61300         -34,68503           0,03963
          20,40000       16479,90400        3279,82000          -6,62800         -35,00411           0,05237
          20,45000       16479,90400        3279,81900          -6,66200         -34,68503          -0,00498
          20,50000       16479,90300        3279,82000          -6,66200         -34,87648           0,02688
          20,55000       16479,90300        3279,81900          -6,71400         -34,94029           0,03325
          20,60000       16479,90300        3279,81900          -6,71400         -34,55740           0,01413
          20,65000       16479,90300        3279,82000          -6,71400         -34,55740           0,02051
          20,70000       16479,90300        3279,81900          -6,76400         -35,13174           0,03963
          20,75000       16479,90400        3279,81900          -6,76400         -34,74885           0,05237
          20,80000       16479,90400        3279,82000          -6,76400         -34,62122           0,03325
          20,85000       16479,90300        3279,81800          -6,81400         -34,87648           0,02051
          20,90000       16479,90400        3279,81800          -6,81500         -34,87648           0,02051
          20,95000       16479,90400        3279,81800          -6,84600         -34,81266           0,02051
          21,00000       16479,90400        3279,81800          -6,86400         -34,81266           0,04600
          21,05000       16479,90300        3279,81900          -6,86500         -34,94029          -0,01773
          21,10000       16479,90300        3279,81900          -6,91400         -34,55740           0,02051
          21,15000       16479,90300        3279,81900          -6,91400         -34,94029           0,00776
          21,20000       16479,90400        3279,81800          -6,96400         -34,81266           0,00139
          21,25000       16479,90300        3279,82000          -6,96300         -35,25937           0,03325
          21,30000       16479,90300        3279,81900          -6,96400         -34,62122           0,00139
          21,35000       16479,90400        3279,82000          -7,01200         -34,36596           0,05874
          21,40000       16479,90300        3279,81900          -7,01300         -34,94029           0,01413
          21,45000       16479,90300        3279,81900          -7,01400         -34,81266           0,03325
          21,50000       16479,90400        3279,81900          -7,06300         -34,55740           0,00139
          21,55000       16479,90400        3279,82000          -7,06400         -35,00411           0,03963
          21,60000       16479,90400        3279,81900          -7,06400         -34,81266           0,02051
          21,65000       16479,90400        3279,81900          -7,11300         -34,81266           0,04600
          21,70000       16479,90300        3279,81900          -7,11400         -34,62122           0,02051
          21,75000       16479,90400        3279,81800          -7,16200         -35,00411           0,03963
          21,80000       16479,90400        3279,81900          -7,16200         -35,00411           0,00139
          21,85000       16479,90400        3279,81900          -7,16300         -34,87648           0,05237
          21,90000       16479,90400        3279,81900          -7,21200         -35,13174           0,01413
          21,95000       16479,90400        3279,81900          -7,21400         -35,13174           0,00776
          22,00000       16479,90400        3279,81800          -7,26500         -34,87648           0,03963
          22,05000       16479,90400        3279,81900          -7,26300         -34,49359           0,04600
          22,10000       16479,90400        3279,81800          -7,26400         -34,81266           0,03963
          22,15000       16479,90400        3279,81900          -7,26400         -34,42977           0,01413
          22,20000       16479,90400        3279,81800          -7,31400         -35,32318           0,01413
          22,25000       16479,90400        3279,81900          -7,31400         -34,42977           0,02051
          22,30000       16479,90300        3279,81900          -7,35100         -34,23833           0,04600
          22,35000       16479,90400        3279,81800          -7,36400         -34,62122           0,05874
          22,40000       16479,90300        3279,81800          -7,36400         -34,68503           0,03325
          22,45000       16479,90300        3279,81800          -7,36400         -34,94029          -0,02410
          22,50000       16479,90300        3279,81900          -7,41300         -34,55740           0,02688
          22,55000       16479,90400        3279,82000          -7,41400         -34,74885           0,00139
          22,60000       16479,90400        3279,81900          -7,41600         -34,94029          -0,00498
          22,65000       16479,90400        3279,81900          -7,46300         -35,00411           0,02051
          22,70000       16479,90300        3279,81800          -7,46300         -35,13174           0,03325
          22,75000       16479,90300        3279,81900          -7,51200         -35,25937          -0,01773
          22,80000       16479,90400        3279,81900          -7,51300         -34,74885           0,05237
          22,85000       16479,90300        3279,81900          -7,51400         -34,94029           0,00139
          22,90000       16479,90300        3279,81900          -7,56100         -34,74885           0,02688
          22,95000       16479,90400        3279,81900          -7,56100         -34,81266           0,03963
          23,00000       16479,90400        3279,82000          -7,61100         -34,68503           0,02688
          23,05000       16479,90400        3279,81900          -7,61200         -35,00411           0,02051
          23,10000       16479,90500        3279,81900          -7,61300         -34,17451          -0,01136
          23,15000       16479,90400        3279,81900          -7,66300         -34,62122           0,05237
          23,20000       16479,90400        3279,81800          -7,66300         -35,06792          -0,01136
          23,25000       16479,90300        3279,81900          -7,71300         -34,42977           0,00139
          23,30000       16479,90300        3279,81900          -7,71300         -35,13174           0,03325
          23,35000       16479,90400        3279,82000          -7,71400         -34,81266           0,01413
          23,40000       16479,90400        3279,81900          -7,76400         -34,68503           0,04600
          23,45000       16479,90300        3279,81900          -7,76400         -34,36596          -0,01773
          23,50000       16479,90300        3279,82000          -7,76500         -34,94029           0,00776
          23,55000       16479,90300        3279,81900          -7,81300         -34,81266           0,03963
          23,60000       16479,90300        3279,81800          -7,81400         -35,13174           0,01413
          23,65000       16479,90400        3279,81900          -7,86300         -34,94029           0,00139
          23,70000       16479,90400        3279,81900          -7,86400         -34,87648           0,05874
          23,75000       16479,90500        3279,81900          -7,86400         -34,55740           0,00776
          23,80000       16479,90400        3279,81900          -7,91200         -34,68503           0,05237
          23,85000       16479,90500        3279,81900          -7,91300         -34,42977           0,02051
          23,90000       16479,90500        3279,82000          -7,91200         -34,87648           0,00139
          23,95000       16479,90400        3279,81900          -7,91300         -34,42977           0,01413
          24,00000       16479,90300        3279,81900          -7,96200         -35,00411          -0,03047
          24,05000       16479,90400        3279,81900          -7,96200         -35,00411          -0,00498
          24,10000       16479,90300        3279,82000          -8,01200         -34,81266           0,05237
          24,15000       16479,90400        3279,82000          -8,01200         -34,62122           0,04600
          24,20000       16479,90400        3279,81900          -8,01300         -34,87648           0,01413
          24,25000       16479,90400        3279,81900          -8,06200         -34,49359           0,00776
          24,30000       16479,90400        3279,81900          -8,06200         -34,42977           0,02051
          24,35000       16479,90400        3279,81900          -8,09400         -34,81266           0,01413
          24,40000       16479,90400        3279,81800          -8,11200         -34,68503           0,02051
          24,45000       16479,90400        3279,81900          -8,11300         -35,00411           0,01413
          24,50000       16479,90400        3279,81900          -8,16200         -34,68503           0,03963
          24,55000       16479,90300        3279,81900          -8,16300         -35,06792           0,00139
          24,60000       16479,90300        3279,81900          -8,16400         -34,49359           0,04600
          24,65000       16479,90300        3279,81900          -8,21300         -34,81266          -0,02410
          24,70000       16479,90400        3279,81900          -8,21300         -35,13174           0,00139
          24,75000       16479,90400        3279,81900          -8,26000         -34,87648           0,02051
          24,80000       16479,90300        3279,81800          -8,26200         -34,62122           0,03963
          24,85000       16479,90300        3279,81900          -8,26200         -34,62122           0,05237
          24,90000       16479,90400        3279,81900          -8,29000         -34,94029           0,00776
          24,95000       16479,90300        3279,82000          -8,31200         -34,74885           0,03963
          25,00000       16479,90300        3279,82000          -8,31200         -34,94029           0,00776
          25,05000       16479,90400        3279,82000          -8,32600         -34,62122           0,03963
          25,10000       16479,90300        3279,81900          -8,36300         -34,49359          -0,00498
          25,15000       16479,90300        3279,81900          -8,36200         -34,55740          -0,00498
          25,20000       16479,90400        3279,81900          -8,41200         -34,68503          -0,03047
          25,25000       16479,90300        3279,81900          -8,41300         -34,81266          -0,00498
          25,30000       16479,90300        3279,81800          -8,41200         -34,74885           0,03963
          25,35000       16479,90400        3279,81900          -8,46200         -34,23833           0,04600
          25,40000       16479,90300        3279,82000          -8,46300         -34,49359           0,03963
          25,45000       16479,90500        3279,82000          -8,51300         -34,87648           0,04600
          25,50000       16479,90400        3279,81900          -8,51200         -35,06792           0,05237
          25,55000       16479,90400        3279,81900          -8,51300         -34,68503           0,02051
          25,60000       16479,90300        3279,81900          -8,56200         -33,91925          -0,01773
          25,65000       16479,90300        3279,81900          -8,56200         -34,55740           0,00139
          25,70000       16479,90300        3279,81800          -8,60800         -34,42977           0,02051
          25,75000       16479,90300        3279,81800          -8,61000         -34,55740           0,00139
          25,80000       16479,90400        3279,81900          -8,61100         -34,68503           0,03963
          25,85000       16479,90300        3279,81900          -8,64500         -34,36596           0,03963
          25,90000       16479,90300        3279,81900          -8,66100         -34,62122           0,00776
          25,95000       16479,90300        3279,81900          -8,66100         -33,98307           0,02688
          26,00000       16479,90400        3279,81900          -8,71100         -34,42977           0,05237
          26,05000       16479,90300        3279,81900          -8,71200         -34,62122           0,05237
          26,10000       16479,90400        3279,81900          -8,71200         -34,81266          -0,01136
          26,15000       16479,90400        3279,81900          -8,76200         -34,11070           0,00139
          26,20000       16479,90300        3279,81900          -8,76300         -34,55740           0,00776
          26,25000       16479,90400        3279,81900          -8,81100         -35,00411           0,02688
          26,30000       16479,90300        3279,82000          -8,81100         -35,13174           0,03325
          26,35000       16479,90400        3279,81900          -8,81100         -34,62122           0,01413
          26,40000       16479,90300        3279,82000          -8,85700         -34,87648          -0,01136
          26,45000       16479,90300        3279,81900          -8,86200         -35,06792           0,03963
          26,50000       16479,90300        3279,81900          -8,86200         -34,36596           0,02688
          26,55000       16479,90400        3279,81900          -8,91000         -34,68503           0,03963
          26,60000       16479,90300        3279,82000          -8,91200         -33,91925           0,03325
          26,65000       16479,90300        3279,82000          -8,91200         -34,55740           0,02688
          26,70000       16479,90300        3279,81900          -8,96100         -34,55740           0,04600
          26,75000       16479,90400        3279,81900          -8,96200         -34,30214           0,05237
          26,80000       16479,90400        3279,82000          -8,98200         -34,23833           0,00139
          26,85000       16479,90300        3279,81900          -9,01300         -33,98307           0,00776
          26,90000       16479,90300        3279,82000          -9,01300         -34,17451          -0,03047
          26,95000       16479,90300        3279,82000          -9,06100         -34,62122          -0,01136
          27,00000       16479,90400        3279,82000          -9,06200         -34,49359           0,02688
          27,05000       16479,90300        3279,82000          -9,09200         -34,87648           0,00139
          27,10000       16479,90300        3279,82000          -9,11200         -33,72781           0,02688
          27,15000       16479,90300        3279,81900          -9,11200         -34,55740           0,00776
          27,20000       16479,90300        3279,81900          -9,11200         -34,11070           0,00139
          27,25000       16479,90300        3279,82000          -9,16200         -34,62122           0,01413
          27,30000       16479,90300        3279,81900          -9,16300         -34,30214           0,00139
          27,35000       16479,90400        3279,81900          -9,21200         -34,42977           0,02688
          27,40000       16479,90300        3279,81900          -9,21300         -34,36596           0,02688
          27,45000       16479,90300        3279,82000          -9,21300         -34,36596           0,01413
          27,50000       16479,90300        3279,81900          -9,26500         -33,91925          -0,01136
          27,55000       16479,90300        3279,81900          -9,26300         -34,94029           0,00139
          27,60000       16479,90300        3279,82000          -9,26300         -34,68503           0,02051
          27,65000       16479,90400        3279,81900          -9,31200         -34,11070          -0,02410
          27,70000       16479,90400        3279,81900          -9,31200         -34,17451           0,02688
          27,75000       16479,90300        3279,81800          -9,36200         -33,79162           0,02688
          27,80000       16479,90300        3279,81900          -9,36100         -34,81266          -0,02410
          27,85000       16479,90400        3279,81900          -9,36200         -34,42977           0,02688
          27,90000       16479,90300        3279,82000          -9,41300         -34,30214           0,04600
          27,95000       16479,90300        3279,82000          -9,41300         -34,42977          -0,03047
          28,00000       16479,90400        3279,81900          -9,42400         -34,55740           0,00776
          28,05000       16479,90300        3279,81900          -9,46300         -33,60018           0,01413
          28,10000       16479,90300        3279,81900          -9,46300         -34,42977           0,02688
          28,15000       16479,90400        3279,81900          -9,50900         -34,04688           0,03963
          28,20000       16479,90300        3279,81900          -9,51200         -34,11070           0,00776
          28,25000       16479,90300        3279,81900          -9,51400         -33,98307           0,00776
          28,30000       16479,90300        3279,81900          -9,56200         -33,91925          -0,01136
          28,35000       16479,90300        3279,81900          -9,56400         -34,42977           0,03963
          28,40000       16479,90300        3279,82000          -9,56400         -33,79162           0,01413
          28,45000       16479,90300        3279,81800          -9,61200         -34,74885           0,07149
          28,50000       16479,90300        3279,82000          -9,61300         -34,04688           0,04600
          28,55000       16479,90400        3279,81900          -9,66300         -34,11070           0,07149
          28,60000       16479,90400        3279,81900          -9,66300         -34,55740           0,00139
          28,65000       16479,90500        3279,82000          -9,66200         -34,11070           0,03325
          28,70000       16479,90300        3279,81900          -9,71300         -33,34492           0,02051
          28,75000       16479,90300        3279,81900          -9,71400         -34,23833           0,02688
          28,80000       16479,90400        3279,81900          -9,71400         -34,17451           0,02688
          28,85000       16479,90300        3279,82000          -9,76200         -34,62122          -0,00498
          28,90000       16479,90300        3279,81900          -9,76300         -34,23833           0,00139
          28,95000       16479,90400        3279,81900          -9,81100         -33,53636          -0,00498
          29,00000       16479,90300        3279,81900          -9,81300         -34,68503           0,04600
          29,05000       16479,90300        3279,82000          -9,81300         -34,23833          -0,01136
          29,10000       16479,90300        3279,81900          -9,86100         -34,62122           0,03325
          29,15000       16479,90300        3279,81900          -9,86300         -33,53636           0,00776
          29,20000       16479,90300        3279,81900          -9,86300         -34,11070           0,02051
          29,25000       16479,90400        3279,81900          -9,91400         -33,40873           0,02051
          29,30000       16479,90400        3279,81900          -9,91300         -33,60018           0,07149
          29,35000       16479,90400        3279,81900          -9,91300         -32,32387           0,03325
          29,40000       16479,90400        3279,82000          -9,96300         -33,02584           0,00776
          29,45000       16479,90400        3279,81900          -9,96300         -32,83439           0,03325
          29,50000       16479,90300        3279,82000          -9,96400         -33,53636           0,00139
          29,55000       16479,90400        3279,82000         -10,01300         -33,08966           0,03325
          29,60000       16479,90400        3279,82000         -10,01300         -33,53636           0,01413
          29,65000       16479,90400        3279,82000         -10,06300         -32,64295           0,00776
          29,70000       16479,90400        3279,82000         -10,06300         -32,51532           0,00139
          29,75000       16479,90400        3279,82000         -10,06400         -32,64295          -0,03685
          29,80000       16479,90400        3279,82000         -10,06400         -32,64295           0,02051
          29,85000       16479,90400        3279,81900         -10,11300         -32,70676          -0,02410
          29,90000       16479,90300        3279,81900         -10,11200         -33,85544          -0,02410
          29,95000       16479,90400        3279,82000         -10,16200         -32,96203           0,00776
          30,00000       16479,90300        3279,81900         -10,16300         -32,19624           0,03325
          30,05000       16479,90300        3279,82000         -10,16300         -34,04688          -0,02410
          30,10000       16479,90300        3279,82000         -10,21400         -32,13243           0,04600
          30,15000       16479,90300        3279,82000         -10,21300         -33,40873           0,06512
          30,20000       16479,90400        3279,82000         -10,26200         -33,91925           0,00139
          30,25000       16479,90300        3279,81900         -10,26300         -33,53636           0,02051
          30,30000       16479,90400        3279,82000         -10,26400         -33,79162           0,02688
          30,35000       16479,90400        3279,82000         -10,31500         -30,72850           0,04600
          30,40000       16479,90300        3279,81900         -10,31400         -33,85544           0,05237
          30,45000       16479,90300        3279,82000         -10,31400         -33,53636           0,03325
          30,50000       16479,90300        3279,81900         -10,36200         -33,98307           0,02051
          30,55000       16479,90300        3279,82000         -10,36300         -33,85544           0,05237
          30,60000       16479,90400        3279,82000         -10,36300         -32,96203           0,03963
          30,65000       16479,90400        3279,82000         -10,41100         -31,23902          -0,01136
          30,70000       16479,90400        3279,81900         -10,41300         -31,49428          -0,01136
          30,75000       16479,90400        3279,81900         -10,41400         -33,21729           0,02688
          30,80000       16479,90300        3279,81900         -10,46300         -33,85544           0,02051
          30,85000       16479,90400        3279,81900         -10,46400         -34,55740          -0,02410
          30,90000       16479,90400        3279,81900         -10,46400         -32,70676           0,00776
          30,95000       16479,90300        3279,81900         -10,51400         -31,04757           0,03325
          31,00000       16479,90400        3279,81900         -10,51400         -32,89821           0,02688
          31,05000       16479,90300        3279,81800         -10,56300         -33,85544           0,00139
          31,10000       16479,90300        3279,81800         -10,56300         -33,34492           0,02051
          31,15000       16479,90300        3279,81900         -10,56300         -33,79162           0,03963
          31,20000       16479,90400        3279,81900         -10,61600         -33,85544           0,00139
          31,25000       16479,90400        3279,81900         -10,61500         -31,36665           0,00776
          31,30000       16479,90400        3279,81800         -10,61500         -32,64295           0,00776
          31,35000       16479,90300        3279,81900         -10,66400         -33,15347          -0,00498
          31,40000       16479,90400        3279,81900         -10,66500         -32,26006           0,02051
          31,45000       16479,90300        3279,81900         -10,66700         -33,85544           0,01413
          31,50000       16479,90300        3279,81900         -10,71600         -33,47255           0,02688
          31,55000       16479,90300        3279,81800         -10,71600         -33,72781           0,02051
          31,60000       16479,90300        3279,81800         -10,71600         -33,02584           0,06512
          31,65000       16479,90300        3279,81800         -10,76300         -28,68641           0,00776
          31,70000       16479,90300        3279,81800         -10,76400         -31,94098           0,01413
          31,75000       16479,90300        3279,81800         -10,81300         -32,06861          -0,01136
          31,80000       16479,90300        3279,81900         -10,81500         -29,06930           0,03325
          31,85000       16479,90300        3279,81800         -10,86500         -26,51670           0,03325
          31,90000       16479,90300        3279,81800         -10,86500         -28,17589           0,04600
          31,95000       16479,90300        3279,81900         -10,86500         -27,15485           0,00776
          32,00000       16479,90300        3279,81800         -10,86500         -27,60156           0,01413
          32,05000       16479,90300        3279,81800         -10,91300         -28,30352           0,02051
          32,10000       16479,90400        3279,81900         -10,91300         -30,66468           0,03325
          32,15000       16479,90300        3279,81900         -10,91400         -32,57913           0,01413
          32,20000       16479,90400        3279,81900         -10,96500         -29,64364           0,03325
          32,25000       16479,90400        3279,81900         -10,96600         -32,19624           0,00139
          32,30000       16479,90300        3279,81900         -10,96600         -33,02584           0,02051
          32,35000       16479,90400        3279,81900         -11,01400         -32,96203           0,00139
          32,40000       16479,90400        3279,81900         -11,01400         -27,34630           0,00139
          32,45000       16479,90300        3279,82000         -11,06300         -32,26006          -0,01136
          32,50000       16479,90300        3279,81800         -11,06300         -33,21729           0,01413
          32,55000       16479,90400        3279,81900         -11,07100         -33,15347          -0,01136
          32,60000       16479,90400        3279,81900         -11,11400         -33,60018           0,01413
          32,65000       16479,90300        3279,81800         -11,11500         -25,11277           0,05874
          32,70000       16479,90400        3279,81900         -11,16400         -33,66399           0,00776
          32,75000       16479,90400        3279,81900         -11,16500         -33,85544           0,01413
          32,80000       16479,90300        3279,81900         -11,16500         -33,53636           0,01413
          32,85000       16479,90300        3279,82000         -11,21300         -33,91925           0,03325
          32,90000       16479,90300        3279,81900         -11,21500         -26,32526           0,04600
          32,95000       16479,90300        3279,81900         -11,26400         -33,79162           0,04600
          33,00000       16479,90300        3279,81800         -11,26500         -33,47255          -0,00498
          33,05000       16479,90300        3279,81900         -11,26500         -31,87717           0,00776
          33,10000       16479,90300        3279,81900         -11,31400         -28,49497          -0,01136
          33,15000       16479,90300        3279,81900         -11,31500         -32,00480           0,02051
          33,20000       16479,90300        3279,81900         -11,34500         -32,19624           0,05874
          33,25000       16479,90200        3279,81900         -11,36300         -33,72781           0,02051
          33,30000       16479,90300        3279,81900         -11,36400         -32,06861           0,04600
          33,35000       16479,90300        3279,81900         -11,36400         -32,83439           0,03325
          33,40000       16479,90300        3279,81900         -11,41400         -33,02584           0,03325
          33,45000       16479,90300        3279,81900         -11,41500         -33,91925           0,02051
          33,50000       16479,90300        3279,81900         -11,41500         -33,72781           0,00776
          33,55000       16479,90300        3279,81900         -11,46500         -27,85682           0,05874
          33,60000       16479,90300        3279,81900         -11,46600         -30,21798           0,00139
          33,65000       16479,90300        3279,81900         -11,49600         -32,64295           0,04600
          33,70000       16479,90300        3279,81900         -11,51300         -18,98652           0,00776
          33,75000       16479,90300        3279,81900         -11,51400         -34,04688           0,03325
          33,80000       16479,90400        3279,81900         -11,56300         -32,51532          -0,01773
          33,85000       16479,90300        3279,81900         -11,56500         -28,68641           0,07786
          33,90000       16479,90300        3279,81900         -11,56500         -22,87924           0,02688
          33,95000       16479,90300        3279,81900         -11,61300         -25,30421           0,00776
          34,00000       16479,90300        3279,81800         -11,61400         -16,88062           0,02051
          34,05000       16479,90300        3279,81900         -11,61400         -32,77058           0,00139
          34,10000       16479,90300        3279,81900         -11,66400         -19,36941           0,00776
          34,15000       16479,90300        3279,81900         -11,66500         -22,56017           0,02688
          34,20000       16479,90300        3279,81900         -11,71400         -10,05241           0,03325
          34,25000       16479,90400        3279,82000         -11,71500         -16,56155           0,03963
          34,30000       16479,90400        3279,81900         -11,71500         -31,81335           0,03325
          34,35000       16479,90300        3279,82000         -11,75800         -32,26006           0,03963
          34,40000       16479,90300        3279,81900         -11,76300         -33,79162           0,02688
          34,45000       16479,90300        3279,82000         -11,76400         -32,32387          -0,01773
          34,50000       16479,90400        3279,82000         -11,81400         -24,21936           0,00139
          34,55000       16479,90400        3279,82000         -11,81400         -22,56017           0,06512
          34,60000       16479,90300        3279,81900         -11,81500         -26,70815           0,00139
          34,65000       16479,90300        3279,82000         -11,86400         -29,19693           0,04600
          34,70000       16479,90200        3279,82000         -11,86400         -36,59949           0,03325
          34,75000       16479,90200        3279,81900         -11,91500         -33,08966           0,01413
          34,80000       16479,90300        3279,82000         -11,91500         -33,28110           0,02688
          34,85000       16479,90300        3279,81900         -11,91500         -33,53636           0,03963
          34,90000       16479,90200        3279,81900         -11,96500         -33,47255           0,02688
          34,95000       16479,90300        3279,81900         -11,96600         -34,49359           0,02688
          35,00000       16479,90400        3279,82000         -12,01400         -32,19624           0,02688
          35,05000       16479,90400        3279,81900         -12,01400         -32,96203           0,03325
          35,10000       16479,90400        3279,81900         -12,01500         -35,25937          -0,01773
          35,15000       16479,90200        3279,82000         -12,04700         -36,21659           0,04600
          35,20000       16479,90300        3279,81900         -12,06400         -22,56017           0,02051
          35,25000       16479,90200        3279,82000         -12,08700         -35,96133           0,00776
          35,30000       16479,90200        3279,81900         -12,11500         -35,25937           0,05874
          35,35000       16479,90300        3279,81900         -12,11500         -36,91856           0,00776
          35,40000       16479,90300        3279,81900         -12,11500         -36,15278           0,03963
          35,45000       16479,90300        3279,81900         -12,16300         -11,71160           0,00776
          35,50000       16479,90300        3279,81900         -12,16300         -34,55740          -0,00498
          35,55000       16479,90200        3279,81900         -12,16300         -30,21798          -0,03047
          35,60000       16479,90300        3279,82000         -12,21400         -25,24040           0,02051
          35,65000       16479,90300        3279,81900         -12,21500          45,08383          -0,03047
          35,70000       16479,90400        3279,81900         -12,26400         -36,21659           0,01413
          35,75000       16479,90300        3279,81900         -12,26400         -40,36458           0,03325
          35,80000       16479,90300        3279,81900         -12,26400         -50,44736           0,01413
          35,85000       16479,90300        3279,82000         -12,31300         -47,00134           0,03325
          35,90000       16479,90300        3279,81900         -12,31300         -59,57292          -0,00498
          35,95000       16479,90200        3279,82000         -12,31500           3,60402          -0,01773
          36,00000       16479,90400        3279,81800         -12,36400         182,47772           0,03325
          36,05000       16479,90300        3279,81900         -12,36500         264,03340           0,06512
          36,10000       16479,90300        3279,81900         -12,36500         -34,04688           0,04600
          36,15000       16479,90300        3279,81900         -12,41400         118,08829           0,05237
          36,20000       16479,90300        3279,81900         -12,41400         223,76608           0,00139
          36,25000       16479,90400        3279,81900         -12,46300         265,50115           0,03325
          36,30000       16479,90300        3279,81900         -12,46400         376,53940           0,02051
          36,35000       16479,90300        3279,81900         -12,46500         -18,66745          -0,01773
          36,40000       16479,90300        3279,81900         -12,51500           9,85790          -0,01136
          36,45000       16479,90300        3279,81900         -12,51500         329,57150           0,03963
          36,50000       16479,90300        3279,82000         -12,54500         487,96055           0,04600
          36,55000       16479,90200        3279,81900         -12,56400         345,07856           0,05237
          36,60000       16479,90300        3279,82000         -12,56500         -12,79646           0,00776
          36,65000       16479,90200        3279,82000         -12,61400         541,18233           0,03963
          36,70000       16479,90200        3279,81900         -12,61500         425,93228           0,05237
          36,75000       16479,90300        3279,81900         -12,61500         342,84503           0,00776
          36,80000       16479,90400        3279,81900         -12,66400         259,94923           0,02688
          36,85000       16479,90300        3279,81900         -12,66500         327,84849           0,03963
          36,90000       16479,90300        3279,82000         -12,71300         342,07925           0,02051
          36,95000       16479,90300        3279,82000         -12,71400         205,38733           0,00139
          37,00000       16479,90300        3279,82000         -12,71400         299,70603          -0,01136
          37,05000       16479,90400        3279,82100         -12,76500         237,29488           0,03325
          37,10000       16479,90200        3279,82000         -12,76600         710,16469           0,01413
          37,15000       16479,90200        3279,81900         -12,76500         765,62000           0,01413
          37,20000       16479,90300        3279,81900         -12,81500         345,14238           0,00776
          37,25000       16479,90400        3279,81900         -12,81600         278,26416           0,03325
          37,30000       16479,90200        3279,82000         -12,86300         306,91714           0,00776
          37,35000       16479,90200        3279,82000         -12,86400         240,03893          -0,00498
          37,40000       16479,90300        3279,82000         -12,86400         347,05683           0,03325
          37,45000       16479,90300        3279,81900         -12,86500         292,49493           0,03325
          37,50000       16479,90200        3279,81900         -12,86400         931,22016           0,02688
          37,55000       16479,90300        3279,81800          -0,23300         -35,83370          -0,01773
          37,60000       16479,90200        3279,81700          -0,23400         -35,76989           0,03325
          37,65000       16479,90200        3279,81800          -0,23400         -36,02515           0,02051
          37,70000       16479,90300        3279,81800          -0,23400         -35,76989           0,02051
          37,75000       16479,90200        3279,81700          -0,23400         -35,96133           0,03325
          37,80000       16479,90300        3279,81700          -0,23400         -36,02515           0,00776
          37,85000       16479,90300        3279,81700          -0,23400         -35,64226           0,02051
          37,90000       16479,90300        3279,81800          -0,23400         -35,70607           0,05237
          37,95000       16479,90300        3279,81800          -0,23500         -35,32318           0,05237
          38,00000       16479,90200        3279,81800          -0,23400         -36,21659           0,00776
          38,05000       16479,90200        3279,81700          -0,23500         -35,83370           0,01413
          38,10000       16479,90300        3279,81700          -0,23400         -36,28041          -0,01773
          38,15000       16479,90300        3279,81800          -0,23500         -35,83370           0,04600
          38,20000       16479,90300        3279,81800          -0,23400         -36,21659           0,03963
          38,25000       16479,90200        3279,81800          -0,23500         -36,34422          -0,01136
          38,30000       16479,90300        3279,81700          -0,23400         -35,70607           0,00776
          38,35000       16479,90200        3279,81800          -0,23400         -36,40804           0,01413
          38,40000       16479,90200        3279,81700          -0,23500         -36,15278          -0,00498
          38,45000       16479,90300        3279,81700          -0,23400         -34,87648           0,00776
          38,50000       16479,90200        3279,81700          -0,23400         -35,96133           0,00139
          38,55000       16479,90200        3279,81800          -0,23400         -35,96133          -0,02410
          38,60000       16479,90200        3279,81800          -0,23500         -36,08896           0,02688
          38,65000       16479,90300        3279,81800          -0,23400         -35,70607           0,03325
          38,70000       16479,90200        3279,81700          -0,23400         -36,08896           0,02688
          38,75000       16479,90300        3279,81800          -0,23400         -35,83370           0,05874
          38,80000       16479,90300        3279,81700          -0,23400         -35,57844           0,03325
          38,85000       16479,90300        3279,81700          -0,23500         -36,08896           0,03325
          38,90000       16479,90300        3279,81800          -0,23400         -35,83370           0,00139
          38,95000       16479,90200        3279,81700          -0,23400         -35,76989           0,00776
          39,00000       16479,90300        3279,81700          -0,23400         -35,96133           0,03325
          39,05000       16479,90200        3279,81800          -0,23500         -36,02515           0,00139
          39,10000       16479,90300        3279,81800          -0,23500         -36,15278           0,03325
          39,15000       16479,90200        3279,81800          -0,23400         -35,64226           0,02688
          39,20000       16479,90200        3279,81800          -0,23500         -36,40804           0,02051
          39,25000       16479,90300        3279,81700          -0,23500         -35,76989           0,02688
          39,30000       16479,90300        3279,81800          -0,23500         -35,83370           0,05874
          39,35000       16479,90200        3279,81800          -0,23400         -36,15278           0,00776
          39,40000       16479,90300        3279,81800          -0,23400         -35,76989           0,04600
          39,45000       16479,90200        3279,81800          -0,23400         -36,28041           0,04600
          39,50000       16479,90300        3279,81700          -0,23500         -36,08896           0,00776
          39,55000       16479,90300        3279,81800          -0,23500         -35,38700           0,03325
          39,60000       16479,90300        3279,81800          -0,23400         -36,28041           0,02688
          39,65000       16479,90200        3279,81800          -0,23500         -35,96133           0,03325
          39,70000       16479,90300        3279,81800          -0,23400         -36,15278           0,00776
          39,75000       16479,90300        3279,81700          -0,23400         -35,64226           0,00776
          39,80000       16479,90200        3279,81700          -0,23400         -35,76989           0,04600
          39,85000       16479,90300        3279,81800          -0,23400         -35,13174           0,03963
          39,90000       16479,90200        3279,81700          -0,23400         -35,76989           0,00139
          39,95000       16479,90200        3279,81800          -0,23400         -35,76989           0,02051
          40,00000       16479,90300        3279,81800          -0,23400         -35,38700           0,01413
          40,05000       16479,90200        3279,81800          -0,23400         -35,51463           0,03325
          40,10000       16479,90300        3279,81700          -0,23400         -35,89752           0,06512
          40,15000       16479,90200        3279,81800          -0,23500         -35,51463           0,06512
          40,20000       16479,90300        3279,81800          -0,23500         -36,59949           0,02051
          40,25000       16479,90300        3279,81800          -0,23400         -36,21659           0,01413
          40,30000       16479,90300        3279,81700          -0,23500         -36,21659           0,03963
          40,35000       16479,90200        3279,81700          -0,23500         -36,02515           0,03325
          40,40000       16479,90300        3279,81800          -0,23500         -36,34422           0,03963
          40,45000       16479,90200        3279,81800          -0,23500         -36,28041          -0,00498
          40,50000       16479,90200        3279,81800          -0,23500         -35,96133           0,00139
          40,55000       16479,90300        3279,81800          -0,23400         -35,96133           0,03963
          40,60000       16479,90300        3279,81800          -0,23500         -35,96133           0,05237
          40,65000       16479,90200        3279,81700          -0,23500         -36,28041           0,02051
          40,70000       16479,90200        3279,81800          -0,23500         -35,83370           0,02688
          40,75000       16479,90200        3279,81700          -0,23500         -35,96133          -0,01136
          40,80000       16479,90200        3279,81700          -0,23500         -36,02515           0,05237
          40,85000       16479,90200        3279,81700          -0,23400         -35,89752           0,02051
          40,90000       16479,90200        3279,81700          -0,23400         -36,08896           0,01413
          40,95000       16479,90200        3279,81700          -0,23500         -36,40804           0,02688
          41,00000       16479,90200        3279,81800          -0,23400         -35,89752           0,03963
          41,05000       16479,90300        3279,81700          -0,23500         -36,15278           0,00776
          41,10000       16479,90300        3279,81800          -0,23400         -35,96133           0,02051
          41,15000       16479,90300        3279,81800          -0,23400         -36,15278           0,04600
          41,20000       16479,90300        3279,81800          -0,23400         -36,28041           0,03325
          41,25000       16479,90300        3279,81800          -0,23500         -35,57844          -0,01136
          41,30000       16479,90300        3279,81700          -0,23500         -35,13174           0,02688
          41,35000       16479,90300        3279,81700          -0,23500         -36,02515           0,02688
          41,40000       16479,90200        3279,81700          -0,23500         -36,28041           0,01413
          41,45000       16479,90300        3279,81800          -0,23400         -36,08896           0,03325
          41,50000       16479,90200        3279,81800          -0,23500         -35,06792           0,03963
          41,55000       16479,90200        3279,81800          -0,23400         -35,51463           0,02688
          41,60000       16479,90200        3279,81700          -0,23500         -35,96133           0,01413
          41,65000       16479,90200        3279,81700          -0,23500         -36,02515           0,02051
          41,70000       16479,90300        3279,81700          -0,23500         -35,83370           0,03325
          41,75000       16479,90200        3279,81800          -0,23400         -35,57844           0,02688
          41,80000       16479,90300        3279,81800          -0,23400         -36,21659           0,00776
          41,85000       16479,90200        3279,81800          -0,23500         -36,66330           0,02688
          41,90000       16479,90300        3279,81700          -0,23400         -35,96133           0,03325
          41,95000       16479,90200        3279,81800          -0,23400         -35,51463           0,01413
          42,00000       16479,90300        3279,81800          -0,23500         -36,08896          -0,02410
          42,05000       16479,90300        3279,81700          -0,23500         -36,08896           0,02051
          42,10000       16479,90300        3279,81800          -0,23500         -36,72712           0,02688
          42,15000       16479,90200        3279,81800          -0,23400         -35,64226           0,02688
          42,20000       16479,90300        3279,81800          -0,23500         -36,15278           0,01413
          42,25000       16479,90300        3279,81800          -0,23400         -36,02515           0,04600
          42,30000       16479,90300        3279,81800          -0,23400         -36,02515           0,03325
          42,35000       16479,90200        3279,81700          -0,23500         -35,83370           0,02688
          42,40000       16479,90300        3279,81800          -0,23400         -36,47186           0,02688
          42,45000       16479,90300        3279,81800          -0,23400         -36,34422           0,02688
          42,50000       16479,90200        3279,81700          -0,23400         -36,40804           0,01413
          42,55000       16479,90300        3279,81700          -0,23500         -36,08896           0,02051
          42,60000       16479,90200        3279,81700          -0,23500         -35,25937           0,05237
          42,65000       16479,90300        3279,81700          -0,23500         -36,47186           0,01413
          42,70000       16479,90300        3279,81700          -0,23400         -36,98238           0,00776
          42,75000       16479,90300        3279,81600          -0,23400         -36,02515           0,01413
          42,80000       16479,90200        3279,81700          -0,23500         -35,13174          -0,02410
          42,85000       16479,90300        3279,81700          -0,23400         -35,06792           0,05237
          42,90000       16479,90300        3279,81700          -0,23400         -36,15278           0,05237
          42,95000       16479,90200        3279,81600          -0,23500         -36,34422           0,01413
          43,00000       16479,90300        3279,81700          -0,23500         -35,25937           0,00776
          43,05000       16479,90300        3279,81700          -0,23400         -35,64226           0,03963
          43,10000       16479,90300        3279,81600          -0,23500         -36,02515           0,03325
          43,15000       16479,90300        3279,81700          -0,23400         -36,02515           0,00776
          43,20000       16479,90300        3279,81700          -0,23400         -36,15278           0,05237
          43,25000       16479,90300        3279,81700          -0,23500         -36,02515           0,00139
          43,30000       16479,90300        3279,81600          -0,23500         -35,96133           0,06512
          43,35000       16479,90200        3279,81600          -0,23400         -36,02515           0,00139
          43,40000       16479,90300        3279,81700          -0,23400         -36,28041           0,03963
          43,45000       16479,90300        3279,81600          -0,23400         -36,21659           0,00139
          43,50000       16479,90300        3279,81700          -0,23400         -36,59949           0,02051
          43,55000       16479,90300        3279,81600          -0,23400         -35,83370           0,04600
          43,60000       16479,90100        3279,81700          -0,23400         -36,21659           0,02688
          43,65000       16479,90200        3279,81600          -0,23400         -35,64226           0,02688
          43,70000       16479,90200        3279,81700          -0,23500         -36,02515           0,03963
          43,75000       16479,90300        3279,81700          -0,23400         -35,57844           0,04600
          43,80000       16479,90200        3279,81700          -0,23400         -36,02515           0,03963
          43,85000       16479,90200        3279,81600          -0,23400         -35,76989           0,00139
          43,90000       16479,90300        3279,81600          -0,23400         -35,70607           0,02688
          43,95000       16479,90300        3279,81700          -0,23400         -36,28041           0,05237
          44,00000       16479,90200        3279,81600          -0,23400         -35,76989           0,00776
          44,05000       16479,90300        3279,81700          -0,23400         -36,02515           0,02051
          44,10000       16479,90200        3279,81600          -0,23400         -35,51463           0,02688
          44,15000       16479,90200        3279,81600          -0,23400         -35,89752           0,00139
          44,20000       16479,90300        3279,81600          -0,23400         -36,02515           0,06512
          44,25000       16479,90300        3279,81600          -0,23500         -35,83370           0,03963
          44,30000       16479,90300        3279,81600          -0,23400         -36,02515           0,02051
          44,35000       16479,90300        3279,81700          -0,23400         -35,70607           0,03325
          44,40000       16479,90300        3279,81600          -0,23400         -35,70607           0,02688
          44,45000       16479,90200        3279,81700          -0,23400         -35,57844           0,04600
          44,50000       16479,90300        3279,81700          -0,23400         -35,89752           0,02688
