
// =========================================================================================================
// 2026-04-17, 15:49:15
//        Time [s]        Pos X [um]        Pos Y [um]        Pos Z [um]      Force A [uN]      Force B [uN]
// =========================================================================================================
           0,00000        -892,82600         188,21600         -10,51100         -50,89407           0,02051
           0,05000        -892,82700         188,21600         -10,51100         -51,21314           0,02688
           0,10000        -892,82600         188,21700         -10,51100         -51,72366           0,05237
           0,15000        -892,82700         188,21700         -10,51100         -50,44736          -0,01136
           0,20000        -892,82600         188,21600         -10,51100         -50,95788           0,03325
           0,25000        -892,82700         188,21600         -10,51200         -51,14933           0,03325
           0,30000        -892,82600         188,21600         -10,51100         -50,83025           0,02688
           0,35000        -892,82600         188,21700         -10,51100         -50,95788           0,03963
           0,40000        -892,82600         188,21600         -10,51100         -51,21314           0,03963
           0,45000        -892,82700         188,21600         -10,51200         -50,83025           0,03325
           0,50000        -892,82600         188,21600         -10,51200         -50,51117           0,00776
           0,55000        -892,82600         188,21700         -10,51100         -51,08551          -0,02410
           0,60000        -892,82600         188,21600         -10,51200         -50,70262           0,02051
           0,65000        -892,82600         188,21600         -10,51200         -51,14933           0,00139
           0,70000        -892,82600         188,21600         -10,51200         -50,76643          -0,01773
           0,75000        -892,82700         188,21600         -10,51100         -51,21314           0,05237
           0,80000        -892,82700         188,21700         -10,51200         -50,95788           0,02688
           0,85000        -892,82700         188,21700         -10,51100         -51,14933           0,00139
           0,90000        -892,82600         188,21600         -10,51100         -50,89407           0,02051
           0,95000        -892,82600         188,21700         -10,51100         -50,83025          -0,02410
           1,00000        -892,82600         188,21700         -10,51100         -51,53222           0,00776
           1,05000        -892,82600         188,21700         -10,51100         -51,14933           0,02051
           1,10000        -892,82600         188,21600         -10,51100         -51,53222          -0,00498
           1,15000        -892,82600         188,21700         -10,51100         -51,34077           0,00139
           1,20000        -892,82600         188,21700         -10,51100         -51,02170           0,02688
           1,25000        -892,82600         188,21700         -10,51100         -51,34077           0,02688
           1,30000        -892,82600         188,21700         -10,51100         -51,40459           0,02051
           1,35000        -892,82600         188,21700         -10,51100         -51,46840           0,02051
           1,40000        -892,82600         188,21600         -10,51100         -51,08551          -0,02410
           1,45000        -892,82600         188,21600         -10,51100         -51,21314           0,01413
           1,50000        -892,82600         188,21600         -10,51200         -51,14933           0,04600
           1,55000        -892,82600         188,21700         -10,51200         -51,21314           0,04600
           1,60000        -892,82600         188,21600         -10,51100         -50,57499           0,00776
           1,65000        -892,82600         188,21700         -10,51100         -51,40459           0,01413
           1,70000        -892,82600         188,21700         -10,51100         -51,46840           0,04600
           1,75000        -892,82600         188,21700         -10,51200         -51,27696           0,02051
           1,80000        -892,82700         188,21600         -10,51200         -51,14933           0,03325
           1,85000        -892,82600         188,21700         -10,51200         -50,83025           0,00139
           1,90000        -892,82600         188,21700         -10,51200         -51,40459           0,02688
           1,95000        -892,82600         188,21600         -10,51200         -50,70262           0,05874
           2,00000        -892,82600         188,21600         -10,51200         -51,34077           0,03325
           2,05000        -892,82600         188,21600         -10,51200         -51,91511           0,06512
           2,10000        -892,82600         188,21600         -10,51100         -51,21314          -0,03047
           2,15000        -892,82700         188,21600         -10,51200         -51,65985           0,03963
           2,20000        -892,82600         188,21600         -10,51100         -50,76643           0,01413
           2,25000        -892,82600         188,21600         -10,51200         -51,27696           0,01413
           2,30000        -892,82600         188,21700         -10,51200         -50,89407           0,05237
           2,35000        -892,82600         188,21600         -10,51200         -51,78748           0,03963
           2,40000        -892,82600         188,21600         -10,51200         -50,70262           0,03325
           2,45000        -892,82600         188,21600         -10,73200         -50,83025           0,05237
           2,50000        -892,82600         188,21600         -10,73600         -51,78748           0,03963
           2,55000        -892,82600         188,21700         -10,75300         -51,59603           0,01413
           2,60000        -892,82600         188,21700         -10,75400         -50,95788           0,05874
           2,65000        -892,82600         188,21600         -10,75500         -50,70262           0,03963
           2,70000        -892,82700         188,21700         -10,75700         -51,14933           0,03325
           2,75000        -892,82600         188,21700         -10,75700         -51,27696           0,02688
           2,80000        -892,82600         188,21700         -10,75800         -51,59603          -0,03685
           2,85000        -892,82700         188,21700         -10,75000         -51,46840           0,04600
           2,90000        -892,82600         188,21700         -10,76000         -50,83025           0,03963
           2,95000        -892,82600         188,21800         -10,76100         -50,83025           0,04600
           3,00000        -892,82700         188,21800         -10,76100         -51,14933           0,00139
           3,05000        -892,82700         188,21700         -10,76100         -51,53222          -0,02410
           3,10000        -892,82600         188,21800         -10,76300         -51,34077           0,00776
           3,15000        -892,82500         188,21700         -10,76200         -51,46840           0,03325
           3,20000        -892,82600         188,21700         -10,76200         -51,34077           0,03963
           3,25000        -892,82600         188,21900         -10,76000         -51,08551           0,01413
           3,30000        -892,82600         188,21700         -10,76300         -51,53222           0,00776
           3,35000        -892,82700         188,21700         -10,76300         -50,89407           0,02688
           3,40000        -892,82600         188,21700         -10,76400         -51,91511           0,01413
           3,45000        -892,82600         188,21800         -10,76400         -51,27696           0,03963
           3,50000        -892,82500         188,21800         -10,76400         -50,70262           0,04600
           3,55000        -892,82600         188,21800         -10,76600         -50,89407           0,03963
           3,60000        -892,82600         188,21700         -10,76500         -50,95788           0,04600
           3,65000        -892,82500         188,21800         -10,76700         -51,21314           0,03325
           3,70000        -892,82600         188,21800         -10,76900         -51,46840           0,03963
           3,75000        -892,82600         188,21800         -10,76900         -50,95788           0,00776
           3,80000        -892,82600         188,21800         -10,76600         -51,34077           0,03963
           3,85000        -892,82600         188,21700         -10,78400         -50,95788           0,01413
           3,90000        -892,82700         188,21800         -10,78400         -51,02170           0,00776
           3,95000        -892,82600         188,21800         -10,78300         -51,72366          -0,00498
           4,00000        -892,82600         188,21800         -10,81600         -51,40459           0,03325
           4,05000        -892,82600         188,21800         -10,81700         -51,85129           0,02688
           4,10000        -892,82600         188,21800         -10,85600         -51,02170           0,00776
           4,15000        -892,82600         188,21900         -10,85700         -50,44736          -0,00498
           4,20000        -892,82600         188,21800         -10,85800         -51,40459           0,03325
           4,25000        -892,82600         188,21800         -10,90200         -51,59603           0,05237
           4,30000        -892,82600         188,21800         -10,90300         -51,46840           0,03963
           4,35000        -892,82600         188,21800         -10,90300         -51,21314           0,03963
           4,40000        -892,82700         188,21800         -10,95000         -50,89407           0,00776
           4,45000        -892,82600         188,21800         -10,95100         -51,53222           0,03963
           4,50000        -892,82600         188,21800         -10,99800         -51,14933           0,02688
           4,55000        -892,82700         188,21700         -10,99900         -51,59603           0,00776
           4,60000        -892,82600         188,21700         -10,99900         -50,70262           0,02688
           4,65000        -892,82500         188,21800         -11,04800         -50,95788           0,02051
           4,70000        -892,82500         188,21700         -11,04900         -51,27696           0,02688
           4,75000        -892,82600         188,21800         -11,04900         -51,53222          -0,00498
           4,80000        -892,82600         188,21800         -11,09900         -51,65985           0,04600
           4,85000        -892,82600         188,21700         -11,09900         -51,08551           0,00776
           4,90000        -892,82700         188,21700         -11,12500         -51,91511           0,02051
           4,95000        -892,82600         188,21700         -11,14800         -51,53222           0,01413
           5,00000        -892,82600         188,21800         -11,14800         -50,76643           0,03325
           5,05000        -892,82500         188,21800         -11,19800         -51,21314           0,04600
           5,10000        -892,82600         188,21800         -11,19800         -51,53222           0,03963
           5,15000        -892,82600         188,21800         -11,19900         -51,02170          -0,01136
           5,20000        -892,82600         188,21800         -11,25000         -50,95788          -0,02410
           5,25000        -892,82600         188,21800         -11,25100         -51,27696           0,03325
           5,30000        -892,82600         188,21800         -11,25100         -51,27696           0,02688
           5,35000        -892,82600         188,21800         -11,30000         -51,59603          -0,00498
           5,40000        -892,82500         188,21800         -11,30100         -50,63880           0,00139
           5,45000        -892,82600         188,21800         -11,35200         -51,46840           0,02688
           5,50000        -892,82600         188,21800         -11,35300         -51,27696           0,03325
           5,55000        -892,82600         188,21700         -11,35300         -50,83025           0,02688
           5,60000        -892,82600         188,21800         -11,40300         -50,63880           0,02688
           5,65000        -892,82600         188,21800         -11,40400         -51,40459           0,04600
           5,70000        -892,82600         188,21800         -11,45700         -51,08551           0,02051
           5,75000        -892,82600         188,21800         -11,45800         -50,83025           0,03325
           5,80000        -892,82600         188,21900         -11,45700         -51,02170           0,04600
           5,85000        -892,82700         188,21800         -11,50500         -51,40459           0,05874
           5,90000        -892,82500         188,21900         -11,50800         -50,83025           0,06512
           5,95000        -892,82500         188,21700         -11,52500         -51,46840           0,00776
           6,00000        -892,82600         188,21800         -11,55900         -51,27696           0,01413
           6,05000        -892,82700         188,21800         -11,55900         -51,34077           0,00776
           6,10000        -892,82600         188,21800         -11,56000         -50,63880           0,05874
           6,15000        -892,82700         188,21800         -11,60900         -50,95788           0,02688
           6,20000        -892,82600         188,21800         -11,61000         -51,46840           0,01413
           6,25000        -892,82600         188,21800         -11,65900         -50,76643           0,02051
           6,30000        -892,82500         188,21900         -11,66000         -51,85129          -0,00498
           6,35000        -892,82600         188,21700         -11,66000         -51,02170           0,05237
           6,40000        -892,82600         188,21800         -11,71000         -51,02170           0,04600
           6,45000        -892,82600         188,21800         -11,71100         -51,27696           0,01413
           6,50000        -892,82600         188,21800         -11,70800         -51,08551           0,01413
           6,55000        -892,82600         188,21800         -11,76100         -50,83025           0,02688
           6,60000        -892,82600         188,21800         -11,76100         -50,83025           0,03963
           6,65000        -892,82600         188,21800         -11,76200         -51,27696           0,04600
           6,70000        -892,82600         188,21800         -11,81200         -51,21314           0,03325
           6,75000        -892,82600         188,21800         -11,81200         -51,40459           0,04600
           6,80000        -892,82600         188,21900         -11,86300         -50,70262           0,00776
           6,85000        -892,82800         188,21900         -11,86200         -51,08551           0,00776
           6,90000        -892,82700         188,21900         -11,86200         -51,27696           0,01413
           6,95000        -892,82600         188,21800         -11,90900         -51,53222          -0,00498
           7,00000        -892,82600         188,21900         -11,91200         -51,72366           0,03963
           7,05000        -892,82600         188,21800         -11,91300         -50,83025          -0,00498
           7,10000        -892,82600         188,21800         -11,96300         -50,76643           0,05237
           7,15000        -892,82600         188,21800         -11,96300         -51,53222           0,03963
           7,20000        -892,82600         188,21800         -11,96300         -50,76643           0,02051
           7,25000        -892,82600         188,21800         -12,01400         -51,02170           0,02051
           7,30000        -892,82600         188,21800         -12,01500         -51,27696           0,00139
           7,35000        -892,82700         188,21800         -12,06400         -51,53222           0,02051
           7,40000        -892,82700         188,21800         -12,06400         -50,70262          -0,00498
           7,45000        -892,82600         188,21800         -12,06500         -51,40459           0,04600
           7,50000        -892,82600         188,21800         -12,11400         -51,34077           0,02688
           7,55000        -892,82600         188,21800         -12,11500         -51,21314           0,02688
           7,60000        -892,82600         188,21900         -12,16400         -51,27696          -0,01136
           7,65000        -892,82700         188,21900         -12,16500         -51,21314           0,02688
           7,70000        -892,82600         188,21800         -12,16500         -51,14933           0,01413
           7,75000        -892,82600         188,21800         -12,21400         -51,02170           0,02051
           7,80000        -892,82600         188,21800         -12,21500         -51,21314           0,01413
           7,85000        -892,82600         188,21800         -12,21600         -51,21314          -0,02410
           7,90000        -892,82600         188,21700         -12,26400         -51,46840           0,02688
           7,95000        -892,82600         188,21800         -12,26500         -50,51117          -0,00498
           8,00000        -892,82600         188,21800         -12,28100         -51,14933           0,00776
           8,05000        -892,82600         188,21800         -12,31600         -51,14933          -0,01136
           8,10000        -892,82600         188,21800         -12,31700         -50,83025           0,00776
           8,15000        -892,82600         188,21700         -12,31700         -51,21314           0,00139
           8,20000        -892,82600         188,21800         -12,36600         -51,40459           0,00139
           8,25000        -892,82600         188,21700         -12,36600         -50,70262           0,03963
           8,30000        -892,82700         188,21800         -12,41500         -50,89407           0,03963
           8,35000        -892,82600         188,21700         -12,41600         -51,27696           0,03325
           8,40000        -892,82600         188,21700         -12,41600         -51,02170           0,04600
           8,45000        -892,82600         188,21900         -12,46700         -51,59603          -0,00498
           8,50000        -892,82600         188,21800         -12,46700         -50,76643           0,03963
           8,55000        -892,82700         188,21800         -12,46700         -50,95788           0,04600
           8,60000        -892,82600         188,21700         -12,51700         -50,63880           0,02051
           8,65000        -892,82600         188,21800         -12,51700         -51,08551           0,03325
           8,70000        -892,82500         188,21800         -12,56600         -50,57499           0,02688
           8,75000        -892,82600         188,21700         -12,56800         -50,89407           0,00139
           8,80000        -892,82600         188,21800         -12,56800         -51,21314           0,05237
           8,85000        -892,82600         188,21700         -12,61700         -51,14933          -0,00498
           8,90000        -892,82700         188,21800         -12,61800         -50,89407           0,01413
           8,95000        -892,82600         188,21900         -12,61800         -51,46840           0,00776
           9,00000        -892,82600         188,21800         -12,66800         -51,34077           0,04600
           9,05000        -892,82600         188,21800         -12,66800         -51,21314           0,03325
           9,10000        -892,82600         188,21800         -12,67600         -51,40459           0,00776
           9,15000        -892,82600         188,21800         -12,71700         -51,53222          -0,01136
           9,20000        -892,82600         188,21900         -12,71800         -50,44736           0,02051
           9,25000        -892,82600         188,21700         -12,71900         -51,27696           0,01413
           9,30000        -892,82600         188,21900         -12,76700         -50,19210           0,02051
           9,35000        -892,82600         188,21800         -12,76800         -50,83025           0,02688
           9,40000        -892,82600         188,21800         -12,81700         -51,14933           0,05237
           9,45000        -892,82600         188,21800         -12,81800         -51,08551           0,00139
           9,50000        -892,82500         188,21700         -12,81900         -50,89407           0,04600
           9,55000        -892,82600         188,21600         -12,86800         -50,44736           0,01413
           9,60000        -892,82600         188,21700         -12,86800         -51,02170          -0,03047
           9,65000        -892,82700         188,21600         -12,89700         -51,34077           0,05874
           9,70000        -892,82700         188,21900         -12,91800         -50,76643           0,00776
           9,75000        -892,82700         188,21800         -12,91800         -51,08551           0,03325
           9,80000        -892,82700         188,21700         -12,91900         -50,95788           0,03963
           9,85000        -892,82700         188,21700         -12,96800         -50,63880           0,03325
           9,90000        -892,82600         188,21800         -12,96900         -50,83025           0,03325
           9,95000        -892,82600         188,21800         -13,01800         -51,02170           0,02688
          10,00000        -892,82800         188,21800         -13,01900         -51,21314          -0,00498
          10,05000        -892,82700         188,21700         -13,01900         -51,14933           0,01413
          10,10000        -892,82600         188,21700         -13,01900         -50,89407           0,05874
          10,15000        -892,82700         188,21800         -13,07000         -50,70262           0,00139
          10,20000        -892,82700         188,21800         -13,07000         -51,21314           0,04600
          10,25000        -892,82700         188,21800         -13,12000         -51,21314           0,00139
          10,30000        -892,82600         188,21800         -13,12000         -50,63880           0,00776
          10,35000        -892,82700         188,21800         -13,12100         -50,70262           0,04600
          10,40000        -892,82600         188,21800         -13,17000         -50,83025           0,01413
          10,45000        -892,82600         188,21800         -13,17000         -50,63880           0,02051
          10,50000        -892,82600         188,21800         -13,17100         -50,89407           0,03963
          10,55000        -892,82600         188,21800         -13,22100         -51,02170           0,00776
          10,60000        -892,82700         188,21900         -13,22100         -50,76643           0,03325
          10,65000        -892,82700         188,21800         -13,22100         -51,27696           0,05237
          10,70000        -892,82600         188,21800         -13,27000         -50,57499           0,03325
          10,75000        -892,82700         188,21800         -13,27100         -51,14933           0,05237
          10,80000        -892,82800         188,22000         -13,31600         -50,44736           0,02051
          10,85000        -892,82600         188,21800         -13,32000         -50,51117           0,01413
          10,90000        -892,82700         188,21800         -13,32100         -51,14933           0,02688
          10,95000        -892,82800         188,21900         -13,36000         -50,57499           0,02688
          11,00000        -892,82600         188,21800         -13,37100         -51,21314           0,01413
          11,05000        -892,82600         188,21900         -13,37000         -51,34077          -0,00498
          11,10000        -892,82700         188,21800         -13,42100         -51,21314           0,00139
          11,15000        -892,82700         188,21800         -13,42100         -51,14933           0,00139
          11,20000        -892,82700         188,21800         -13,42100         -50,95788           0,02688
          11,25000        -892,82700         188,21700         -13,47200         -50,89407           0,00776
          11,30000        -892,82700         188,21800         -13,47200         -51,14933           0,05874
          11,35000        -892,82700         188,21800         -13,52200         -51,40459           0,01413
          11,40000        -892,82700         188,21800         -13,52300         -51,14933           0,00139
          11,45000        -892,82700         188,21800         -13,52200         -50,57499           0,00776
          11,50000        -892,82700         188,21800         -13,57100         -50,57499           0,03325
          11,55000        -892,82700         188,21900         -13,57100         -51,53222           0,03325
          11,60000        -892,82600         188,21800         -13,57200         -50,70262           0,02688
          11,65000        -892,82700         188,21800         -13,62100         -51,02170           0,00776
          11,70000        -892,82600         188,21800         -13,62000         -50,57499           0,05237
          11,75000        -892,82700         188,21800         -13,62100         -50,57499           0,02051
          11,80000        -892,82700         188,21800         -13,67100         -50,57499           0,04600
          11,85000        -892,82700         188,21800         -13,67300         -51,14933          -0,00498
          11,90000        -892,82600         188,21900         -13,67200         -50,76643           0,00139
          11,95000        -892,82600         188,21800         -13,72200         -51,34077           0,00776
          12,00000        -892,82600         188,21800         -13,72300         -50,76643          -0,00498
          12,05000        -892,82700         188,21800         -13,72200         -50,44736          -0,01136
          12,10000        -892,82700         188,21800         -13,77100         -50,63880           0,03963
          12,15000        -892,82600         188,21800         -13,77300         -51,46840          -0,00498
          12,20000        -892,82700         188,21800         -13,82300         -51,08551           0,00776
          12,25000        -892,82700         188,21900         -13,82300         -50,76643           0,01413
          12,30000        -892,82700         188,21800         -13,82300         -50,57499           0,02051
          12,35000        -892,82800         188,21800         -13,86300         -51,14933           0,01413
          12,40000        -892,82800         188,21800         -13,87300         -50,83025           0,02051
          12,45000        -892,82700         188,21900         -13,87400         -50,83025           0,00139
          12,50000        -892,82700         188,21800         -13,92300         -50,76643           0,03963
          12,55000        -892,82700         188,21800         -13,92400         -50,19210           0,02051
          12,60000        -892,82700         188,21800         -13,92400         -50,51117          -0,02410
          12,65000        -892,82600         188,21800         -13,97300         -51,21314           0,04600
          12,70000        -892,82700         188,21800         -13,97400         -50,57499           0,01413
          12,75000        -892,82700         188,21900         -13,97400         -51,08551          -0,01136
          12,80000        -892,82700         188,21800         -14,02400         -50,44736           0,07786
          12,85000        -892,82700         188,21800         -14,02400         -50,95788           0,06512
          12,90000        -892,82600         188,21900         -14,03900         -51,14933           0,02688
          12,95000        -892,82700         188,21900         -14,07400         -50,70262           0,03963
          13,00000        -892,82800         188,21800         -14,07400         -50,00065           0,04600
          13,05000        -892,82700         188,21800         -14,08800         -50,51117           0,05237
          13,10000        -892,82800         188,21800         -14,12200         -51,08551           0,03325
          13,15000        -892,82800         188,21800         -14,12300         -51,14933           0,02688
          13,20000        -892,82700         188,21800         -14,17200         -50,76643           0,02688
          13,25000        -892,82800         188,21900         -14,17100         -50,63880           0,03963
          13,30000        -892,82800         188,22000         -14,20400         -50,70262           0,03325
          13,35000        -892,82800         188,21800         -14,22200         -50,44736           0,05237
          13,40000        -892,82800         188,21900         -14,22200         -50,89407           0,00139
          13,45000        -892,82800         188,21800         -14,22300         -50,95788           0,02051
          13,50000        -892,82700         188,21800         -14,27100         -51,08551          -0,01136
          13,55000        -892,82700         188,21900         -14,27300         -50,38354           0,02688
          13,60000        -892,82700         188,21800         -14,32000         -51,46840           0,05237
          13,65000        -892,82700         188,21900         -14,32200         -51,02170           0,04600
          13,70000        -892,82800         188,21800         -14,32200         -51,08551           0,02688
          13,75000        -892,82800         188,21900         -14,34400         -51,34077           0,05237
          13,80000        -892,82800         188,21800         -14,37200         -50,89407           0,01413
          13,85000        -892,82700         188,21800         -14,41800         -50,63880           0,02688
          13,90000        -892,82800         188,21900         -14,42300         -51,02170           0,02051
          13,95000        -892,82800         188,21800         -14,42300         -50,89407           0,00139
          14,00000        -892,82800         188,21800         -14,42300         -50,83025           0,03963
          14,05000        -892,82800         188,21800         -14,47200         -50,70262           0,03963
          14,10000        -892,82600         188,21900         -14,50600         -50,06447           0,01413
          14,15000        -892,82800         188,21800         -14,52300         -51,02170           0,04600
          14,20000        -892,82800         188,21800         -14,52200         -50,95788           0,02051
          14,25000        -892,82700         188,21800         -14,52300         -51,14933           0,01413
          14,30000        -892,82800         188,21800         -14,57100         -50,83025           0,00139
          14,35000        -892,82800         188,21800         -14,57200         -51,14933           0,06512
          14,40000        -892,82700         188,21800         -14,62200         -50,19210           0,02688
          14,45000        -892,82800         188,21800         -14,62200         -50,83025           0,01413
          14,50000        -892,82800         188,21800         -14,62200         -50,95788           0,03325
          14,55000        -892,82800         188,21800         -14,67200         -50,76643           0,02051
          14,60000        -892,82800         188,21800         -14,67300         -50,70262           0,02688
          14,65000        -892,82900         188,21900         -14,67400         -51,21314          -0,00498
          14,70000        -892,82800         188,21800         -14,72400         -50,44736           0,00776
          14,75000        -892,82800         188,21800         -14,72300         -51,08551           0,03325
          14,80000        -892,82800         188,21800         -14,77200         -50,89407          -0,01136
          14,85000        -892,82800         188,21900         -14,77300         -50,89407           0,00776
          14,90000        -892,82800         188,21900         -14,77400         -50,63880          -0,00498
          14,95000        -892,82800         188,21800         -14,82200         -51,21314           0,03325
          15,00000        -892,82800         188,21900         -14,82300         -50,83025           0,01413
          15,05000        -892,82800         188,21800         -14,82300         -50,57499           0,04600
          15,10000        -892,82800         188,21800         -14,87300         -50,95788          -0,00498
          15,15000        -892,82900         188,21800         -14,87300         -50,70262          -0,00498
          15,20000        -892,82900         188,21700         -14,88300         -50,63880           0,01413
          15,25000        -892,82900         188,21800         -14,92300         -50,63880           0,03325
          15,30000        -892,82800         188,21800         -14,92300         -51,14933           0,02688
          15,35000        -892,82800         188,21800         -14,97400         -51,34077           0,04600
          15,40000        -892,82900         188,21700         -14,97300         -50,89407           0,03325
          15,45000        -892,82900         188,21800         -15,02400         -51,08551           0,00776
          15,50000        -892,82800         188,21800         -15,02300         -50,83025           0,03325
          15,55000        -892,82800         188,21700         -15,02400         -50,63880           0,05874
          15,60000        -892,82900         188,21800         -15,05600         -50,57499           0,04600
          15,65000        -892,82800         188,21700         -15,07300         -50,51117           0,03963
          15,70000        -892,82800         188,21700         -15,07300         -50,44736           0,02051
          15,75000        -892,82800         188,21700         -15,12300         -51,14933           0,01413
          15,80000        -892,82800         188,21700         -15,12300         -51,08551           0,00776
          15,85000        -892,82800         188,21800         -15,12300         -51,08551           0,00776
          15,90000        -892,82800         188,21800         -15,17100         -51,46840           0,03963
          15,95000        -892,82900         188,21800         -15,17300         -50,89407          -0,00498
          16,00000        -892,82900         188,21800         -15,17300         -50,38354           0,02688
          16,05000        -892,82900         188,21800         -15,22100         -51,34077          -0,00498
          16,10000        -892,82900         188,21800         -15,22200         -50,31973           0,02688
          16,15000        -892,82800         188,21900         -15,24700         -50,57499           0,00776
          16,20000        -892,82900         188,21700         -15,27100         -51,40459           0,04600
          16,25000        -892,82800         188,21800         -15,27100         -51,08551           0,05237
          16,30000        -892,82800         188,21800         -15,28300         -50,76643           0,00776
          16,35000        -892,82800         188,21800         -15,32100         -50,31973           0,03963
          16,40000        -892,82800         188,21800         -15,32100         -51,34077           0,03963
          16,45000        -892,82900         188,21800         -15,36900         -50,70262           0,02688
          16,50000        -892,82900         188,21800         -15,37100         -50,63880           0,02688
          16,55000        -892,83000         188,21800         -15,37100         -51,14933          -0,01136
          16,60000        -892,82800         188,21700         -15,42200         -51,46840           0,03963
          16,65000        -892,82900         188,21800         -15,42300         -50,76643           0,03963
          16,70000        -892,82800         188,21800         -15,47100         -50,63880           0,02051
          16,75000        -892,82800         188,21800         -15,47100         -50,89407          -0,00498
          16,80000        -892,82800         188,21800         -15,47200         -50,38354           0,04600
          16,85000        -892,82800         188,21800         -15,52000         -51,34077           0,00776
          16,90000        -892,82900         188,21700         -15,52100         -50,31973           0,00139
          16,95000        -892,82800         188,21700         -15,52100         -50,51117           0,00776
          17,00000        -892,82800         188,21800         -15,57000         -50,95788           0,02688
          17,05000        -892,82800         188,21800         -15,57000         -51,34077           0,05237
          17,10000        -892,82800         188,21800         -15,57000         -50,38354           0,05874
          17,15000        -892,82800         188,21800         -15,62100         -50,70262           0,03325
          17,20000        -892,82800         188,21800         -15,62100         -50,95788           0,03325
          17,25000        -892,82800         188,21800         -15,62100         -50,76643           0,02688
          17,30000        -892,82800         188,21800         -15,67000         -50,95788           0,03325
          17,35000        -892,82900         188,21800         -15,67000         -50,44736           0,01413
          17,40000        -892,82900         188,21900         -15,67100         -51,08551          -0,01773
          17,45000        -892,82800         188,21800         -15,72000         -51,34077           0,03963
          17,50000        -892,82800         188,21800         -15,72100         -50,44736           0,03325
          17,55000        -892,82800         188,21800         -15,77000         -51,21314           0,02051
          17,60000        -892,82800         188,21800         -15,77200         -50,76643          -0,00498
          17,65000        -892,82800         188,21800         -15,77200         -50,25591           0,02051
          17,70000        -892,82700         188,21800         -15,82000         -50,83025          -0,00498
          17,75000        -892,82700         188,21800         -15,82000         -50,51117           0,05237
          17,80000        -892,82800         188,21800         -15,82100         -51,14933           0,05237
          17,85000        -892,82700         188,21800         -15,86800         -50,38354          -0,01136
          17,90000        -892,82700         188,21800         -15,87000         -50,51117           0,00776
          17,95000        -892,82800         188,21800         -15,86900         -51,21314           0,02051
          18,00000        -892,82800         188,21800         -15,88100         -50,70262          -0,00498
          18,05000        -892,82800         188,21800         -15,92000         -50,95788           0,05874
          18,10000        -892,82800         188,21800         -15,92000         -50,57499           0,03325
          18,15000        -892,82800         188,21800         -15,97100         -51,02170           0,01413
          18,20000        -892,82900         188,21800         -15,97100         -50,89407          -0,00498
          18,25000        -892,82800         188,21800         -15,97200         -50,31973           0,03325
          18,30000        -892,82800         188,21900         -16,02100         -50,63880           0,00776
          18,35000        -892,82800         188,21900         -16,02200         -50,51117          -0,01136
          18,40000        -892,82900         188,21800         -16,02200         -50,70262           0,00776
          18,45000        -892,82800         188,21800         -16,07100         -51,08551           0,03963
          18,50000        -892,82800         188,21800         -16,07100         -50,76643           0,03963
          18,55000        -892,82900         188,21800         -16,06700         -50,12828          -0,01773
          18,60000        -892,82800         188,21800         -16,12000         -50,70262           0,00139
          18,65000        -892,82800         188,21800         -16,12100         -50,44736           0,00776
          18,70000        -892,82800         188,21700         -16,12900         -51,08551           0,02051
          18,75000        -892,82800         188,21800         -16,17000         -50,44736           0,03963
          18,80000        -892,82800         188,21800         -16,17200         -50,12828           0,02688
          18,85000        -892,82800         188,21800         -16,17200         -51,02170           0,01413
          18,90000        -892,82800         188,21700         -16,22100         -50,83025          -0,00498
          18,95000        -892,82800         188,21800         -16,22200         -50,89407           0,04600
          19,00000        -892,82800         188,21800         -16,26900         -50,76643           0,01413
          19,05000        -892,82800         188,21800         -16,26900         -50,76643           0,00139
          19,10000        -892,82800         188,21800         -16,27000         -50,76643           0,00139
          19,15000        -892,82800         188,21800         -16,31900         -51,21314           0,02051
          19,20000        -892,82800         188,21800         -16,32000         -50,70262          -0,00498
          19,25000        -892,82900         188,21800         -16,32100         -51,21314          -0,00498
          19,30000        -892,82900         188,21800         -16,37100         -51,46840           0,02688
          19,35000        -892,82900         188,21800         -16,37000         -50,19210           0,00139
          19,40000        -892,82800         188,21800         -16,40600         -51,53222           0,00776
          19,45000        -892,82900         188,21700         -16,42100         -50,31973           0,01413
          19,50000        -892,82900         188,21800         -16,42100         -50,31973           0,00139
          19,55000        -892,82800         188,21900         -16,47100         -50,95788           0,00776
          19,60000        -892,82800         188,21800         -16,47200         -50,31973           0,02051
          19,65000        -892,82800         188,21800         -16,47200         -50,57499           0,02688
          19,70000        -892,82900         188,21800         -16,52100         -50,06447           0,05237
          19,75000        -892,82900         188,21800         -16,52200         -49,55395           0,01413
          19,80000        -892,82800         188,21800         -16,55300         -51,40459           0,00776
          19,85000        -892,82900         188,21800         -16,57100         -50,63880           0,00776
          19,90000        -892,82900         188,21700         -16,57100         -50,57499           0,02688
          19,95000        -892,82900         188,21700         -16,57200         -50,31973           0,03963
          20,00000        -892,82900         188,21800         -16,62100         -50,06447           0,00776
          20,05000        -892,82900         188,21800         -16,62200         -51,08551           0,03325
          20,10000        -892,82800         188,21800         -16,67100         -50,44736          -0,00498
          20,15000        -892,82900         188,21800         -16,67200         -50,70262           0,03963
          20,20000        -892,82900         188,21800         -16,67300         -50,51117           0,01413
          20,25000        -892,82800         188,21700         -16,72100         -50,57499           0,03963
          20,30000        -892,82900         188,21800         -16,72100         -49,04343          -0,01136
          20,35000        -892,82800         188,21700         -16,77000         -50,44736          -0,02410
          20,40000        -892,82800         188,21800         -16,77000         -50,83025           0,01413
          20,45000        -892,82800         188,21800         -16,77100         -50,89407           0,00776
          20,50000        -892,83000         188,21800         -16,77100         -49,74539           0,00776
          20,55000        -892,82900         188,21700         -16,82000         -50,38354           0,00776
          20,60000        -892,82900         188,21800         -16,87400         -50,57499           0,02688
          20,65000        -892,82900         188,21800         -16,87100         -49,55395           0,04600
          20,70000        -892,82900         188,21800         -16,87100         -48,34146           0,01413
          20,75000        -892,82900         188,21800         -16,90900         -50,12828           0,02051
          20,80000        -892,82900         188,21800         -16,92200         -50,44736          -0,01773
          20,85000        -892,82900         188,21800         -16,92100         -48,27765          -0,00498
          20,90000        -892,82800         188,21800         -16,97000         -48,08620           0,04600
          20,95000        -892,82800         188,21800         -16,97000         -50,57499           0,03325
          21,00000        -892,82800         188,21800         -16,97100         -50,38354           0,00776
          21,05000        -892,82900         188,21800         -17,02000         -50,12828           0,05237
          21,10000        -892,82900         188,21800         -17,02100         -49,42632           0,03963
          21,15000        -892,82900         188,21800         -17,02200         -50,06447          -0,03685
          21,20000        -892,82900         188,21800         -17,07000         -49,87302           0,03963
          21,25000        -892,82800         188,21800         -17,07000         -49,29869           0,05874
          21,30000        -892,82800         188,21800         -17,07100         -50,06447           0,01413
          21,35000        -892,82900         188,21800         -17,12000         -50,51117           0,05874
          21,40000        -892,82800         188,21800         -17,12100         -50,44736           0,02688
          21,45000        -892,82800         188,21800         -17,12100         -48,78817           0,06512
          21,50000        -892,82800         188,21800         -17,17100         -50,44736           0,02051
          21,55000        -892,82900         188,21800         -17,17200         -50,63880           0,03963
          21,60000        -892,82900         188,21700         -17,22200         -50,95788           0,01413
          21,65000        -892,82900         188,21700         -17,22000         -50,83025           0,01413
          21,70000        -892,82900         188,21800         -17,22100         -48,59672          -0,00498
          21,75000        -892,82900         188,21800         -17,27100         -50,31973           0,02051
          21,80000        -892,82900         188,21800         -17,27100         -50,63880           0,03963
          21,85000        -892,82800         188,21700         -17,31800         -50,06447           0,03325
          21,90000        -892,82900         188,21800         -17,32100         -48,40528           0,03325
          21,95000        -892,82900         188,21800         -17,32100         -48,21383           0,02051
          22,00000        -892,82900         188,21900         -17,37100         -49,74539           0,02688
          22,05000        -892,82900         188,21800         -17,37100         -50,00065          -0,01136
          22,10000        -892,82900         188,21800         -17,37100         -50,63880           0,00776
          22,15000        -892,82900         188,21800         -17,42100         -50,44736           0,01413
          22,20000        -892,82900         188,21800         -17,42100         -49,04343          -0,01773
          22,25000        -892,82800         188,21800         -17,47000         -49,68158          -0,01773
          22,30000        -892,82800         188,21900         -17,47200         -50,38354          -0,03685
          22,35000        -892,82900         188,21900         -17,47100         -49,49013           0,03325
          22,40000        -892,82800         188,21900         -17,47800         -49,93684           0,02688
          22,45000        -892,82900         188,21800         -17,52100         -49,04343           0,02688
          22,50000        -892,82900         188,21800         -17,52100         -50,31973          -0,02410
          22,55000        -892,82900         188,21800         -17,57100         -50,25591           0,02688
          22,60000        -892,82800         188,21800         -17,57100         -49,42632           0,02051
          22,65000        -892,82900         188,21800         -17,57100         -50,06447          -0,00498
          22,70000        -892,82800         188,21800         -17,62000         -49,68158          -0,00498
          22,75000        -892,82800         188,21800         -17,62100         -47,76713           0,04600
          22,80000        -892,82800         188,21900         -17,62200         -46,04412           0,02051
          22,85000        -892,82800         188,21800         -17,67100         -48,21383           0,02051
          22,90000        -892,82900         188,21800         -17,67200         -50,76643          -0,03685
          22,95000        -892,82900         188,21800         -17,67200         -50,38354          -0,03685
          23,00000        -892,82900         188,21800         -17,72000         -49,80921           0,02051
          23,05000        -892,82800         188,21800         -17,72100         -50,00065           0,02051
          23,10000        -892,82800         188,21800         -17,72100         -47,76713           0,02688
          23,15000        -892,82800         188,21800         -17,77100         -49,68158           0,02688
          23,20000        -892,82900         188,21800         -17,77100         -47,95857           0,00776
          23,25000        -892,82900         188,21800         -17,78300         -48,40528           0,03963
          23,30000        -892,82900         188,21800         -17,82000         -48,02239           0,02051
          23,35000        -892,82800         188,21800         -17,82100         -50,19210           0,05237
          23,40000        -892,82800         188,21700         -17,87100         -49,04343           0,02051
          23,45000        -892,82900         188,21800         -17,87100         -47,76713           0,01413
          23,50000        -892,82800         188,21700         -17,87100         -45,02308           0,04600
          23,55000        -892,82800         188,21700         -17,91800         -42,40666           0,03963
          23,60000        -892,82900         188,21800         -17,92100         -50,38354           0,02051
          23,65000        -892,82800         188,21800         -17,96900         -49,49013           0,05237
          23,70000        -892,82900         188,21800         -17,97100         -50,51117           0,02051
          23,75000        -892,82900         188,21800         -17,97100         -50,31973          -0,01136
          23,80000        -892,82800         188,21800         -17,99400         -48,53291           0,05237
          23,85000        -892,82900         188,21800         -18,02200         -42,53429          -0,00498
          23,90000        -892,82900         188,21800         -18,02300         -41,32180           0,02051
          23,95000        -892,82900         188,21800         -18,07100         -43,55533           0,04600
          24,00000        -892,82900         188,21800         -18,07100         -50,19210           0,00139
          24,05000        -892,82800         188,21700         -18,07100         -50,57499           0,00139
          24,10000        -892,82900         188,21800         -18,07200         -49,87302           0,04600
          24,15000        -892,82900         188,21800         -18,12100         -42,15140           0,00776
          24,20000        -892,82800         188,21800         -18,12100         -33,98307           0,02688
          24,25000        -892,82800         188,21800         -18,17300         -51,40459           0,04600
          24,30000        -892,82800         188,21800         -18,17100         -40,36458           0,02688
          24,35000        -892,82800         188,21800         -18,17200         -32,45150           0,02051
          24,40000        -892,82800         188,21800         -18,22200         -33,34492           0,01413
          24,45000        -892,82800         188,21900         -18,22200         -37,74816          -0,01136
          24,50000        -892,82900         188,21800         -18,26600         -50,76643           0,03963
          24,55000        -892,82900         188,21800         -18,27000         -39,47116           0,00139
          24,60000        -892,82900         188,21800         -18,27100         -33,79162           0,00776
          24,65000        -892,82800         188,21800         -18,31900         -23,38976           0,06512
          24,70000        -892,82800         188,21900         -18,32200         -24,66606           0,00776
          24,75000        -892,82900         188,21800         -18,32100         -51,02170           0,02051
          24,80000        -892,82900         188,21800         -18,37200         -37,49290           0,00776
          24,85000        -892,82900         188,21800         -18,37300         -29,57983           0,01413
          24,90000        -892,82700         188,21900         -18,41300         -47,38424           0,00139
          24,95000        -892,82900         188,21800         -18,42100         -42,98099           0,01413
          25,00000        -892,82900         188,21800         -18,42200         -51,08551           0,03963
          25,05000        -892,82900         188,21800         -18,47100         -40,55602           0,03325
          25,10000        -892,82900         188,21800         -18,47100         -44,19348           0,02051
          25,15000        -892,82800         188,21800         -18,47200         -42,85336          -0,01773
          25,20000        -892,82800         188,21800         -18,52000         -40,87510          -0,00498
          25,25000        -892,82900         188,21800         -18,52100         -51,08551           0,04600
          25,30000        -892,82900         188,21800         -18,57200         -30,60087           0,00139
          25,35000        -892,82900         188,21900         -18,57300         -30,91994           0,02688
          25,40000        -892,82900         188,21800         -18,57300         -35,96133           0,01413
          25,45000        -892,82800         188,21800         -18,61700         -27,98445           0,00776
          25,50000        -892,82900         188,21800         -18,62200         -26,45289           0,05874
          25,55000        -892,82900         188,21800         -18,62300         -28,62260           0,01413
          25,60000        -892,82900         188,21800         -18,62300         -30,09035          -0,00498
          25,65000        -892,82900         188,21800         -18,67200         -51,14933           0,05237
          25,70000        -892,82900         188,21800         -18,67200         -22,43254           0,02688
          25,75000        -892,82900         188,21800         -18,72100         -20,13519           0,05874
          25,80000        -892,82900         188,21800         -18,72200         -46,80990           0,03325
          25,85000        -892,82900         188,21800         -18,72200         -47,95857           0,02688
          25,90000        -892,82900         188,21800         -18,77100         -50,83025           0,01413
          25,95000        -892,82900         188,21900         -18,77200         -55,42494           0,00776
          26,00000        -892,83000         188,21900         -18,77200         -54,53153           0,05237
          26,05000        -892,82900         188,21700         -18,82200         -52,17037           0,04600
          26,10000        -892,82900         188,21800         -18,82100         -50,89407           0,04600
          26,15000        -892,82800         188,21800         -18,82200         -40,04550           0,04600
          26,20000        -892,82900         188,21800         -18,87200         -44,89545           0,01413
          26,25000        -892,82900         188,21800         -18,87200          -5,07483           0,00139
          26,30000        -892,82900         188,21800         -18,92200           9,85790           0,02051
          26,35000        -892,82900         188,21700         -18,92200          34,10763           0,00139
          26,40000        -892,82900         188,21800         -18,92200         -50,25591           0,00139
          26,45000        -892,82900         188,21800         -18,97300          55,10280           0,02688
          26,50000        -892,82900         188,21800         -18,97300          81,71369           0,00776
          26,55000        -892,82900         188,21700         -19,02300          40,80822           0,00139
          26,60000        -892,82900         188,21800         -19,02400         -29,96272           0,00776
          26,65000        -892,82900         188,21800         -19,02300          12,09143           0,00776
          26,70000        -892,82900         188,21900         -19,02900         156,24971           0,05874
          26,75000        -892,83000         188,21800         -19,07400         185,28558           0,03963
          26,80000        -892,82900         188,21800         -19,07400         -58,48806          -0,00498
          26,85000        -892,82900         188,21800         -19,12400          -5,52154           0,02051
          26,90000        -892,82900         188,21800         -19,12400          50,95482           0,02688
          26,95000        -892,82900         188,21800         -19,12400         192,68813           0,00139
          27,00000        -892,82900         188,21900         -19,17400         281,90162           0,02688
          27,05000        -892,82900         188,21800         -19,17400         -26,32526           0,03963
          27,10000        -892,82900         188,21700         -19,22200         -63,84853           0,00139
          27,15000        -892,82800         188,21800         -19,22400         245,78228          -0,00498
          27,20000        -892,82900         188,21700         -19,22400         288,98510          -0,02410
          27,25000        -892,82900         188,21800         -19,27300         405,19238           0,03325
          27,30000        -892,82900         188,21800         -19,27300         -66,91165           0,02688
          27,35000        -892,82900         188,21800         -19,32300         322,87091           0,01413
          27,40000        -892,82900         188,21800         -19,32300         418,65736           0,05237
          27,45000        -892,82900         188,21800         -19,32400         311,25657           0,03963
          27,50000        -892,82800         188,21800         -19,36400         448,07612           0,00776
          27,55000        -892,82900         188,21800         -19,37400           3,41258           0,03325
          27,60000        -892,82900         188,21800         -19,38500         536,58765           0,01413
          27,65000        -892,82900         188,21800         -19,42300         614,50587           0,06512
          27,70000        -892,82900         188,21900         -19,42300         547,30858          -0,00498
          27,75000        -892,82900         188,21900         -19,42300         607,48621           0,03963
          27,80000        -892,82900         188,21900         -19,47300         644,49896           0,03325
          27,85000        -892,82800         188,21800         -19,47400         675,13020           0,02688
          27,90000        -892,82900         188,21800         -19,47400         602,50863           0,02051
          27,95000        -892,82900         188,21800         -19,52500         166,77920           0,02051
          28,00000        -892,82900         188,21800         -19,52600         727,07569           0,02688
          28,05000        -892,82900         188,21800         -19,51600         835,49752           0,02051
          28,10000        -892,82900         188,21900         -19,57500         832,62584           0,01413
          28,15000        -892,82900         188,21800         -19,57400         823,81936           0,03325
          28,20000        -892,82900         188,21900         -19,62300         264,73537          -0,01136
          28,25000        -892,83000         188,21800         -19,62400         890,18705           0,04600
          28,30000        -892,83000         188,21800         -19,62400         944,11081           0,05237
          28,35000        -892,83000         188,21800         -19,62300         896,50475           0,05874
          28,40000        -892,82900         188,21700         -19,62400         946,72722           0,05874
          28,45000        -892,82700         188,21600         -12,76400         -51,46840           0,05237
          28,50000        -892,82600         188,21500         -10,51300         -50,95788           0,02051
          28,55000        -892,82700         188,21600         -10,51200         -50,63880          -0,02410
          28,60000        -892,82700         188,21600         -10,51200         -51,27696          -0,01136
          28,65000        -892,82700         188,21500         -10,51200         -51,46840           0,02051
          28,70000        -892,82600         188,21600         -10,51200         -51,46840           0,01413
          28,75000        -892,82600         188,21500         -10,51200         -51,40459          -0,00498
          28,80000        -892,82600         188,21600         -10,51200         -51,02170          -0,01773
          28,85000        -892,82600         188,21600         -10,51200         -50,95788           0,00776
          28,90000        -892,82600         188,21500         -10,51300         -51,34077           0,03325
          28,95000        -892,82600         188,21500         -10,51200         -51,53222           0,05237
          29,00000        -892,82600         188,21500         -10,51200         -51,21314           0,02688
          29,05000        -892,82700         188,21600         -10,51300         -51,46840           0,04600
          29,10000        -892,82600         188,21500         -10,51300         -51,65985           0,00139
          29,15000        -892,82700         188,21600         -10,51200         -51,21314           0,02051
          29,20000        -892,82600         188,21500         -10,51300         -51,53222           0,05237
          29,25000        -892,82600         188,21500         -10,51300         -51,27696           0,03325
          29,30000        -892,82600         188,21600         -10,51200         -51,14933           0,01413
          29,35000        -892,82700         188,21500         -10,51200         -51,65985           0,03963
          29,40000        -892,82600         188,21500         -10,51300         -51,97892           0,02688
          29,45000        -892,82700         188,21600         -10,51200         -52,42563           0,03325
          29,50000        -892,82700         188,21600         -10,51200         -51,14933          -0,00498
          29,55000        -892,82700         188,21600         -10,51300         -51,14933           0,02688
          29,60000        -892,82600         188,21500         -10,51200         -51,02170           0,00139
          29,65000        -892,82600         188,21500         -10,51300         -51,08551           0,01413
          29,70000        -892,82700         188,21600         -10,51200         -51,72366           0,02688
          29,75000        -892,82700         188,21500         -10,51200         -51,34077           0,02688
          29,80000        -892,82700         188,21500         -10,51300         -51,21314          -0,00498
          29,85000        -892,82600         188,21500         -10,51200         -51,27696           0,01413
          29,90000        -892,82700         188,21500         -10,51200         -50,76643           0,03325
          29,95000        -892,82700         188,21500         -10,51300         -51,78748           0,00776
          30,00000        -892,82700         188,21600         -10,51300         -51,53222           0,03325
          30,05000        -892,82600         188,21600         -10,51300         -50,51117          -0,00498
          30,10000        -892,82700         188,21600         -10,51300         -50,83025          -0,02410
          30,15000        -892,82600         188,21600         -10,51300         -51,08551           0,03325
          30,20000        -892,82600         188,21500         -10,51200         -50,83025           0,00139
          30,25000        -892,82600         188,21500         -10,51300         -51,21314          -0,00498
          30,30000        -892,82700         188,21500         -10,51300         -51,02170           0,03325
          30,35000        -892,82600         188,21600         -10,51300         -51,27696           0,04600
          30,40000        -892,82700         188,21600         -10,51200         -51,46840           0,02051
          30,45000        -892,82700         188,21600         -10,51200         -51,14933           0,03325
          30,50000        -892,82600         188,21600         -10,51300         -51,78748          -0,01773
          30,55000        -892,82600         188,21500         -10,51200         -51,21314           0,02051
          30,60000        -892,82700         188,21600         -10,51200         -51,27696           0,02688
          30,65000        -892,82600         188,21500         -10,51200         -51,02170           0,01413
          30,70000        -892,82600         188,21500         -10,51300         -50,95788          -0,01136
          30,75000        -892,82600         188,21500         -10,51200         -51,40459           0,01413
          30,80000        -892,82700         188,21600         -10,51200         -51,27696           0,00776
          30,85000        -892,82600         188,21500         -10,51300         -51,08551           0,00139
          30,90000        -892,82700         188,21600         -10,51200         -50,95788          -0,00498
          30,95000        -892,82600         188,21600         -10,51300         -50,95788           0,01413
          31,00000        -892,82700         188,21500         -10,51200         -51,02170           0,00139
          31,05000        -892,82600         188,21500         -10,51200         -51,40459          -0,01773
          31,10000        -892,82600         188,21500         -10,51200         -51,14933           0,02051
          31,15000        -892,82600         188,21600         -10,51200         -51,14933           0,02051
          31,20000        -892,82700         188,21500         -10,51200         -51,21314           0,05237
          31,25000        -892,82700         188,21600         -10,51200         -50,89407           0,02688
          31,30000        -892,82600         188,21600         -10,51200         -51,08551           0,00139
          31,35000        -892,82700         188,21600         -10,51200         -51,65985           0,02688
          31,40000        -892,82700         188,21500         -10,51200         -51,40459           0,02051
          31,45000        -892,82700         188,21600         -10,51200         -51,40459           0,05237
          31,50000        -892,82700         188,21500         -10,51300         -51,21314          -0,00498
          31,55000        -892,82700         188,21600         -10,51200         -50,44736           0,05874
          31,60000        -892,82600         188,21600         -10,51200         -50,95788           0,02051
          31,65000        -892,82700         188,21500         -10,51200         -51,53222           0,07786
          31,70000        -892,82600         188,21500         -10,51200         -51,78748           0,03325
          31,75000        -892,82700         188,21600         -10,51300         -51,53222           0,03963
          31,80000        -892,82700         188,21500         -10,51200         -51,21314           0,00139
          31,85000        -892,82600         188,21600         -10,51300         -51,78748           0,00776
          31,90000        -892,82600         188,21600         -10,51300         -51,34077           0,02051
