
// =========================================================================================================
// 2026-04-17, 15:53:44
//        Time [s]        Pos X [um]        Pos Y [um]        Pos Z [um]      Force A [uN]      Force B [uN]
// =========================================================================================================
           0,00000       -1107,04300         140,63200         -10,49200         -51,72366           0,02051
           0,05000       -1107,04400         140,63200         -10,49300         -51,40459           0,03325
           0,10000       -1107,04400         140,63300         -10,49200         -51,97892          -0,01773
           0,15000       -1107,04400         140,63200         -10,49300         -52,36181           0,00776
           0,20000       -1107,04400         140,63200         -10,49200         -51,78748           0,01413
           0,25000       -1107,04400         140,63200         -10,49300         -51,59603           0,05237
           0,30000       -1107,04400         140,63200         -10,49200         -51,59603           0,02688
           0,35000       -1107,04400         140,63200         -10,49300         -51,46840           0,03325
           0,40000       -1107,04500         140,63200         -10,49300         -51,85129           0,03325
           0,45000       -1107,04300         140,63200         -10,49200         -52,29800           0,02688
           0,50000       -1107,04300         140,63200         -10,49200         -52,55326           0,03963
           0,55000       -1107,04400         140,63200         -10,49300         -51,91511          -0,02410
           0,60000       -1107,04400         140,63200         -10,49200         -51,72366          -0,01136
           0,65000       -1107,04300         140,63200         -10,49200         -51,91511           0,03325
           0,70000       -1107,04300         140,63300         -10,49200         -52,29800           0,04600
           0,75000       -1107,04400         140,63300         -10,49200         -51,78748           0,01413
           0,80000       -1107,04400         140,63200         -10,49200         -52,04274           0,01413
           0,85000       -1107,04400         140,63300         -10,49200         -52,04274           0,02051
           0,90000       -1107,04400         140,63200         -10,49200         -52,17037           0,02688
           0,95000       -1107,04400         140,63300         -10,49200         -52,29800           0,03325
           1,00000       -1107,04400         140,63200         -10,49200         -51,78748           0,02051
           1,05000       -1107,04400         140,63200         -10,49300         -51,46840           0,03325
           1,10000       -1107,04400         140,63200         -10,49200         -52,23418           0,04600
           1,15000       -1107,04400         140,63200         -10,49200         -51,97892           0,03963
           1,20000       -1107,04400         140,63200         -10,49300         -52,04274           0,01413
           1,25000       -1107,04400         140,63200         -10,49300         -51,53222           0,00776
           1,30000       -1107,04400         140,63200         -10,49300         -51,85129           0,03325
           1,35000       -1107,04500         140,63200         -10,49400         -51,78748           0,04600
           1,40000       -1107,04400         140,63200         -10,49300         -52,74470          -0,00498
           1,45000       -1107,04500         140,63300         -10,49200         -51,78748           0,06512
           1,50000       -1107,04400         140,63200         -10,49300         -51,53222          -0,00498
           1,55000       -1107,04400         140,63200         -10,49300         -51,97892           0,03325
           1,60000       -1107,04400         140,63200         -10,49300         -51,97892          -0,03047
           1,65000       -1107,04400         140,63200         -10,49300         -51,27696           0,04600
           1,70000       -1107,04400         140,63200         -10,49300         -52,04274           0,01413
           1,75000       -1107,04400         140,63200         -10,49300         -52,04274           0,04600
           1,80000       -1107,04400         140,63200         -10,49300         -51,72366           0,05237
           1,85000       -1107,04500         140,63200         -10,49200         -51,65985           0,03963
           1,90000       -1107,04400         140,63100         -10,49300         -51,59603          -0,01773
           1,95000       -1107,04300         140,63200         -10,49300         -51,27696           0,02688
           2,00000       -1107,04400         140,63200         -10,49300         -52,42563           0,02051
           2,05000       -1107,04300         140,63200         -10,49300         -52,17037           0,03325
           2,10000       -1107,04300         140,63200         -10,49300         -51,91511           0,03325
           2,15000       -1107,04400         140,63100         -10,49300         -51,72366          -0,00498
           2,20000       -1107,04400         140,63200         -10,49300         -52,04274           0,02051
           2,25000       -1107,04400         140,63200         -10,49200         -51,27696           0,02688
           2,30000       -1107,04400         140,63200         -10,49200         -51,53222           0,04600
           2,35000       -1107,04400         140,63200         -10,49300         -51,65985          -0,01773
           2,40000       -1107,04400         140,63200         -10,49300         -51,72366           0,01413
           2,45000       -1107,04400         140,63200         -10,49200         -51,21314           0,05237
           2,50000       -1107,04400         140,63200         -10,49200         -50,89407           0,02688
           2,55000       -1107,04400         140,63200         -10,49200         -52,10655          -0,01136
           2,60000       -1107,04300         140,63300         -10,49300         -52,10655           0,01413
           2,65000       -1107,04300         140,63300         -10,49300         -51,53222           0,02051
           2,70000       -1107,04300         140,63300         -10,49200         -51,46840           0,02051
           2,75000       -1107,04400         140,63300         -10,49300         -51,40459           0,00776
           2,80000       -1107,04400         140,63200         -10,49300         -51,59603           0,00776
           2,85000       -1107,04400         140,63300         -10,49300         -51,53222          -0,01136
           2,90000       -1107,04300         140,63200         -10,49200         -51,72366           0,05237
           2,95000       -1107,04400         140,63200         -10,49200         -51,72366           0,05237
           3,00000       -1107,04300         140,63200         -10,49200         -51,46840           0,03963
           3,05000       -1107,04400         140,63200         -10,49200         -51,02170           0,02688
           3,10000       -1107,04400         140,63200         -10,49200         -50,89407           0,02051
           3,15000       -1107,04300         140,63200         -10,49300         -51,78748           0,04600
           3,20000       -1107,04300         140,63200         -10,49300         -52,42563          -0,01136
           3,25000       -1107,04400         140,63200         -10,49200         -51,27696           0,02688
           3,30000       -1107,04400         140,63200         -10,49200         -51,72366           0,02051
           3,35000       -1107,04500         140,63200         -10,49300         -51,72366           0,05874
           3,40000       -1107,04400         140,63200         -10,90800         -50,83025           0,02688
           3,45000       -1107,04400         140,63200         -10,91800         -51,85129           0,00776
           3,50000       -1107,04400         140,63200         -10,92200         -52,42563          -0,01136
           3,55000       -1107,04400         140,63100         -10,94800         -51,14933          -0,02410
           3,60000       -1107,04400         140,63200         -10,94900         -51,27696           0,00139
           3,65000       -1107,04400         140,63100         -10,95000         -51,85129           0,03325
           3,70000       -1107,04400         140,63100         -10,95600         -51,85129           0,00139
           3,75000       -1107,04400         140,63100         -10,95800         -52,04274          -0,00498
           3,80000       -1107,04400         140,63100         -10,95900         -51,27696          -0,01136
           3,85000       -1107,04400         140,63100         -10,96200         -51,59603           0,02051
           3,90000       -1107,04500         140,63100         -10,96300         -52,04274           0,04600
           3,95000       -1107,04500         140,63100         -10,96500         -51,65985           0,03325
           4,00000       -1107,04400         140,63200         -10,96600         -51,59603           0,02051
           4,05000       -1107,04300         140,63100         -10,96700         -51,46840           0,00776
           4,10000       -1107,04400         140,63100         -10,96800         -51,85129           0,02688
           4,15000       -1107,04300         140,63100         -10,96900         -52,04274           0,02688
           4,20000       -1107,04400         140,63000         -10,97000         -51,27696           0,02688
           4,25000       -1107,04300         140,63100         -10,97200         -51,85129           0,05237
           4,30000       -1107,04300         140,63100         -10,97300         -51,59603           0,07149
           4,35000       -1107,04300         140,63100         -10,97400         -51,27696           0,00776
           4,40000       -1107,04400         140,63100         -10,97500         -51,53222           0,03963
           4,45000       -1107,04300         140,63000         -10,97600         -51,53222           0,03325
           4,50000       -1107,04400         140,63000         -10,97700         -51,85129          -0,00498
           4,55000       -1107,04400         140,63100         -10,97700         -51,59603           0,04600
           4,60000       -1107,04300         140,63000         -10,98000         -51,85129           0,00776
           4,65000       -1107,04400         140,63100         -10,98200         -51,08551           0,05874
           4,70000       -1107,04400         140,63000         -10,98200         -51,65985          -0,00498
           4,75000       -1107,04400         140,63100         -10,98700         -52,48944           0,00139
           4,80000       -1107,04300         140,63100         -10,98900         -52,36181           0,06512
           4,85000       -1107,04300         140,63100         -10,98900         -51,65985           0,03963
           4,90000       -1107,04400         140,63100         -11,01200         -52,10655           0,00139
           4,95000       -1107,04400         140,63100         -11,01300         -51,72366           0,05874
           5,00000       -1107,04400         140,63000         -11,02900         -51,34077           0,00776
           5,05000       -1107,04300         140,63100         -11,04800         -51,53222          -0,00498
           5,10000       -1107,04300         140,63000         -11,04800         -51,40459           0,01413
           5,15000       -1107,04400         140,63000         -11,09100         -51,85129           0,01413
           5,20000       -1107,04400         140,63000         -11,09000         -51,91511           0,02688
           5,25000       -1107,04300         140,63000         -11,09000         -51,78748           0,02051
           5,30000       -1107,04400         140,63000         -11,13600         -51,85129           0,03963
           5,35000       -1107,04300         140,63000         -11,13600         -51,34077           0,03963
           5,40000       -1107,04300         140,63100         -11,13700         -52,80852           0,01413
           5,45000       -1107,04400         140,63000         -11,18400         -51,65985           0,04600
           5,50000       -1107,04400         140,63000         -11,18300         -52,29800           0,00139
           5,55000       -1107,04300         140,63100         -11,22600         -52,04274           0,01413
           5,60000       -1107,04400         140,63100         -11,23100         -51,85129           0,03325
           5,65000       -1107,04400         140,63000         -11,23200         -50,89407           0,00776
           5,70000       -1107,04400         140,63000         -11,28200         -51,78748           0,03963
           5,75000       -1107,04400         140,63000         -11,28100         -51,59603           0,00776
           5,80000       -1107,04400         140,63000         -11,28200         -51,53222          -0,01136
           5,85000       -1107,04400         140,63000         -11,33100         -51,72366           0,00139
           5,90000       -1107,04400         140,63000         -11,33200         -51,53222           0,02051
           5,95000       -1107,04400         140,63100         -11,38300         -51,02170           0,05237
           6,00000       -1107,04300         140,63100         -11,38400         -51,59603           0,00776
           6,05000       -1107,04300         140,63100         -11,38500         -51,59603           0,04600
           6,10000       -1107,04400         140,63000         -11,43400         -51,85129           0,00776
           6,15000       -1107,04400         140,63000         -11,43400         -51,34077          -0,01136
           6,20000       -1107,04300         140,63100         -11,48600         -51,27696           0,00776
           6,25000       -1107,04300         140,63000         -11,48600         -51,53222           0,02051
           6,30000       -1107,04400         140,63100         -11,48700         -51,91511           0,02688
           6,35000       -1107,04400         140,63100         -11,53600         -51,78748           0,02688
           6,40000       -1107,04400         140,63100         -11,53700         -51,53222           0,03325
           6,45000       -1107,04400         140,63100         -11,58800         -52,04274           0,02051
           6,50000       -1107,04400         140,63100         -11,58800         -51,65985           0,03325
           6,55000       -1107,04500         140,63100         -11,58900         -51,85129          -0,00498
           6,60000       -1107,04300         140,63100         -11,63800         -51,78748           0,00139
           6,65000       -1107,04400         140,63100         -11,63800         -51,08551          -0,00498
           6,70000       -1107,04300         140,63100         -11,63900         -51,85129           0,05237
           6,75000       -1107,04500         140,63000         -11,63800         -52,10655           0,03963
           6,80000       -1107,04400         140,63100         -11,69000         -51,53222           0,02051
           6,85000       -1107,04400         140,63100         -11,68900         -52,36181           0,00776
           6,90000       -1107,04400         140,63200         -11,73900         -51,27696          -0,01136
           6,95000       -1107,04400         140,63100         -11,74000         -51,78748           0,03325
           7,00000       -1107,04400         140,63100         -11,74000         -51,59603          -0,01136
           7,05000       -1107,04400         140,63000         -11,79000         -51,59603           0,03325
           7,10000       -1107,04400         140,63000         -11,79000         -51,46840           0,05874
           7,15000       -1107,04500         140,63100         -11,79100         -51,46840           0,05237
           7,20000       -1107,04400         140,63100         -11,84100         -51,02170           0,03963
           7,25000       -1107,04400         140,63100         -11,84100         -51,27696           0,03325
           7,30000       -1107,04400         140,63000         -11,85300         -51,72366           0,03325
           7,35000       -1107,04400         140,63000         -11,89200         -51,46840           0,01413
           7,40000       -1107,04300         140,63100         -11,89300         -51,40459           0,03963
           7,45000       -1107,04400         140,63000         -11,94200         -51,27696           0,00776
           7,50000       -1107,04400         140,63100         -11,94300         -51,72366           0,04600
           7,55000       -1107,04400         140,63100         -11,94300         -51,59603           0,00776
           7,60000       -1107,04400         140,63000         -11,99400         -51,53222           0,04600
           7,65000       -1107,04400         140,63000         -11,99500         -51,14933           0,03963
           7,70000       -1107,04500         140,63000         -12,04600         -50,51117           0,05237
           7,75000       -1107,04400         140,63000         -12,04600         -51,46840          -0,00498
           7,80000       -1107,04500         140,63000         -12,09800         -51,40459           0,03325
           7,85000       -1107,04400         140,63000         -12,09700         -51,85129           0,00776
           7,90000       -1107,04500         140,63000         -12,09700         -51,46840           0,02688
           7,95000       -1107,04400         140,63100         -12,14600         -51,27696           0,00139
           8,00000       -1107,04400         140,63000         -12,14600         -51,97892           0,02051
           8,05000       -1107,04500         140,63000         -12,14700         -50,89407           0,01413
           8,10000       -1107,04400         140,63000         -12,19800         -51,78748           0,04600
           8,15000       -1107,04400         140,63000         -12,19900         -51,97892           0,03325
           8,20000       -1107,04500         140,63000         -12,19800         -51,40459           0,03963
           8,25000       -1107,04400         140,63000         -12,24800         -51,08551           0,02688
           8,30000       -1107,04400         140,63100         -12,24800         -51,59603           0,03325
           8,35000       -1107,04400         140,63100         -12,24900         -51,34077           0,05874
           8,40000       -1107,04400         140,63100         -12,29800         -51,97892           0,01413
           8,45000       -1107,04400         140,63000         -12,29800         -51,97892           0,04600
           8,50000       -1107,04300         140,63000         -12,34900         -51,34077           0,05237
           8,55000       -1107,04400         140,63000         -12,34900         -51,78748           0,02051
           8,60000       -1107,04400         140,63000         -12,34900         -51,46840           0,03963
           8,65000       -1107,04300         140,63000         -12,39900         -51,46840           0,04600
           8,70000       -1107,04400         140,63000         -12,39900         -51,53222           0,00139
           8,75000       -1107,04400         140,63100         -12,45000         -51,08551           0,02688
           8,80000       -1107,04500         140,63000         -12,45000         -51,53222           0,00139
           8,85000       -1107,04400         140,63100         -12,45000         -51,78748          -0,00498
           8,90000       -1107,04400         140,63000         -12,50100         -51,46840          -0,01136
           8,95000       -1107,04400         140,63000         -12,50000         -51,14933           0,05237
           9,00000       -1107,04300         140,63100         -12,53600         -51,34077           0,02688
           9,05000       -1107,04400         140,63100         -12,55200         -51,34077          -0,00498
           9,10000       -1107,04300         140,63000         -12,55200         -51,59603           0,00776
           9,15000       -1107,04300         140,63000         -12,60200         -51,53222           0,01413
           9,20000       -1107,04400         140,63000         -12,60200         -51,72366           0,03963
           9,25000       -1107,04400         140,63000         -12,60200         -51,46840          -0,01773
           9,30000       -1107,04300         140,63000         -12,65000         -51,97892           0,04600
           9,35000       -1107,04500         140,63000         -12,65100         -51,08551           0,06512
           9,40000       -1107,04500         140,63000         -12,70300         -51,46840           0,00776
           9,45000       -1107,04500         140,63000         -12,70300         -51,65985           0,01413
           9,50000       -1107,04400         140,63000         -12,70300         -51,27696           0,05237
           9,55000       -1107,04500         140,63000         -12,75200         -51,65985           0,02051
           9,60000       -1107,04400         140,63000         -12,75200         -50,95788           0,05237
           9,65000       -1107,04500         140,63000         -12,80300         -51,46840          -0,01136
           9,70000       -1107,04500         140,63000         -12,80300         -52,10655           0,00139
           9,75000       -1107,04400         140,63000         -12,80300         -51,27696           0,00776
           9,80000       -1107,04400         140,63000         -12,85200         -51,53222           0,05874
           9,85000       -1107,04500         140,63000         -12,85300         -51,34077           0,05237
           9,90000       -1107,04500         140,63000         -12,89000         -51,78748           0,03325
           9,95000       -1107,04400         140,63100         -12,90400         -51,78748           0,03325
          10,00000       -1107,04500         140,63100         -12,90400         -51,65985           0,03325
          10,05000       -1107,04500         140,63000         -12,90400         -51,53222          -0,01136
          10,10000       -1107,04500         140,63000         -12,95300         -51,02170           0,03963
          10,15000       -1107,04400         140,63000         -12,95300         -51,27696           0,00139
          10,20000       -1107,04400         140,63000         -13,00200         -51,46840           0,01413
          10,25000       -1107,04400         140,63000         -13,00300         -51,40459           0,00776
          10,30000       -1107,04500         140,63000         -13,00400         -51,59603          -0,00498
          10,35000       -1107,04400         140,63000         -13,02800         -51,21314           0,03963
          10,40000       -1107,04400         140,63000         -13,05400         -51,59603          -0,00498
          10,45000       -1107,04500         140,63000         -13,05400         -51,27696           0,02051
          10,50000       -1107,04300         140,63000         -13,10500         -51,72366           0,03325
          10,55000       -1107,04400         140,63000         -13,10500         -51,65985           0,03963
          10,60000       -1107,04400         140,63100         -13,10400         -50,95788           0,02688
          10,65000       -1107,04400         140,63100         -13,15300         -51,21314           0,03963
          10,70000       -1107,04400         140,63000         -13,15400         -51,46840           0,03963
          10,75000       -1107,04400         140,63100         -13,20000         -51,53222           0,00139
          10,80000       -1107,04300         140,63000         -13,20500         -51,02170           0,00139
          10,85000       -1107,04500         140,63000         -13,20500         -51,91511           0,01413
          10,90000       -1107,04400         140,63000         -13,25400         -51,08551           0,01413
          10,95000       -1107,04400         140,63000         -13,25400         -50,76643           0,04600
          11,00000       -1107,04500         140,62900         -13,26700         -52,10655          -0,01136
          11,05000       -1107,04400         140,63000         -13,30400         -51,08551           0,02051
          11,10000       -1107,04400         140,63000         -13,30500         -51,27696           0,01413
          11,15000       -1107,04400         140,63000         -13,35500         -51,97892           0,02051
          11,20000       -1107,04400         140,63000         -13,35500         -51,21314           0,03325
          11,25000       -1107,04400         140,63000         -13,35500         -51,78748           0,00139
          11,30000       -1107,04400         140,63000         -13,40500         -50,89407           0,03963
          11,35000       -1107,04500         140,63000         -13,40700         -51,59603          -0,03047
          11,40000       -1107,04500         140,63000         -13,45700         -52,10655           0,01413
          11,45000       -1107,04500         140,63000         -13,45500         -51,53222           0,02688
          11,50000       -1107,04400         140,62900         -13,45600         -51,59603           0,00776
          11,55000       -1107,04300         140,63000         -13,50600         -51,78748           0,05874
          11,60000       -1107,04400         140,63000         -13,50600         -51,72366           0,05237
          11,65000       -1107,04400         140,63100         -13,50700         -51,85129           0,05237
          11,70000       -1107,04500         140,62900         -13,52200         -51,14933           0,02051
          11,75000       -1107,04400         140,63000         -13,55500         -51,27696           0,05874
          11,80000       -1107,04400         140,63000         -13,55500         -51,85129           0,03963
          11,85000       -1107,04400         140,63100         -13,59100         -51,53222           0,03963
          11,90000       -1107,04400         140,63000         -13,60400         -51,65985           0,04600
          11,95000       -1107,04500         140,63000         -13,65600         -50,95788           0,05237
          12,00000       -1107,04400         140,63000         -13,65600         -52,04274           0,02051
          12,05000       -1107,04500         140,63000         -13,65600         -51,46840           0,03325
          12,10000       -1107,04400         140,63000         -13,65700         -51,85129           0,01413
          12,15000       -1107,04400         140,62900         -13,70500         -51,53222           0,05874
          12,20000       -1107,04500         140,63000         -13,70700         -51,91511           0,00139
          12,25000       -1107,04300         140,63000         -13,70600         -51,91511          -0,01773
          12,30000       -1107,04500         140,63000         -13,75700         -51,14933           0,02051
          12,35000       -1107,04400         140,63000         -13,75700         -51,34077          -0,01773
          12,40000       -1107,04400         140,63000         -13,80200         -51,27696           0,03325
          12,45000       -1107,04500         140,63000         -13,80700         -51,34077           0,05237
          12,50000       -1107,04500         140,63000         -13,80700         -51,53222           0,02688
          12,55000       -1107,04500         140,63000         -13,85400         -51,40459           0,03325
          12,60000       -1107,04500         140,63100         -13,85700         -51,65985           0,01413
          12,65000       -1107,04500         140,63000         -13,85800         -51,21314           0,02051
          12,70000       -1107,04400         140,63000         -13,90700         -51,14933          -0,00498
          12,75000       -1107,04500         140,63000         -13,90700         -51,97892           0,06512
          12,80000       -1107,04500         140,63000         -13,90700         -51,08551           0,01413
          12,85000       -1107,04400         140,63000         -13,95700         -51,14933           0,03325
          12,90000       -1107,04500         140,63000         -13,95700         -51,02170           0,02688
          12,95000       -1107,04400         140,63100         -14,00700         -51,21314           0,00139
          13,00000       -1107,04400         140,63000         -14,00800         -51,08551           0,04600
          13,05000       -1107,04400         140,63000         -14,00800         -51,53222           0,03325
          13,10000       -1107,04500         140,63000         -14,05800         -51,59603          -0,02410
          13,15000       -1107,04500         140,63000         -14,05800         -51,85129           0,03963
          13,20000       -1107,04500         140,63000         -14,05700         -51,02170           0,02688
          13,25000       -1107,04400         140,63000         -14,10700         -51,72366           0,00776
          13,30000       -1107,04400         140,63000         -14,10800         -51,72366           0,04600
          13,35000       -1107,04500         140,63000         -14,12800         -51,27696           0,01413
          13,40000       -1107,04500         140,63000         -14,15400         -51,59603           0,02688
          13,45000       -1107,04500         140,63000         -14,15500         -51,53222           0,01413
          13,50000       -1107,04500         140,63000         -14,20600         -51,46840           0,00776
          13,55000       -1107,04400         140,63000         -14,20700         -51,85129           0,02051
          13,60000       -1107,04400         140,63000         -14,25500         -51,46840           0,02688
          13,65000       -1107,04400         140,63000         -14,25700         -51,91511           0,02051
          13,70000       -1107,04500         140,63000         -14,25700         -51,40459           0,02688
          13,75000       -1107,04500         140,63000         -14,28300         -51,27696           0,01413
          13,80000       -1107,04500         140,63000         -14,30600         -51,97892          -0,01136
          13,85000       -1107,04400         140,63100         -14,33800         -51,34077           0,03325
          13,90000       -1107,04500         140,63000         -14,35700         -51,40459           0,03963
          13,95000       -1107,04400         140,63000         -14,35700         -51,21314           0,02051
          14,00000       -1107,04400         140,63000         -14,37700         -51,21314           0,02688
          14,05000       -1107,04400         140,63000         -14,40600         -52,17037           0,03963
          14,10000       -1107,04500         140,63000         -14,40700         -50,95788           0,02688
          14,15000       -1107,04400         140,62900         -14,45500         -51,40459           0,00776
          14,20000       -1107,04400         140,63000         -14,45700         -51,53222           0,03325
          14,25000       -1107,04400         140,63000         -14,45700         -51,40459           0,04600
          14,30000       -1107,04400         140,63000         -14,50600         -51,65985           0,03963
          14,35000       -1107,04400         140,63000         -14,50700         -51,21314           0,05874
          14,40000       -1107,04300         140,63000         -14,50700         -51,27696          -0,00498
          14,45000       -1107,04300         140,63000         -14,55600         -51,53222           0,07786
          14,50000       -1107,04400         140,63000         -14,55600         -51,08551           0,01413
          14,55000       -1107,04400         140,63000         -14,55600         -51,53222          -0,01136
          14,60000       -1107,04400         140,63000         -14,60600         -50,83025          -0,01773
          14,65000       -1107,04400         140,63000         -14,60600         -51,08551           0,02051
          14,70000       -1107,04500         140,63000         -14,65300         -51,53222           0,00776
          14,75000       -1107,04400         140,62900         -14,65600         -51,46840           0,01413
          14,80000       -1107,04400         140,62900         -14,65600         -51,78748           0,01413
          14,85000       -1107,04400         140,63100         -14,70300         -51,14933           0,02051
          14,90000       -1107,04400         140,63000         -14,70600         -51,02170           0,00776
          14,95000       -1107,04500         140,63000         -14,70700         -51,27696           0,03963
          15,00000       -1107,04400         140,63000         -14,75600         -51,46840           0,05237
          15,05000       -1107,04400         140,62900         -14,75600         -51,53222           0,02688
          15,10000       -1107,04400         140,62900         -14,79500         -51,78748          -0,01136
          15,15000       -1107,04400         140,62900         -14,80700         -51,78748          -0,00498
          15,20000       -1107,04400         140,63000         -14,80700         -51,78748          -0,01136
          15,25000       -1107,04500         140,63000         -14,85700         -51,27696           0,02688
          15,30000       -1107,04400         140,63000         -14,85800         -51,14933           0,03963
          15,35000       -1107,04500         140,63100         -14,88100         -51,85129           0,01413
          15,40000       -1107,04500         140,63000         -14,90600         -51,08551           0,04600
          15,45000       -1107,04400         140,63000         -14,90600         -51,02170           0,00139
          15,50000       -1107,04500         140,63000         -14,95600         -52,17037           0,02051
          15,55000       -1107,04500         140,63000         -14,95600         -51,21314           0,05237
          15,60000       -1107,04500         140,63100         -14,95600         -50,57499           0,03963
          15,65000       -1107,04500         140,63000         -15,00500         -51,46840           0,07786
          15,70000       -1107,04500         140,63000         -15,00600         -51,59603           0,02688
          15,75000       -1107,04600         140,63000         -14,99700         -51,53222           0,01413
          15,80000       -1107,04400         140,63000         -15,05600         -50,89407          -0,00498
          15,85000       -1107,04500         140,63000         -15,05800         -51,65985           0,01413
          15,90000       -1107,04600         140,63000         -15,10700         -51,72366           0,03325
          15,95000       -1107,04500         140,63000         -15,10800         -51,27696           0,01413
          16,00000       -1107,04500         140,63000         -15,10800         -51,46840           0,04600
          16,05000       -1107,04600         140,63000         -15,15800         -51,14933           0,03325
          16,10000       -1107,04500         140,63000         -15,15800         -50,89407           0,05237
          16,15000       -1107,04500         140,63100         -15,20600         -51,34077          -0,02410
          16,20000       -1107,04600         140,63000         -15,20700         -51,46840           0,00776
          16,25000       -1107,04600         140,63000         -15,20700         -51,27696           0,00139
          16,30000       -1107,04600         140,63000         -15,25400         -51,65985           0,03963
          16,35000       -1107,04500         140,63000         -15,25600         -51,21314           0,02688
          16,40000       -1107,04500         140,62900         -15,27000         -51,27696           0,03325
          16,45000       -1107,04500         140,62900         -15,30600         -50,83025           0,02688
          16,50000       -1107,04500         140,62900         -15,30500         -51,65985           0,01413
          16,55000       -1107,04500         140,63000         -15,30600         -51,53222           0,02688
          16,60000       -1107,04500         140,62900         -15,35600         -51,21314           0,03325
          16,65000       -1107,04500         140,63000         -15,39000         -51,08551           0,02688
          16,70000       -1107,04500         140,63000         -15,40500         -51,08551           0,02688
          16,75000       -1107,04500         140,63000         -15,40600         -51,40459           0,02688
          16,80000       -1107,04500         140,63000         -15,40600         -51,02170           0,01413
          16,85000       -1107,04500         140,62900         -15,45500         -50,89407           0,01413
          16,90000       -1107,04500         140,63000         -15,45600         -51,53222           0,00139
          16,95000       -1107,04500         140,62900         -15,45600         -51,59603           0,03325
          17,00000       -1107,04500         140,63000         -15,50400         -51,53222           0,00776
          17,05000       -1107,04500         140,62900         -15,50500         -51,40459           0,02688
          17,10000       -1107,04500         140,63000         -15,50500         -51,59603          -0,01136
          17,15000       -1107,04500         140,62900         -15,55400         -51,21314           0,03963
          17,20000       -1107,04500         140,63000         -15,55400         -51,34077          -0,00498
          17,25000       -1107,04500         140,63000         -15,55500         -51,34077           0,00776
          17,30000       -1107,04500         140,63000         -15,60400         -51,72366           0,00776
          17,35000       -1107,04400         140,63000         -15,60500         -51,59603           0,05237
          17,40000       -1107,04500         140,63000         -15,60500         -50,70262           0,00776
          17,45000       -1107,04400         140,62900         -15,65500         -51,34077           0,04600
          17,50000       -1107,04500         140,63000         -15,65500         -51,21314           0,02051
          17,55000       -1107,04400         140,62900         -15,70500         -51,59603          -0,01136
          17,60000       -1107,04500         140,63000         -15,70600         -50,83025           0,05237
          17,65000       -1107,04400         140,63000         -15,70600         -51,40459           0,04600
          17,70000       -1107,04400         140,63000         -15,75200         -51,02170           0,00776
          17,75000       -1107,04400         140,63000         -15,75500         -51,14933           0,02688
          17,80000       -1107,04500         140,63100         -15,80100         -51,02170           0,00139
          17,85000       -1107,04500         140,63100         -15,80400         -51,46840          -0,01136
          17,90000       -1107,04400         140,63000         -15,80400         -50,51117           0,00776
          17,95000       -1107,04300         140,63100         -15,80500         -50,57499           0,00776
          18,00000       -1107,04400         140,63000         -15,85600         -51,59603           0,01413
          18,05000       -1107,04400         140,63000         -15,85600         -51,21314           0,01413
          18,10000       -1107,04400         140,62900         -15,87100         -50,19210          -0,00498
          18,15000       -1107,04400         140,62900         -15,90500         -50,19210           0,02688
          18,20000       -1107,04400         140,63000         -15,90500         -50,19210           0,03963
          18,25000       -1107,04400         140,63000         -15,95400         -51,21314           0,03325
          18,30000       -1107,04400         140,63000         -15,95400         -50,25591           0,04600
          18,35000       -1107,04300         140,63000         -15,95500         -50,89407           0,01413
          18,40000       -1107,04400         140,63000         -16,00400         -49,87302          -0,00498
          18,45000       -1107,04400         140,63000         -16,00400         -51,02170           0,02688
          18,50000       -1107,04400         140,63000         -16,00400         -49,80921           0,01413
          18,55000       -1107,04400         140,63000         -16,05400         -50,00065           0,01413
          18,60000       -1107,04500         140,63000         -16,05500         -50,19210           0,01413
          18,65000       -1107,04300         140,63000         -16,06400         -51,14933          -0,02410
          18,70000       -1107,04500         140,63000         -16,10500         -49,04343          -0,01773
          18,75000       -1107,04400         140,63000         -16,10600         -49,04343           0,02051
          18,80000       -1107,04400         140,63000         -16,15400         -48,97961           0,02688
          18,85000       -1107,04500         140,63000         -16,15400         -49,42632           0,01413
          18,90000       -1107,04400         140,62900         -16,15500         -50,63880           0,02051
          18,95000       -1107,04500         140,62900         -16,20500         -50,76643           0,00776
          19,00000       -1107,04400         140,63000         -16,20600         -51,08551          -0,02410
          19,05000       -1107,04400         140,62900         -16,20700         -50,44736          -0,02410
          19,10000       -1107,04500         140,63000         -16,25400         -50,06447           0,01413
          19,15000       -1107,04400         140,63000         -16,25500         -49,87302           0,00776
          19,20000       -1107,04400         140,63000         -16,30400         -50,12828           0,03963
          19,25000       -1107,04400         140,63000         -16,30500         -50,06447          -0,00498
          19,30000       -1107,04400         140,63100         -16,30400         -48,91580           0,01413
          19,35000       -1107,04300         140,63000         -16,35300         -48,91580           0,03963
          19,40000       -1107,04400         140,63000         -16,35400         -50,51117           0,02051
          19,45000       -1107,04500         140,63000         -16,40400         -48,59672           0,03325
          19,50000       -1107,04500         140,63000         -16,40400         -48,27765           0,02688
          19,55000       -1107,04400         140,62900         -16,40500         -48,91580          -0,01773
          19,60000       -1107,04400         140,63000         -16,45500         -48,21383          -0,00498
          19,65000       -1107,04400         140,63000         -16,45500         -48,53291           0,02051
          19,70000       -1107,04400         140,63000         -16,45500         -48,72435           0,05237
          19,75000       -1107,04400         140,63000         -16,50400         -48,46909           0,03325
          19,80000       -1107,04400         140,63000         -16,50700         -51,02170           0,03325
          19,85000       -1107,04500         140,62900         -16,50600         -48,85198           0,03325
          19,90000       -1107,04400         140,62900         -16,55600         -48,97961          -0,00498
          19,95000       -1107,04400         140,62900         -16,55600         -48,85198           0,01413
          20,00000       -1107,04300         140,63000         -16,58600         -49,61776           0,02688
          20,05000       -1107,04500         140,63000         -16,60600         -50,95788           0,00139
          20,10000       -1107,04400         140,63000         -16,60600         -48,97961           0,03963
          20,15000       -1107,04400         140,63000         -16,65500         -48,34146           0,02688
          20,20000       -1107,04500         140,63000         -16,65500         -49,04343           0,03963
          20,25000       -1107,04500         140,63000         -16,65500         -48,40528           0,02688
          20,30000       -1107,04400         140,63000         -16,70500         -50,95788           0,02688
          20,35000       -1107,04400         140,63000         -16,70500         -49,61776           0,04600
          20,40000       -1107,04500         140,62900         -16,71600         -49,29869           0,03325
          20,45000       -1107,04500         140,62900         -16,75500         -51,85129           0,05237
          20,50000       -1107,04500         140,62900         -16,75500         -49,42632          -0,02410
          20,55000       -1107,04400         140,62900         -16,78800         -50,19210           0,00776
          20,60000       -1107,04400         140,63000         -16,80600         -50,38354           0,02688
          20,65000       -1107,04500         140,62900         -16,80600         -50,44736          -0,00498
          20,70000       -1107,04400         140,62900         -16,85400         -50,06447           0,00139
          20,75000       -1107,04400         140,62900         -16,85400         -50,25591           0,01413
          20,80000       -1107,04400         140,63000         -16,88900         -50,57499           0,03325
          20,85000       -1107,04500         140,62900         -16,90400         -48,21383           0,04600
          20,90000       -1107,04400         140,62900         -16,90400         -49,36250           0,00776
          20,95000       -1107,04400         140,63000         -16,95500         -50,63880           0,01413
          21,00000       -1107,04400         140,62900         -16,95500         -50,51117           0,03963
          21,05000       -1107,04400         140,62900         -16,95500         -50,63880           0,01413
          21,10000       -1107,04400         140,62900         -17,00300         -47,95857          -0,00498
          21,15000       -1107,04400         140,62900         -17,00400         -50,00065           0,01413
          21,20000       -1107,04500         140,63000         -17,00500         -50,38354           0,02051
          21,25000       -1107,04500         140,63000         -17,05500         -49,29869           0,03963
          21,30000       -1107,04500         140,63000         -17,05500         -48,97961           0,05237
          21,35000       -1107,04400         140,63000         -17,05500         -49,68158          -0,03047
          21,40000       -1107,04400         140,62900         -17,10400         -48,91580           0,06512
          21,45000       -1107,04400         140,63000         -17,10500         -50,51117           0,02688
          21,50000       -1107,04400         140,63000         -17,15100         -49,10724           0,02051
          21,55000       -1107,04500         140,63000         -17,15500         -48,53291           0,05237
          21,60000       -1107,04500         140,62900         -17,15500         -49,10724           0,03325
          21,65000       -1107,04500         140,62900         -17,19900         -48,91580           0,01413
          21,70000       -1107,04500         140,63000         -17,20500         -50,70262           0,00776
          21,75000       -1107,04500         140,63000         -17,24100         -47,63950           0,02688
          21,80000       -1107,04500         140,62900         -17,25500         -48,91580           0,00776
          21,85000       -1107,04400         140,62900         -17,25500         -47,57568          -0,01136
          21,90000       -1107,04500         140,63000         -17,27700         -47,57568           0,03325
          21,95000       -1107,04500         140,63000         -17,30300         -49,87302           0,02051
          22,00000       -1107,04500         140,63000         -17,30400         -49,80921           0,02688
          22,05000       -1107,04600         140,63000         -17,35400         -45,40597           0,07786
          22,10000       -1107,04500         140,62900         -17,35500         -50,76643           0,03325
          22,15000       -1107,04500         140,63000         -17,35600         -47,19279           0,04600
          22,20000       -1107,04500         140,63000         -17,40400         -49,74539           0,05237
          22,25000       -1107,04400         140,63000         -17,40400         -50,70262           0,01413
          22,30000       -1107,04400         140,62900         -17,40500         -50,70262           0,01413
          22,35000       -1107,04500         140,63000         -17,45500         -50,51117           0,00776
          22,40000       -1107,04500         140,63000         -17,45500         -50,38354           0,06512
          22,45000       -1107,04500         140,62900         -17,45600         -51,02170           0,02688
          22,50000       -1107,04500         140,62900         -17,50300         -50,44736           0,02051
          22,55000       -1107,04500         140,62900         -17,50400         -50,06447          -0,01136
          22,60000       -1107,04500         140,62900         -17,50500         -42,27903           0,02051
          22,65000       -1107,04500         140,63000         -17,55300         -50,25591           0,02688
          22,70000       -1107,04500         140,62900         -17,55400         -50,83025           0,04600
          22,75000       -1107,04300         140,62800         -17,55400         -50,19210           0,01413
          22,80000       -1107,04500         140,62900         -17,60400         -50,57499           0,00139
          22,85000       -1107,04400         140,63000         -17,60500         -47,57568           0,01413
          22,90000       -1107,04400         140,62900         -17,65200         -41,51325           0,03325
          22,95000       -1107,04400         140,62900         -17,65300         -46,74608          -0,00498
          23,00000       -1107,04500         140,62800         -17,70100         -48,27765          -0,00498
          23,05000       -1107,04500         140,62900         -17,70400         -49,29869           0,00776
          23,10000       -1107,04500         140,63000         -17,70400         -42,27903           0,01413
          23,15000       -1107,04400         140,62900         -17,75300         -50,12828           0,03325
          23,20000       -1107,04400         140,63000         -17,75300         -48,97961           0,03963
          23,25000       -1107,04400         140,63000         -17,75400         -49,87302           0,04600
          23,30000       -1107,04400         140,62900         -17,80300         -49,04343           0,03325
          23,35000       -1107,04500         140,63000         -17,80500         -44,57637           0,04600
          23,40000       -1107,04400         140,62900         -17,85400         -44,38493           0,02051
          23,45000       -1107,04400         140,63000         -17,85400         -47,57568          -0,01136
          23,50000       -1107,04400         140,63000         -17,85500         -48,85198           0,03963
          23,55000       -1107,04400         140,63000         -17,90300         -49,17106           0,03963
          23,60000       -1107,04400         140,63000         -17,90400         -48,78817           0,05237
          23,65000       -1107,04400         140,63000         -17,90300         -49,55395           0,00776
          23,70000       -1107,04500         140,63000         -17,95300         -47,95857           0,05237
          23,75000       -1107,04500         140,63000         -17,95400         -45,40597           0,03963
          23,80000       -1107,04500         140,63000         -17,97000         -49,17106           0,03325
          23,85000       -1107,04400         140,63000         -18,00300         -50,38354           0,02688
          23,90000       -1107,04500         140,62900         -18,00400         -49,29869           0,02051
          23,95000       -1107,04400         140,63000         -18,03200         -49,29869           0,03963
          24,00000       -1107,04500         140,63000         -18,05400         -34,17451           0,00776
          24,05000       -1107,04500         140,63000         -18,10500         -50,00065           0,01413
          24,10000       -1107,04500         140,62900         -18,10400         -50,12828           0,01413
          24,15000       -1107,04400         140,63000         -18,10500         -49,29869           0,02051
          24,20000       -1107,04500         140,62900         -18,13300         -48,59672           0,03325
          24,25000       -1107,04500         140,63000         -18,15400         -42,72573           0,03325
          24,30000       -1107,04500         140,63000         -18,20300         -46,93753           0,00776
          24,35000       -1107,04400         140,63100         -18,20400         -44,70400           0,03325
          24,40000       -1107,04400         140,63000         -18,20500         -46,61845           0,03325
          24,45000       -1107,04400         140,63000         -18,21300         -44,19348           0,01413
          24,50000       -1107,04500         140,62900         -18,25500         -48,53291           0,00139
          24,55000       -1107,04500         140,63000         -18,30300         -46,55464           0,01413
          24,60000       -1107,04500         140,63000         -18,30400         -44,12967           0,00139
          24,65000       -1107,04400         140,63000         -18,30400         -46,80990           0,00776
          24,70000       -1107,04400         140,63000         -18,35500         -43,87441           0,05874
          24,75000       -1107,04400         140,63000         -18,35600         -38,00342           0,04600
          24,80000       -1107,04400         140,63000         -18,35600         -42,91718           0,03963
          24,85000       -1107,04400         140,63000         -18,35600         -38,96064           0,01413
          24,90000       -1107,04400         140,63000         -18,40500         -49,93684           0,02051
          24,95000       -1107,04500         140,63000         -18,40500         -44,12967          -0,00498
          25,00000       -1107,04500         140,63000         -18,45400         -10,18004           0,05874
          25,05000       -1107,04400         140,63000         -18,45600         -49,61776           0,02051
          25,10000       -1107,04500         140,63000         -18,45600         -48,34146           0,02688
          25,15000       -1107,04500         140,62900         -18,50500         -46,87371          -0,02410
          25,20000       -1107,04400         140,63000         -18,50600         -47,63950           0,02051
          25,25000       -1107,04500         140,63100         -18,51100         -49,04343           0,02688
          25,30000       -1107,04500         140,63000         -18,55700         -48,21383           0,03325
          25,35000       -1107,04400         140,63000         -18,55600         -49,10724           0,00139
          25,40000       -1107,04500         140,62900         -18,58500         -45,66123           0,00139
          25,45000       -1107,04400         140,63000         -18,60700         -52,17037           0,01413
          25,50000       -1107,04400         140,63000         -18,60700         -51,65985           0,01413
          25,55000       -1107,04400         140,63000         -18,65600         -52,42563           0,00776
          25,60000       -1107,04400         140,63000         -18,65700         -52,55326           0,05874
          25,65000       -1107,04500         140,63100         -18,65600         -53,95719           0,00139
          25,70000       -1107,04400         140,63000         -18,70600         -48,27765           0,02051
          25,75000       -1107,04500         140,63000         -18,70600         -49,49013           0,05874
          25,80000       -1107,04500         140,63000         -18,75600         -49,80921           0,03325
          25,85000       -1107,04500         140,63100         -18,75700         -50,19210           0,03325
          25,90000       -1107,04500         140,63000         -18,75700         -47,51187           0,04600
          25,95000       -1107,04500         140,63000         -18,80600         -51,91511           0,02688
          26,00000       -1107,04400         140,63000         -18,80700         -51,72366          -0,01136
          26,05000       -1107,04400         140,63000         -18,80700         -50,83025           0,03325
          26,10000       -1107,04400         140,62900         -18,85600         -50,38354           0,05237
          26,15000       -1107,04500         140,63000         -18,85600         -49,93684           0,02688
          26,20000       -1107,04500         140,63000         -18,85700         -49,23487           0,05237
          26,25000       -1107,04400         140,62900         -18,90600         -46,55464           0,03325
          26,30000       -1107,04500         140,63000         -18,90700         -56,38216           0,06512
          26,35000       -1107,04500         140,63000         -18,95700         -47,63950           0,00139
          26,40000       -1107,04500         140,63000         -18,95800         -49,68158           0,02051
          26,45000       -1107,04500         140,63000         -18,95800         -48,59672           0,02688
          26,50000       -1107,04600         140,63000         -19,00800         -49,61776           0,01413
          26,55000       -1107,04500         140,63000         -19,00700         -39,27972          -0,00498
          26,60000       -1107,04400         140,63000         -19,00700         -48,66054           0,02688
          26,65000       -1107,04500         140,63000         -19,05700         -45,59741           0,07786
          26,70000       -1107,04500         140,63000         -19,05700         -49,23487           0,05237
          26,75000       -1107,04500         140,63000         -19,05700         -46,10793           0,07149
          26,80000       -1107,04500         140,62900         -19,10700         -70,10241           0,03963
          26,85000       -1107,04400         140,62900         -19,10700         -47,51187           0,00776
          26,90000       -1107,04500         140,62900         -19,14800         -50,06447           0,02051
          26,95000       -1107,04400         140,62900         -19,15600         -51,65985           0,02051
          27,00000       -1107,04500         140,63000         -19,15700         -53,19141           0,03325
          27,05000       -1107,04500         140,63000         -19,20700         195,55981           0,02688
          27,10000       -1107,04500         140,62900         -19,20800         -27,85682           0,02688
          27,15000       -1107,04500         140,63000         -19,20800         -40,30076           0,00776
          27,20000       -1107,04500         140,63000         -19,25600         -53,89337          -0,00498
          27,25000       -1107,04400         140,63000         -19,25600         -58,16899           0,02051
          27,30000       -1107,04500         140,63000         -19,25800         280,56151          -0,00498
          27,35000       -1107,04400         140,63000         -19,30700         -55,10586           0,00139
          27,40000       -1107,04400         140,63000         -19,30700         -51,59603           0,02688
          27,45000       -1107,04500         140,63000         -19,35800         -67,48599           0,01413
          27,50000       -1107,04400         140,62900         -19,35700         -54,85060           0,05874
          27,55000       -1107,04500         140,63000         -19,35700         -72,08067           0,02051
          27,60000       -1107,04500         140,63000         -19,35700         -79,48323           0,03963
          27,65000       -1107,04400         140,63000         -19,40600          59,82511           0,03963
          27,70000       -1107,04400         140,63000         -19,40700         304,30072           0,04600
          27,75000       -1107,04400         140,63000         -19,45600         255,92888          -0,00498
          27,80000       -1107,04400         140,63000         -19,45600         126,19281           0,04600
          27,85000       -1107,04400         140,63000         -19,45700         254,52495          -0,00498
          27,90000       -1107,04400         140,63000         -19,50600         239,08170           0,00776
          27,95000       -1107,04400         140,62900         -19,50800         593,95741           0,04600
          28,00000       -1107,04500         140,63000         -19,55600         298,81262           0,02688
          28,05000       -1107,04400         140,62900         -19,55700          95,56156           0,03963
          28,10000       -1107,04400         140,63000         -19,55800         105,77198           0,00776
          28,15000       -1107,04400         140,63000         -19,60800         405,06475           0,00776
          28,20000       -1107,04500         140,63000         -19,60900         504,48866           0,02051
          28,25000       -1107,04400         140,62900         -19,60900         357,20343           0,02688
          28,30000       -1107,04400         140,63000         -19,62200         549,54211           0,02051
          28,35000       -1107,04500         140,63000         -19,65800         814,62999           0,02688
          28,40000       -1107,04500         140,63000         -19,65800         854,70587           0,00776
          28,45000       -1107,04400         140,63000         -19,70700         270,28728           0,02688
          28,50000       -1107,04500         140,63000         -19,70800         915,52165           0,01413
          28,55000       -1107,04500         140,63000         -19,70900         885,97526           0,02051
          28,60000       -1107,04400         140,62900         -19,70900         930,32675           0,01413
          28,65000       -1107,04400         140,63100         -19,70900         894,14359           0,03325
          28,70000       -1107,04400         140,63100         -10,49100         -51,34077           0,04600
          28,75000       -1107,04500         140,63100         -10,49200         -51,65985           0,00776
          28,80000       -1107,04500         140,63100         -10,49200         -50,95788           0,03325
          28,85000       -1107,04400         140,63100         -10,49300         -51,72366           0,03325
          28,90000       -1107,04400         140,63100         -10,49200         -51,85129           0,04600
          28,95000       -1107,04500         140,63100         -10,49200         -51,72366           0,02688
          29,00000       -1107,04500         140,63200         -10,49200         -51,85129           0,00776
          29,05000       -1107,04500         140,63200         -10,49200         -51,14933           0,03963
          29,10000       -1107,04400         140,63200         -10,49200         -51,27696           0,00776
          29,15000       -1107,04500         140,63100         -10,49200         -52,17037          -0,01773
          29,20000       -1107,04500         140,63200         -10,49300         -51,34077           0,02688
          29,25000       -1107,04400         140,63100         -10,49200         -51,40459           0,01413
          29,30000       -1107,04500         140,63100         -10,49200         -51,27696           0,02688
          29,35000       -1107,04500         140,63100         -10,49200         -51,14933           0,00776
          29,40000       -1107,04500         140,63100         -10,49200         -51,65985           0,00776
          29,45000       -1107,04400         140,63200         -10,49200         -51,02170           0,04600
          29,50000       -1107,04400         140,63200         -10,49300         -51,59603           0,00139
          29,55000       -1107,04400         140,63100         -10,49200         -51,27696           0,03963
          29,60000       -1107,04500         140,63100         -10,49200         -51,21314           0,03325
          29,65000       -1107,04400         140,63100         -10,49200         -51,46840          -0,00498
          29,70000       -1107,04500         140,63200         -10,49300         -51,34077           0,06512
          29,75000       -1107,04500         140,63200         -10,49200         -51,40459           0,02688
          29,80000       -1107,04400         140,63100         -10,49200         -51,53222           0,00139
          29,85000       -1107,04500         140,63200         -10,49300         -51,78748           0,02051
          29,90000       -1107,04500         140,63200         -10,49300         -51,85129           0,02688
          29,95000       -1107,04400         140,63100         -10,49200         -51,34077           0,03325
          30,00000       -1107,04500         140,63200         -10,49300         -51,78748           0,01413
          30,05000       -1107,04400         140,63200         -10,49200         -51,53222           0,01413
          30,10000       -1107,04400         140,63100         -10,49200         -51,85129           0,03963
          30,15000       -1107,04400         140,63200         -10,49200         -51,27696           0,03963
          30,20000       -1107,04400         140,63100         -10,49200         -50,89407           0,02051
          30,25000       -1107,04400         140,63100         -10,49200         -51,65985           0,02688
          30,30000       -1107,04500         140,63200         -10,49300         -51,27696           0,01413
          30,35000       -1107,04400         140,63100         -10,49200         -51,65985           0,03963
          30,40000       -1107,04400         140,63100         -10,49200         -51,72366           0,02688
          30,45000       -1107,04400         140,63200         -10,49300         -51,85129           0,00139
          30,50000       -1107,04500         140,63100         -10,49300         -51,91511           0,03325
          30,55000       -1107,04500         140,63200         -10,49200         -51,40459           0,02688
          30,60000       -1107,04500         140,63200         -10,49200         -51,59603           0,02051
          30,65000       -1107,04500         140,63200         -10,49300         -51,21314           0,07786
          30,70000       -1107,04500         140,63100         -10,49300         -51,53222           0,02051
          30,75000       -1107,04500         140,63200         -10,49200         -51,59603           0,03325
          30,80000       -1107,04400         140,63200         -10,49200         -51,72366           0,02051
          30,85000       -1107,04400         140,63200         -10,49300         -51,34077          -0,00498
          30,90000       -1107,04400         140,63200         -10,49200         -51,53222           0,01413
          30,95000       -1107,04400         140,63100         -10,49300         -50,95788           0,02051
          31,00000       -1107,04500         140,63200         -10,49200         -51,78748           0,00776
          31,05000       -1107,04400         140,63100         -10,49200         -51,53222           0,00139
          31,10000       -1107,04400         140,63100         -10,49300         -51,40459           0,00776
          31,15000       -1107,04500         140,63200         -10,49300         -51,27696          -0,00498
          31,20000       -1107,04400         140,63200         -10,49200         -51,78748           0,02688
          31,25000       -1107,04500         140,63100         -10,49300         -51,46840           0,03325
          31,30000       -1107,04500         140,63200         -10,49200         -51,59603           0,03963
          31,35000       -1107,04400         140,63100         -10,49300         -51,85129           0,03325
          31,40000       -1107,04500         140,63100         -10,49300         -51,27696           0,00139
          31,45000       -1107,04500         140,63200         -10,49300         -51,46840           0,00776
          31,50000       -1107,04500         140,63200         -10,49300         -51,65985           0,02688
          31,55000       -1107,04500         140,63100         -10,49300         -51,59603           0,05874
          31,60000       -1107,04400         140,63100         -10,49300         -51,34077          -0,00498
          31,65000       -1107,04400         140,63200         -10,49200         -51,53222           0,04600
          31,70000       -1107,04400         140,63100         -10,49300         -51,14933           0,03325
          31,75000       -1107,04400         140,63200         -10,49200         -50,95788           0,02051
          31,80000       -1107,04400         140,63100         -10,49200         -51,27696           0,03963
          31,85000       -1107,04500         140,63200         -10,49300         -50,95788           0,02051
          31,90000       -1107,04500         140,63100         -10,49200         -51,97892           0,01413
          31,95000       -1107,04400         140,63200         -10,49300         -51,14933           0,02051
          32,00000       -1107,04400         140,63200         -10,49200         -50,95788           0,02051
          32,05000       -1107,04500         140,63100         -10,49200         -51,46840          -0,01136
          32,10000       -1107,04500         140,63100         -10,49300         -51,34077           0,01413
          32,15000       -1107,04500         140,63200         -10,49300         -52,04274           0,05237
          32,20000       -1107,04400         140,63200         -10,49200         -51,59603           0,03963
          32,25000       -1107,04400         140,63100         -10,49300         -51,27696           0,00776
          32,30000       -1107,04400         140,63100         -10,49300         -51,40459           0,06512
          32,35000       -1107,04400         140,63200         -10,49200         -51,46840          -0,00498
          32,40000       -1107,04400         140,63200         -10,49200         -51,97892           0,01413
          32,45000       -1107,04500         140,63200         -10,49300         -51,34077           0,00139
          32,50000       -1107,04400         140,63100         -10,49200         -51,08551           0,00139
          32,55000       -1107,04500         140,63200         -10,49300         -51,78748           0,00139
          32,60000       -1107,04400         140,63200         -10,49300         -51,59603           0,00776
          32,65000       -1107,04400         140,63200         -10,49200         -51,85129           0,03325
          32,70000       -1107,04400         140,63100         -10,49300         -52,10655           0,01413
          32,75000       -1107,04400         140,63200         -10,49300         -51,40459          -0,01136
          32,80000       -1107,04500         140,63200         -10,49200         -51,21314          -0,03047
          32,85000       -1107,04500         140,63200         -10,49200         -51,40459           0,00776
          32,90000       -1107,04400         140,63100         -10,49200         -51,21314           0,00776
          32,95000       -1107,04400         140,63100         -10,49300         -51,59603          -0,01136
          33,00000       -1107,04400         140,63200         -10,49300         -51,34077           0,04600
          33,05000       -1107,04400         140,63100         -10,49300         -51,34077          -0,01773
          33,10000       -1107,04400         140,63200         -10,49200         -51,02170          -0,01136
          33,15000       -1107,04400         140,63100         -10,49300         -51,34077          -0,04322
          33,20000       -1107,04400         140,63200         -10,49300         -51,72366           0,03963
          33,25000       -1107,04400         140,63200         -10,49200         -51,46840          -0,01136
          33,30000       -1107,04400         140,63200         -10,49200         -50,95788           0,00776
          33,35000       -1107,04400         140,63200         -10,49300         -51,34077           0,02051
          33,40000       -1107,04500         140,63100         -10,49300         -51,02170           0,00776
          33,45000       -1107,04400         140,63100         -10,49200         -52,17037          -0,02410
          33,50000       -1107,04500         140,63100         -10,49300         -51,59603           0,00776
          33,55000       -1107,04500         140,63200         -10,49200         -50,70262           0,04600
          33,60000       -1107,04500         140,63200         -10,49200         -50,83025           0,02051
          33,65000       -1107,04500         140,63100         -10,49200         -51,34077           0,03963
          33,70000       -1107,04500         140,63100         -10,49300         -51,91511           0,02051
          33,75000       -1107,04500         140,63100         -10,49200         -50,89407           0,05237
          33,80000       -1107,04400         140,63100         -10,49200         -51,65985           0,07149
          33,85000       -1107,04500         140,63100         -10,49200         -51,21314           0,03325
          33,90000       -1107,04500         140,63100         -10,49200         -51,53222          -0,00498
          33,95000       -1107,04500         140,63200         -10,49200         -51,53222           0,01413
