
// =========================================================================================================
// 2026-04-17, 17:07:59
//        Time [s]        Pos X [um]        Pos Y [um]        Pos Z [um]      Force A [uN]      Force B [uN]
// =========================================================================================================
           0,00000       -3774,42400         -57,70200         -10,87700         -53,70193          -0,00498
           0,05000       -3774,42500         -57,70200         -10,87800         -53,89337           0,02688
           0,10000       -3774,42600         -57,70300         -10,87700         -53,12759           0,05237
           0,15000       -3774,42500         -57,70300         -10,87700         -54,02100           0,00139
           0,20000       -3774,42500         -57,70300         -10,87800         -53,70193           0,02051
           0,25000       -3774,42400         -57,70200         -10,87700         -54,14863           0,03963
           0,30000       -3774,42500         -57,70300         -10,87700         -53,70193           0,02688
           0,35000       -3774,42500         -57,70300         -10,87800         -53,51048           0,02688
           0,40000       -3774,42500         -57,70300         -10,87800         -53,82956           0,01413
           0,45000       -3774,42400         -57,70300         -10,87800         -53,70193           0,01413
           0,50000       -3774,42500         -57,70300         -10,87800         -53,06378           0,03963
           0,55000       -3774,42500         -57,70300         -10,87800         -53,44667           0,02688
           0,60000       -3774,42500         -57,70300         -10,87800         -53,82956           0,05237
           0,65000       -3774,42400         -57,70300         -10,87800         -53,76574           0,05874
           0,70000       -3774,42500         -57,70300         -10,87800         -54,02100          -0,00498
           0,75000       -3774,42500         -57,70300         -10,87800         -53,63811           0,03963
           0,80000       -3774,42500         -57,70300         -10,87900         -53,19141           0,03325
           0,85000       -3774,42600         -57,70300         -10,87800         -53,70193          -0,01773
           0,90000       -3774,42500         -57,70300         -10,87800         -53,63811          -0,00498
           0,95000       -3774,42500         -57,70300         -10,87800         -54,02100           0,01413
           1,00000       -3774,42500         -57,70300         -10,87800         -53,70193           0,00776
           1,05000       -3774,42400         -57,70200         -10,87800         -53,82956          -0,01136
           1,10000       -3774,42500         -57,70200         -10,87800         -53,70193           0,02688
           1,15000       -3774,42500         -57,70200         -10,87800         -53,89337          -0,00498
           1,20000       -3774,42500         -57,70200         -10,87800         -53,82956           0,02051
           1,25000       -3774,42500         -57,70300         -10,87700         -53,25522          -0,00498
           1,30000       -3774,42500         -57,70300         -10,87800         -53,89337           0,00139
           1,35000       -3774,42500         -57,70300         -10,87700         -53,95719           0,02688
           1,40000       -3774,42500         -57,70300         -10,87800         -53,89337           0,02051
           1,45000       -3774,42500         -57,70300         -10,87800         -54,34008           0,00776
           1,50000       -3774,42400         -57,70300         -10,87800         -53,76574           0,02051
           1,55000       -3774,42500         -57,70300         -10,87700         -53,57430           0,00776
           1,60000       -3774,42500         -57,70300         -10,87800         -54,14863           0,04600
           1,65000       -3774,42500         -57,70200         -10,87800         -54,08482           0,02688
           1,70000       -3774,42400         -57,70300         -10,87800         -53,38285           0,01413
           1,75000       -3774,42500         -57,70200         -10,87800         -54,08482           0,03325
           1,80000       -3774,42400         -57,70300         -10,87700         -53,57430           0,00776
           1,85000       -3774,42500         -57,70300         -10,87800         -53,31904           0,02051
           1,90000       -3774,42400         -57,70300         -10,87700         -53,89337           0,01413
           1,95000       -3774,42500         -57,70200         -10,87800         -53,19141           0,03963
           2,00000       -3774,42500         -57,70300         -10,87700         -53,63811           0,02688
           2,05000       -3774,42400         -57,70300         -10,87800         -54,14863           0,03325
           2,10000       -3774,42400         -57,70300         -10,87800         -53,57430           0,03325
           2,15000       -3774,42500         -57,70300         -10,87700         -53,51048           0,03325
           2,20000       -3774,42500         -57,70200         -10,87800         -53,82956           0,02688
           2,25000       -3774,42400         -57,70200         -10,87800         -53,89337           0,03325
           2,30000       -3774,42400         -57,70300         -10,87800         -54,21245          -0,01136
           2,35000       -3774,42500         -57,70200         -10,87800         -53,95719           0,02051
           2,40000       -3774,42500         -57,70200         -10,87800         -53,57430           0,02688
           2,45000       -3774,42500         -57,70200         -10,87800         -53,38285           0,03963
           2,50000       -3774,42500         -57,70200         -10,87800         -53,31904           0,00776
           2,55000       -3774,42500         -57,70200         -10,87800         -53,70193           0,03963
           2,60000       -3774,42500         -57,70200         -10,87700         -53,89337          -0,01773
           2,65000       -3774,42500         -57,70200         -10,87800         -53,51048           0,03963
           2,70000       -3774,42500         -57,70200         -10,87800         -53,38285          -0,01136
           2,75000       -3774,42600         -57,70200         -10,87700         -53,82956           0,02051
           2,80000       -3774,42500         -57,70200         -10,87800         -53,57430           0,01413
           2,85000       -3774,42500         -57,70200         -10,87800         -53,95719           0,00776
           2,90000       -3774,42500         -57,70200         -10,87700         -53,82956           0,05237
           2,95000       -3774,42500         -57,70200         -10,87800         -53,82956           0,00139
           3,00000       -3774,42500         -57,70200         -10,87800         -53,63811           0,04600
           3,05000       -3774,42600         -57,70200         -10,87700         -54,40390           0,00139
           3,10000       -3774,42500         -57,70200         -10,87800         -53,95719           0,03325
           3,15000       -3774,42500         -57,70200         -10,87700         -54,02100          -0,00498
           3,20000       -3774,42500         -57,70300         -10,87800         -53,76574          -0,01773
           3,25000       -3774,42500         -57,70300         -10,87700         -53,51048           0,02051
           3,30000       -3774,42500         -57,70200         -10,87700         -54,02100           0,01413
           3,35000       -3774,42500         -57,70200         -10,87700         -53,44667           0,05237
           3,40000       -3774,42500         -57,70300         -10,87800         -53,31904           0,04600
           3,45000       -3774,42500         -57,70200         -10,87700         -53,76574           0,02688
           3,50000       -3774,42500         -57,70200         -10,87700         -53,25522          -0,01136
           3,55000       -3774,42600         -57,70200         -10,87800         -54,08482           0,02051
           3,60000       -3774,42500         -57,70300         -10,87800         -53,82956           0,02688
           3,65000       -3774,42500         -57,70200         -10,87800         -53,82956           0,03963
           3,70000       -3774,42600         -57,70200         -10,87700         -54,27626           0,03325
           3,75000       -3774,42600         -57,70200         -10,87800         -54,34008           0,01413
           3,80000       -3774,42500         -57,70200         -10,87800         -53,95719           0,03963
           3,85000       -3774,42600         -57,70200         -10,87700         -53,63811           0,00776
           3,90000       -3774,42500         -57,70200         -10,87700         -53,76574           0,03963
           3,95000       -3774,42500         -57,70200         -10,87800         -54,08482           0,00776
           4,00000       -3774,42500         -57,70200         -10,87700         -53,63811           0,01413
           4,05000       -3774,42500         -57,70200         -10,87700         -53,70193           0,03963
           4,10000       -3774,42500         -57,70200         -10,87800         -53,51048           0,01413
           4,15000       -3774,42600         -57,70200         -11,04400         -53,57430           0,02688
           4,20000       -3774,42500         -57,70200         -11,15300         -53,70193           0,03963
           4,25000       -3774,42500         -57,70200         -11,15800         -54,14863           0,01413
           4,30000       -3774,42500         -57,70200         -11,17700         -53,95719           0,02051
           4,35000       -3774,42600         -57,70200         -11,17800         -53,63811           0,00776
           4,40000       -3774,42600         -57,70200         -11,17800         -53,70193           0,02688
           4,45000       -3774,42500         -57,70200         -11,18300         -53,82956           0,05237
           4,50000       -3774,42500         -57,70200         -11,18400         -53,57430           0,03963
           4,55000       -3774,42500         -57,70200         -11,18600         -53,38285           0,05237
           4,60000       -3774,42600         -57,70200         -11,18600         -53,19141           0,02051
           4,65000       -3774,42500         -57,70200         -11,18600         -53,51048           0,05237
           4,70000       -3774,42500         -57,70200         -11,18800         -54,14863          -0,00498
           4,75000       -3774,42500         -57,70200         -11,18800         -53,82956          -0,00498
           4,80000       -3774,42600         -57,70300         -11,18900         -53,89337          -0,00498
           4,85000       -3774,42600         -57,70200         -11,18900         -53,95719           0,04600
           4,90000       -3774,42500         -57,70200         -11,19000         -53,95719           0,04600
           4,95000       -3774,42600         -57,70100         -11,18900         -54,14863           0,00776
           5,00000       -3774,42500         -57,70200         -11,19200         -53,82956          -0,00498
           5,05000       -3774,42500         -57,70300         -11,19000         -53,06378           0,05237
           5,10000       -3774,42600         -57,70200         -11,19100         -53,89337           0,02051
           5,15000       -3774,42500         -57,70200         -11,19200         -54,02100           0,02051
           5,20000       -3774,42500         -57,70200         -11,19300         -53,95719          -0,01136
           5,25000       -3774,42500         -57,70100         -11,19300         -53,70193          -0,00498
           5,30000       -3774,42600         -57,70200         -11,19300         -53,95719           0,00139
           5,35000       -3774,42700         -57,70300         -11,18100         -53,19141           0,03325
           5,40000       -3774,42500         -57,70100         -11,19500         -53,70193           0,03325
           5,45000       -3774,42600         -57,70200         -11,18500         -53,82956           0,00139
           5,50000       -3774,42600         -57,70100         -11,19800         -53,44667           0,00139
           5,55000       -3774,42500         -57,70200         -11,19900         -53,51048           0,00139
           5,60000       -3774,42600         -57,70200         -11,19900         -53,70193           0,03325
           5,65000       -3774,42500         -57,70100         -11,20900         -54,21245           0,01413
           5,70000       -3774,42500         -57,70200         -11,20900         -53,70193          -0,00498
           5,75000       -3774,42700         -57,70100         -11,22300         -53,63811           0,04600
           5,80000       -3774,42600         -57,70100         -11,23600         -53,51048          -0,00498
           5,85000       -3774,42600         -57,70100         -11,23700         -53,82956          -0,00498
           5,90000       -3774,42500         -57,70100         -11,27100         -53,82956           0,00776
           5,95000       -3774,42500         -57,70100         -11,27200         -54,40390          -0,01136
           6,00000       -3774,42600         -57,70100         -11,27200         -53,76574           0,06512
           6,05000       -3774,42600         -57,70200         -11,31200         -53,76574          -0,01136
           6,10000       -3774,42500         -57,70100         -11,31300         -53,82956           0,03325
           6,15000       -3774,42600         -57,70300         -11,32800         -54,14863           0,03963
           6,20000       -3774,42700         -57,70200         -11,35700         -53,82956           0,02051
           6,25000       -3774,42500         -57,70100         -11,35700         -53,57430           0,03325
           6,30000       -3774,42700         -57,70100         -11,40200         -53,25522           0,00776
           6,35000       -3774,42600         -57,70100         -11,40200         -52,42563           0,03963
           6,40000       -3774,42600         -57,70200         -11,40300         -53,63811           0,02051
           6,45000       -3774,42600         -57,70100         -11,42500         -53,70193           0,00776
           6,50000       -3774,42600         -57,70100         -11,45300         -54,27626           0,00776
           6,55000       -3774,42700         -57,70100         -11,45300         -53,89337           0,02688
           6,60000       -3774,42600         -57,70100         -11,49900         -53,63811          -0,01136
           6,65000       -3774,42600         -57,70100         -11,50100         -54,27626           0,02051
           6,70000       -3774,42700         -57,70100         -11,50200         -54,27626           0,04600
           6,75000       -3774,42600         -57,70100         -11,55000         -53,76574           0,02051
           6,80000       -3774,42600         -57,70100         -11,55100         -54,53153           0,04600
           6,85000       -3774,42600         -57,70100         -11,59900         -53,70193           0,04600
           6,90000       -3774,42700         -57,70100         -11,60000         -53,38285           0,02688
           6,95000       -3774,42700         -57,70100         -11,60000         -54,21245           0,03325
           7,00000       -3774,42700         -57,70200         -11,64800         -53,38285           0,03325
           7,05000       -3774,42700         -57,70200         -11,64900         -53,57430           0,02051
           7,10000       -3774,42600         -57,70100         -11,68100         -53,51048          -0,00498
           7,15000       -3774,42600         -57,70100         -11,70100         -53,89337           0,02051
           7,20000       -3774,42600         -57,70200         -11,70100         -53,70193           0,03325
           7,25000       -3774,42700         -57,70100         -11,71900         -53,57430          -0,00498
           7,30000       -3774,42600         -57,70100         -11,75200         -54,14863           0,02688
           7,35000       -3774,42700         -57,70100         -11,75100         -53,70193           0,05874
           7,40000       -3774,42600         -57,70100         -11,80300         -53,57430           0,03963
           7,45000       -3774,42600         -57,70200         -11,80400         -53,89337           0,02051
           7,50000       -3774,42700         -57,70100         -11,80400         -54,08482           0,00776
           7,55000       -3774,42600         -57,70100         -11,85400         -53,70193           0,03325
           7,60000       -3774,42600         -57,70100         -11,85500         -54,14863           0,03963
           7,65000       -3774,42600         -57,70100         -11,90600         -53,76574           0,02051
           7,70000       -3774,42600         -57,70100         -11,90700         -53,57430           0,01413
           7,75000       -3774,42600         -57,70100         -11,90700         -53,57430           0,04600
           7,80000       -3774,42600         -57,70200         -11,94600         -53,31904           0,00776
           7,85000       -3774,42600         -57,70200         -11,95800         -53,95719           0,04600
           7,90000       -3774,42600         -57,70200         -11,95900         -53,31904           0,02051
           7,95000       -3774,42600         -57,70100         -12,00800         -53,51048           0,05237
           8,00000       -3774,42600         -57,70200         -12,01000         -53,57430           0,03963
           8,05000       -3774,42600         -57,70200         -12,00900         -53,70193           0,03963
           8,10000       -3774,42600         -57,70100         -12,06000         -53,89337           0,03963
           8,15000       -3774,42600         -57,70100         -12,06000         -54,21245           0,04600
           8,20000       -3774,42700         -57,70100         -12,11000         -53,89337           0,00776
           8,25000       -3774,42600         -57,70100         -12,11100         -53,89337           0,02051
           8,30000       -3774,42600         -57,70100         -12,11200         -53,82956          -0,00498
           8,35000       -3774,42600         -57,70100         -12,16200         -53,51048           0,01413
           8,40000       -3774,42600         -57,70100         -12,16200         -53,25522           0,01413
           8,45000       -3774,42600         -57,70100         -12,16300         -53,89337           0,01413
           8,50000       -3774,42600         -57,70100         -12,21300         -54,46771           0,02051
           8,55000       -3774,42700         -57,70200         -12,21400         -53,63811           0,03325
           8,60000       -3774,42700         -57,70200         -12,21500         -53,76574           0,02688
           8,65000       -3774,42600         -57,70200         -12,26400         -53,76574           0,03325
           8,70000       -3774,42600         -57,70200         -12,26400         -53,89337           0,01413
           8,75000       -3774,42600         -57,70200         -12,31500         -53,63811           0,00776
           8,80000       -3774,42600         -57,70100         -12,31500         -53,70193           0,01413
           8,85000       -3774,42600         -57,70100         -12,31600         -53,31904           0,02051
           8,90000       -3774,42500         -57,70000         -12,31600         -53,76574           0,03325
           8,95000       -3774,42600         -57,70100         -12,36500         -53,44667           0,02688
           9,00000       -3774,42500         -57,70200         -12,36500         -53,89337           0,02051
           9,05000       -3774,42600         -57,70100         -12,41500         -54,14863           0,02051
           9,10000       -3774,42600         -57,70100         -12,41600         -53,95719           0,02688
           9,15000       -3774,42600         -57,70100         -12,41600         -53,44667           0,00776
           9,20000       -3774,42700         -57,70100         -12,44200         -53,70193          -0,01773
           9,25000       -3774,42500         -57,70200         -12,46700         -53,95719           0,02688
           9,30000       -3774,42600         -57,70100         -12,46700         -53,51048          -0,00498
           9,35000       -3774,42600         -57,70200         -12,51700         -54,08482           0,00776
           9,40000       -3774,42600         -57,70100         -12,51800         -53,25522           0,02688
           9,45000       -3774,42600         -57,70100         -12,51800         -53,76574           0,00776
           9,50000       -3774,42600         -57,70100         -12,56800         -53,95719           0,03963
           9,55000       -3774,42600         -57,70100         -12,56900         -53,51048           0,05874
           9,60000       -3774,42600         -57,70100         -12,56900         -53,12759           0,05237
           9,65000       -3774,42700         -57,70100         -12,61900         -53,95719           0,05874
           9,70000       -3774,42600         -57,70100         -12,62000         -53,70193           0,02688
           9,75000       -3774,42600         -57,70100         -12,66800         -53,38285           0,00776
           9,80000       -3774,42600         -57,70100         -12,66900         -53,70193          -0,00498
           9,85000       -3774,42700         -57,70100         -12,66900         -53,76574           0,05237
           9,90000       -3774,42600         -57,70100         -12,71800         -54,08482           0,03325
           9,95000       -3774,42700         -57,70200         -12,71900         -53,63811           0,02051
          10,00000       -3774,42700         -57,70200         -12,71800         -53,82956           0,01413
          10,05000       -3774,42700         -57,70200         -12,76800         -54,14863           0,02688
          10,10000       -3774,42600         -57,70100         -12,76900         -53,89337           0,05237
          10,15000       -3774,42600         -57,70100         -12,81800         -53,82956           0,05237
          10,20000       -3774,42600         -57,70200         -12,81800         -53,51048           0,03325
          10,25000       -3774,42600         -57,70100         -12,81900         -53,89337           0,04600
          10,30000       -3774,42600         -57,70200         -12,86700         -53,89337          -0,03685
          10,35000       -3774,42700         -57,70100         -12,86900         -54,02100          -0,00498
          10,40000       -3774,42600         -57,70100         -12,86900         -53,25522           0,02051
          10,45000       -3774,42700         -57,70300         -12,88700         -53,76574           0,02688
          10,50000       -3774,42600         -57,70100         -12,92000         -54,02100           0,03325
          10,55000       -3774,42600         -57,70100         -12,92000         -54,08482           0,00139
          10,60000       -3774,42700         -57,70200         -12,96900         -53,57430           0,04600
          10,65000       -3774,42600         -57,70100         -12,97000         -53,70193           0,03963
          10,70000       -3774,42500         -57,70100         -12,97000         -53,70193           0,00139
          10,75000       -3774,42700         -57,70100         -13,02000         -53,38285           0,03963
          10,80000       -3774,42600         -57,70100         -13,02000         -54,14863          -0,01773
          10,85000       -3774,42700         -57,70100         -13,07000         -53,70193           0,00776
          10,90000       -3774,42600         -57,70100         -13,07000         -53,82956           0,00139
          10,95000       -3774,42700         -57,70100         -13,07000         -53,57430           0,00139
          11,00000       -3774,42500         -57,70100         -13,12000         -53,89337           0,03963
          11,05000       -3774,42600         -57,70100         -13,12000         -53,25522           0,02051
          11,10000       -3774,42600         -57,70100         -13,12000         -53,38285           0,02688
          11,15000       -3774,42600         -57,70100         -13,17000         -53,06378           0,02051
          11,20000       -3774,42600         -57,70200         -13,17100         -53,63811           0,03963
          11,25000       -3774,42600         -57,70200         -13,17100         -53,38285           0,02051
          11,30000       -3774,42600         -57,70100         -13,22100         -53,38285           0,05237
          11,35000       -3774,42600         -57,70100         -13,22200         -54,14863           0,02051
          11,40000       -3774,42600         -57,70200         -13,22300         -53,51048          -0,01773
          11,45000       -3774,42500         -57,70100         -13,27100         -53,38285           0,00139
          11,50000       -3774,42600         -57,70100         -13,27200         -53,06378          -0,01773
          11,55000       -3774,42500         -57,70100         -13,32200         -53,12759           0,03325
          11,60000       -3774,42500         -57,70100         -13,32200         -53,44667           0,02688
          11,65000       -3774,42600         -57,70100         -13,32300         -53,57430           0,01413
          11,70000       -3774,42500         -57,70100         -13,37200         -53,51048           0,03325
          11,75000       -3774,42600         -57,70200         -13,37200         -53,31904           0,03963
          11,80000       -3774,42600         -57,70200         -13,37200         -53,51048           0,03963
          11,85000       -3774,42600         -57,70100         -13,42000         -53,12759           0,01413
          11,90000       -3774,42600         -57,70100         -13,42200         -54,08482           0,00776
          11,95000       -3774,42600         -57,70100         -13,46300         -53,38285           0,03325
          12,00000       -3774,42600         -57,70100         -13,47200         -53,57430           0,02688
          12,05000       -3774,42600         -57,70100         -13,47300         -52,29800           0,02051
          12,10000       -3774,42700         -57,70200         -13,47200         -52,04274           0,02688
          12,15000       -3774,42600         -57,70000         -13,52300         -53,76574           0,05237
          12,20000       -3774,42600         -57,70100         -13,57000         -54,08482           0,03325
          12,25000       -3774,42600         -57,70200         -13,57300         -52,80852           0,03963
          12,30000       -3774,42600         -57,70100         -13,57300         -53,63811           0,03325
          12,35000       -3774,42600         -57,70100         -13,57400         -52,93615           0,05874
          12,40000       -3774,42700         -57,70100         -13,62100         -53,44667           0,05237
          12,45000       -3774,42600         -57,70100         -13,62200         -52,68089          -0,01773
          12,50000       -3774,42700         -57,70100         -13,62200         -51,85129           0,04600
          12,55000       -3774,42600         -57,70100         -13,67200         -53,12759           0,05237
          12,60000       -3774,42600         -57,70100         -13,67300         -52,36181          -0,03685
          12,65000       -3774,42600         -57,70100         -13,67300         -52,48944           0,02051
          12,70000       -3774,42600         -57,70100         -13,72400         -52,23418          -0,03047
          12,75000       -3774,42600         -57,70100         -13,72500         -52,29800           0,03963
          12,80000       -3774,42600         -57,70100         -13,77300         -51,72366           0,01413
          12,85000       -3774,42600         -57,70100         -13,77400         -52,17037           0,00139
          12,90000       -3774,42600         -57,70100         -13,77400         -51,72366           0,00776
          12,95000       -3774,42500         -57,70100         -13,82200         -51,78748           0,00776
          13,00000       -3774,42600         -57,70200         -13,82400         -51,59603           0,00776
          13,05000       -3774,42600         -57,70100         -13,82400         -52,55326           0,00776
          13,10000       -3774,42600         -57,70200         -13,87400         -50,83025           0,04600
          13,15000       -3774,42600         -57,70100         -13,87400         -51,46840           0,02688
          13,20000       -3774,42600         -57,70100         -13,88500         -50,76643           0,04600
          13,25000       -3774,42700         -57,70100         -13,92300         -51,46840           0,00139
          13,30000       -3774,42600         -57,70100         -13,92400         -52,48944           0,00776
          13,35000       -3774,42600         -57,70100         -13,97400         -50,51117           0,02688
          13,40000       -3774,42600         -57,70100         -13,97400         -51,34077           0,00776
          13,45000       -3774,42700         -57,70000         -13,97500         -51,59603           0,03325
          13,50000       -3774,42600         -57,70100         -14,02300         -51,91511           0,03325
          13,55000       -3774,42700         -57,70100         -14,02400         -50,00065           0,03325
          13,60000       -3774,42600         -57,70200         -14,07300         -52,29800           0,00139
          13,65000       -3774,42600         -57,70100         -14,07500         -51,91511           0,00776
          13,70000       -3774,42600         -57,70200         -14,07400         -53,19141           0,01413
          13,75000       -3774,42700         -57,70100         -14,12300         -52,17037          -0,01136
          13,80000       -3774,42600         -57,70100         -14,12500         -49,55395          -0,00498
          13,85000       -3774,42400         -57,70200         -14,17300         -51,08551          -0,01136
          13,90000       -3774,42600         -57,70100         -14,17300         -51,59603           0,00139
          13,95000       -3774,42600         -57,70100         -14,17200         -52,10655           0,02688
          14,00000       -3774,42600         -57,70000         -14,19600         -51,40459           0,02688
          14,05000       -3774,42600         -57,70100         -14,22400         -47,76713           0,02688
          14,10000       -3774,42400         -57,70200         -14,23700         -51,65985           0,02688
          14,15000       -3774,42600         -57,70100         -14,27400         -51,91511           0,03963
          14,20000       -3774,42600         -57,70100         -14,27400         -52,42563           0,02688
          14,25000       -3774,42600         -57,70200         -14,30200         -51,27696           0,02688
          14,30000       -3774,42600         -57,70100         -14,32400         -51,59603           0,05874
          14,35000       -3774,42600         -57,70200         -14,32500         -51,97892          -0,01136
          14,40000       -3774,42600         -57,70100         -14,32400         -51,91511           0,02688
          14,45000       -3774,42600         -57,70100         -14,37400         -45,85267           0,06512
          14,50000       -3774,42600         -57,70200         -14,37500         -51,97892           0,03963
          14,55000       -3774,42600         -57,70200         -14,42300         -51,46840           0,04600
          14,60000       -3774,42500         -57,70100         -14,42300         -51,78748           0,03325
          14,65000       -3774,42600         -57,70200         -14,42300         -51,46840           0,00776
          14,70000       -3774,42500         -57,70200         -14,47300         -45,98030          -0,01136
          14,75000       -3774,42700         -57,70200         -14,47400         -51,78748           0,02688
          14,80000       -3774,42700         -57,70200         -14,49800         -48,59672           0,02688
          14,85000       -3774,42700         -57,70100         -14,52400         -45,40597           0,02688
          14,90000       -3774,42700         -57,70200         -14,52500         -49,80921           0,02051
          14,95000       -3774,42600         -57,70200         -14,57300         -50,25591          -0,00498
          15,00000       -3774,42600         -57,70200         -14,57400         -50,95788           0,03325
          15,05000       -3774,42700         -57,70200         -14,57400         -51,65985           0,05874
          15,10000       -3774,42700         -57,70200         -14,62300         -50,89407           0,00776
          15,15000       -3774,42700         -57,70100         -14,62300         -49,04343          -0,00498
          15,20000       -3774,42800         -57,70200         -14,64800         -45,91649           0,02688
          15,25000       -3774,42700         -57,70100         -14,67300         -51,72366           0,03963
          15,30000       -3774,42600         -57,70100         -14,67400         -51,21314           0,01413
          15,35000       -3774,42600         -57,70100         -14,72200         -51,65985           0,05237
          15,40000       -3774,42600         -57,70100         -14,72400         -51,34077           0,07149
          15,45000       -3774,42700         -57,70100         -14,72300         -48,34146           0,03325
          15,50000       -3774,42700         -57,70200         -14,77400         -51,97892           0,03963
          15,55000       -3774,42700         -57,70200         -14,77400         -52,23418           0,05237
          15,60000       -3774,42700         -57,70100         -14,77300         -52,04274           0,02051
          15,65000       -3774,42600         -57,70100         -14,82300         -52,10655           0,01413
          15,70000       -3774,42600         -57,70100         -14,82400         -51,91511           0,00139
          15,75000       -3774,42700         -57,70100         -14,82400         -52,04274           0,02051
          15,80000       -3774,42600         -57,70200         -14,87300         -52,80852           0,00776
          15,85000       -3774,42700         -57,70100         -14,87400         -50,25591           0,03963
          15,90000       -3774,42600         -57,70100         -14,87500         -50,12828           0,01413
          15,95000       -3774,42700         -57,70100         -14,92300         -51,59603          -0,01773
          16,00000       -3774,42700         -57,70100         -14,92300         -51,85129          -0,00498
          16,05000       -3774,42700         -57,70100         -14,92400         -52,68089          -0,01773
          16,10000       -3774,42600         -57,70100         -14,97400         -47,89476           0,01413
          16,15000       -3774,42600         -57,70100         -14,97400         -52,36181           0,05874
          16,20000       -3774,42700         -57,70100         -15,02300         -51,59603           0,02688
          16,25000       -3774,42600         -57,70100         -15,02400         -49,29869           0,02688
          16,30000       -3774,42700         -57,70100         -15,02400         -53,12759           0,00139
          16,35000       -3774,42600         -57,70100         -15,07300         -51,85129           0,03963
          16,40000       -3774,42600         -57,70100         -15,07300         -52,42563           0,00139
          16,45000       -3774,42700         -57,70100         -15,12100         -52,42563           0,01413
          16,50000       -3774,42700         -57,70100         -15,12300         -52,29800           0,00776
          16,55000       -3774,42600         -57,70100         -15,12300         -52,04274           0,02051
          16,60000       -3774,42600         -57,70100         -15,14100         -46,80990           0,00139
          16,65000       -3774,42700         -57,70100         -15,17500         -51,72366           0,00139
          16,70000       -3774,42700         -57,70100         -15,17400         -51,85129           0,02051
          16,75000       -3774,42500         -57,70100         -15,22200         -51,53222           0,00776
          16,80000       -3774,42700         -57,70100         -15,22300         -51,97892           0,02051
          16,85000       -3774,42700         -57,70100         -15,22300         -52,61707           0,00139
          16,90000       -3774,42800         -57,70200         -15,27200         -51,97892           0,04600
          16,95000       -3774,42700         -57,70200         -15,27200         -50,57499           0,02051
          17,00000       -3774,42600         -57,70200         -15,27200         -45,53360           0,02688
          17,05000       -3774,42700         -57,70200         -15,32200         -46,55464           0,00139
          17,10000       -3774,42700         -57,70200         -15,32300         -48,53291           0,01413
          17,15000       -3774,42700         -57,70200         -15,32200         -46,80990           0,02688
          17,20000       -3774,42700         -57,70200         -15,37200         -47,83094           0,09698
          17,25000       -3774,42700         -57,70200         -15,37300         -50,76643           0,00139
          17,30000       -3774,42700         -57,70200         -15,42200         -51,46840           0,02051
          17,35000       -3774,42700         -57,70200         -15,42300         -50,83025           0,00776
          17,40000       -3774,42600         -57,70200         -15,42200         -50,00065           0,03325
          17,45000       -3774,42700         -57,70100         -15,47100         -46,93753           0,01413
          17,50000       -3774,42700         -57,70200         -15,47300         -47,63950           0,03325
          17,55000       -3774,42700         -57,70200         -15,52300         -52,23418           0,03325
          17,60000       -3774,42700         -57,70100         -15,52300         -51,97892           0,02688
          17,65000       -3774,42700         -57,70100         -15,52300         -51,78748           0,02688
          17,70000       -3774,42600         -57,70100         -15,57200         -50,19210           0,03325
          17,75000       -3774,42700         -57,70200         -15,57300         -50,44736           0,05237
          17,80000       -3774,42700         -57,70100         -15,62200         -43,04481           0,02688
          17,85000       -3774,42700         -57,70200         -15,62300         -47,25661          -0,00498
          17,90000       -3774,42700         -57,70200         -15,62400         -44,25730           0,00776
          17,95000       -3774,42700         -57,70200         -15,67200         -45,91649           0,02688
          18,00000       -3774,42700         -57,70200         -15,67300         -50,89407           0,00776
          18,05000       -3774,42700         -57,70200         -15,72200         -47,19279           0,03963
          18,10000       -3774,42700         -57,70200         -15,72300         -44,95926           0,03963
          18,15000       -3774,42700         -57,70200         -15,72300         -48,91580          -0,00498
          18,20000       -3774,42700         -57,70200         -15,72400         -44,95926           0,03325
          18,25000       -3774,42700         -57,70100         -15,77300         -47,89476           0,02051
          18,30000       -3774,42700         -57,70100         -15,77300         -44,70400           0,02051
          18,35000       -3774,42700         -57,70200         -15,77300         -47,83094           0,04600
          18,40000       -3774,42700         -57,70100         -15,82000         -48,66054           0,02688
          18,45000       -3774,42700         -57,70200         -15,82100         -44,70400          -0,00498
          18,50000       -3774,42700         -57,70100         -15,87100         -47,89476           0,04600
          18,55000       -3774,42600         -57,70100         -15,87200         -44,44874           0,02688
          18,60000       -3774,42600         -57,70100         -15,87200         -48,27765           0,04600
          18,65000       -3774,42700         -57,70200         -15,92200         -48,08620           0,01413
          18,70000       -3774,42700         -57,70200         -15,92200         -49,68158          -0,00498
          18,75000       -3774,42600         -57,70200         -15,97100         -46,87371           0,05874
          18,80000       -3774,42700         -57,70200         -15,97200         -43,74678           0,01413
          18,85000       -3774,42600         -57,70200         -15,97200         -41,00273           0,02051
          18,90000       -3774,42600         -57,70200         -16,02000         -50,83025           0,00776
          18,95000       -3774,42600         -57,70200         -16,02100         -34,36596           0,00139
          19,00000       -3774,42600         -57,70100         -16,02200         -38,89683          -0,00498
          19,05000       -3774,42700         -57,70200         -16,07100         -49,29869           0,06512
          19,10000       -3774,42700         -57,70100         -16,07100         -50,63880           0,02688
          19,15000       -3774,42700         -57,70200         -16,07100         -47,38424           0,01413
          19,20000       -3774,42700         -57,70100         -16,12000         -41,44943           0,01413
          19,25000       -3774,42700         -57,70100         -16,12000         -50,19210           0,05237
          19,30000       -3774,42700         -57,70200         -16,14900         -50,00065           0,00776
          19,35000       -3774,42600         -57,70200         -16,16900         -43,74678           0,03325
          19,40000       -3774,42700         -57,70200         -16,17000         -40,68365           0,03963
          19,45000       -3774,42600         -57,70200         -16,21900         -22,94306           0,03963
          19,50000       -3774,42600         -57,70200         -16,22000         -26,51670          -0,00498
          19,55000       -3774,42600         -57,70200         -16,22000         -22,43254           0,04600
          19,60000       -3774,42600         -57,70200         -16,27000         -22,30491           0,01413
          19,65000       -3774,42600         -57,70200         -16,27000         -22,04964           0,01413
          19,70000       -3774,42600         -57,70200         -16,27000         -23,77265           0,00139
          19,75000       -3774,42600         -57,70200         -16,32000         -16,62536          -0,01136
          19,80000       -3774,42600         -57,70100         -16,32100         -51,14933          -0,02410
          19,85000       -3774,42600         -57,70200         -16,36900         -23,38976           0,06512
          19,90000       -3774,42600         -57,70200         -16,37000         -35,83370          -0,02410
          19,95000       -3774,42700         -57,70100         -16,37000         -24,09173           0,04600
          20,00000       -3774,42600         -57,70200         -16,41900         -32,06861           0,03325
          20,05000       -3774,42600         -57,70200         -16,42100         -51,34077           0,02051
          20,10000       -3774,42500         -57,70100         -16,46600         -20,90097           0,03325
          20,15000       -3774,42600         -57,70200         -16,47100         -11,13726           0,01413
          20,20000       -3774,42600         -57,70200         -16,47100         -17,32733           0,04600
          20,25000       -3774,42600         -57,70200         -16,50300         -53,51048           0,00139
          20,30000       -3774,42600         -57,70200         -16,52100         -53,38285           0,03325
          20,35000       -3774,42600         -57,70200         -16,52100         -52,93615           0,05237
          20,40000       -3774,42600         -57,70200         -16,57100         -52,04274          -0,00498
          20,45000       -3774,42600         -57,70200         -16,57100         -52,36181           0,01413
          20,50000       -3774,42700         -57,70200         -16,58700         -52,68089           0,02688
          20,55000       -3774,42600         -57,70200         -16,62100         -53,38285           0,03325
          20,60000       -3774,42500         -57,70200         -16,65700         -54,91442           0,05237
          20,65000       -3774,42600         -57,70200         -16,67300         -54,59534           0,03963
          20,70000       -3774,42700         -57,70200         -16,67300         -54,91442           0,03325
          20,75000       -3774,42600         -57,70200         -16,67300         -54,97823           0,02688
          20,80000       -3774,42600         -57,70200         -16,70100         -55,29731           0,02688
          20,85000       -3774,42700         -57,70200         -16,72200         -53,51048           0,00139
          20,90000       -3774,42700         -57,70200         -16,72200         -52,55326           0,02051
          20,95000       -3774,42700         -57,70200         -16,77200         -52,80852           0,02051
          21,00000       -3774,42700         -57,70200         -16,77300         -53,25522           0,02688
          21,05000       -3774,42600         -57,70200         -16,77300         -53,76574           0,00776
          21,10000       -3774,42700         -57,70100         -16,82100         -54,59534           0,02688
          21,15000       -3774,42700         -57,70200         -16,82100         -55,42494           0,03325
          21,20000       -3774,42700         -57,70200         -16,87200         -53,25522           0,00139
          21,25000       -3774,42700         -57,70200         -16,87300         -50,25591           0,02688
          21,30000       -3774,42700         -57,70300         -16,87400         -55,10586           0,01413
          21,35000       -3774,42600         -57,70200         -16,92200         -56,06309           0,01413
          21,40000       -3774,42700         -57,70200         -16,92300         -55,48875           0,03963
          21,45000       -3774,42700         -57,70200         -16,92300         -50,12828          -0,00498
          21,50000       -3774,42700         -57,70200         -16,97300         -56,57361           0,01413
          21,55000       -3774,42700         -57,70200         -16,97400         -56,89268           0,00139
          21,60000       -3774,42700         -57,70200         -17,02200         -57,59465           0,03325
          21,65000       -3774,42700         -57,70100         -17,02300         -58,93477          -0,00498
          21,70000       -3774,42600         -57,70200         -17,02300         -51,08551           0,05874
          21,75000       -3774,42600         -57,70100         -17,07100         -59,31766           0,03963
          21,80000       -3774,42700         -57,70200         -17,07200         -59,95581           0,00776
          21,85000       -3774,42700         -57,70200         -17,07300         -60,53014          -0,01136
          21,90000       -3774,42700         -57,70200         -17,12100         -50,12828          -0,00498
          21,95000       -3774,42600         -57,70200         -17,12300         -52,61707           0,03325
          22,00000       -3774,42700         -57,70200         -17,17000         -26,26144           0,00776
          22,05000       -3774,42700         -57,70200         -17,17300         -47,06516           0,03325
          22,10000       -3774,42700         -57,70200         -17,17200         -27,28248           0,02688
          22,15000       -3774,42600         -57,70200         -17,19700         -32,77058           0,02051
          22,20000       -3774,42700         -57,70100         -17,22100         -18,73126           0,02051
          22,25000       -3774,42700         -57,70200         -17,22200         -35,00411           0,03325
          22,30000       -3774,42700         -57,70200         -17,22200          26,44982           0,02688
          22,35000       -3774,42700         -57,70200         -17,27300         -53,25522          -0,00498
          22,40000       -3774,42700         -57,70200         -17,27300          78,33149           0,02688
          22,45000       -3774,42700         -57,70200         -17,32200          12,60195           0,03963
          22,50000       -3774,42700         -57,70200         -17,32300          66,07899           0,02051
          22,55000       -3774,42700         -57,70200         -17,33900           4,81651           0,03325
          22,60000       -3774,42700         -57,70100         -17,37100         -57,46702          -0,01773
          22,65000       -3774,42700         -57,70200         -17,37200          11,58091           0,05874
          22,70000       -3774,42700         -57,70200         -17,42300         185,98755           0,00139
          22,75000       -3774,42700         -57,70100         -17,42300         162,56741           0,03325
          22,80000       -3774,42700         -57,70200         -17,42300          95,43393           0,03325
          22,85000       -3774,42800         -57,70200         -17,47200         -43,93822           0,00776
          22,90000       -3774,42700         -57,70200         -17,47200          80,30976           0,02688
          22,95000       -3774,42700         -57,70200         -17,47200         144,44392           0,03325
          23,00000       -3774,42700         -57,70200         -17,52100         347,37591           0,01413
          23,05000       -3774,42700         -57,70100         -17,52100         275,20104           0,03963
          23,10000       -3774,42700         -57,70200         -17,54700         -83,82265           0,02688
          23,15000       -3774,42700         -57,70100         -17,57300         356,75672           0,01413
          23,20000       -3774,42700         -57,70200         -17,57200         384,32484           0,01413
          23,25000       -3774,42700         -57,70200         -17,58600         458,28653           0,00139
          23,30000       -3774,42700         -57,70200         -17,62300         438,24859           0,03325
          23,35000       -3774,42700         -57,70200         -17,62400         457,45694           0,00776
          23,40000       -3774,42700         -57,70200         -17,67200         400,78914           0,07149
          23,45000       -3774,42700         -57,70100         -17,67200         -19,56086           0,00139
          23,50000       -3774,42700         -57,70200         -17,67300         181,26523           0,01413
          23,55000       -3774,42700         -57,70200         -17,72300         569,70768           0,02688
          23,60000       -3774,42700         -57,70100         -17,72200         531,22718           0,00139
          23,65000       -3774,42700         -57,70200         -17,72400         490,00263           0,05237
          23,70000       -3774,42600         -57,70200         -17,77100         472,07059           0,00139
          23,75000       -3774,42700         -57,70200         -17,77300         193,58154           0,02688
          23,80000       -3774,42700         -57,70200         -17,82400         737,86044           0,06512
          23,85000       -3774,42700         -57,70200         -17,82300         731,41511           0,03963
          23,90000       -3774,42700         -57,70200         -17,82300         739,39200           0,02688
          23,95000       -3774,42700         -57,70200         -17,87100         815,52340           0,03963
          24,00000       -3774,42700         -57,70100         -17,87400         251,97235           0,01413
          24,05000       -3774,42600         -57,70200         -17,89100         842,19811           0,00139
          24,10000       -3774,42800         -57,70200         -17,92300         902,43955           0,03963
          24,15000       -3774,42800         -57,70200         -17,92400         923,30709           0,06512
          24,20000       -3774,42800         -57,70200         -17,92500         847,75002           0,04600
          24,25000       -3774,42800         -57,70200         -17,92400         306,02373          -0,02410
          24,30000       -3774,42700         -57,70300         -11,20800         -53,63811           0,05237
          24,35000       -3774,42700         -57,70400         -10,87800         -53,89337           0,03325
          24,40000       -3774,42600         -57,70400         -10,87800         -53,89337           0,03325
          24,45000       -3774,42700         -57,70300         -10,87800         -53,63811          -0,00498
          24,50000       -3774,42700         -57,70400         -10,87800         -53,63811           0,05237
          24,55000       -3774,42700         -57,70400         -10,87900         -53,70193           0,03963
          24,60000       -3774,42700         -57,70400         -10,87800         -53,51048           0,00776
          24,65000       -3774,42600         -57,70300         -10,87900         -54,02100           0,02051
          24,70000       -3774,42600         -57,70300         -10,87800         -54,02100           0,01413
          24,75000       -3774,42700         -57,70400         -10,87900         -53,89337           0,04600
          24,80000       -3774,42600         -57,70300         -10,87800         -53,44667           0,03963
          24,85000       -3774,42700         -57,70300         -10,87800         -54,14863           0,02051
          24,90000       -3774,42600         -57,70400         -10,87900         -53,63811          -0,01136
          24,95000       -3774,42700         -57,70400         -10,87800         -54,08482           0,03325
          25,00000       -3774,42700         -57,70300         -10,87800         -53,19141           0,02051
          25,05000       -3774,42700         -57,70300         -10,87900         -54,14863          -0,00498
          25,10000       -3774,42700         -57,70400         -10,87800         -53,89337           0,02051
          25,15000       -3774,42700         -57,70300         -10,87800         -53,89337           0,01413
          25,20000       -3774,42600         -57,70300         -10,87800         -53,89337           0,04600
          25,25000       -3774,42700         -57,70400         -10,87800         -53,57430           0,05874
          25,30000       -3774,42700         -57,70400         -10,87900         -53,19141          -0,01136
          25,35000       -3774,42600         -57,70400         -10,87800         -54,14863           0,03325
          25,40000       -3774,42700         -57,70400         -10,87800         -54,08482           0,00776
          25,45000       -3774,42700         -57,70400         -10,87800         -53,76574           0,03325
          25,50000       -3774,42600         -57,70400         -10,87800         -53,95719           0,00776
          25,55000       -3774,42700         -57,70300         -10,87900         -53,82956           0,00139
          25,60000       -3774,42600         -57,70300         -10,87900         -53,95719           0,03963
          25,65000       -3774,42700         -57,70400         -10,87900         -54,40390           0,03325
          25,70000       -3774,42700         -57,70400         -10,87900         -53,57430           0,02051
          25,75000       -3774,42700         -57,70400         -10,87800         -53,82956           0,02051
          25,80000       -3774,42700         -57,70400         -10,87800         -53,44667           0,02051
          25,85000       -3774,42600         -57,70400         -10,87900         -53,76574           0,03963
          25,90000       -3774,42600         -57,70300         -10,87800         -54,08482           0,05874
          25,95000       -3774,42700         -57,70300         -10,87800         -53,76574           0,03963
          26,00000       -3774,42700         -57,70300         -10,87800         -54,08482           0,02688
          26,05000       -3774,42700         -57,70300         -10,87800         -54,02100           0,03325
          26,10000       -3774,42700         -57,70300         -10,87800         -54,27626           0,02051
          26,15000       -3774,42600         -57,70400         -10,87900         -53,57430           0,07786
          26,20000       -3774,42700         -57,70400         -10,87900         -53,25522           0,05237
          26,25000       -3774,42700         -57,70300         -10,87900         -53,70193           0,01413
          26,30000       -3774,42600         -57,70400         -10,87900         -53,82956           0,02688
          26,35000       -3774,42600         -57,70400         -10,87800         -54,14863           0,00776
          26,40000       -3774,42600         -57,70400         -10,87900         -53,63811           0,02051
          26,45000       -3774,42700         -57,70400         -10,87800         -53,76574          -0,02410
          26,50000       -3774,42700         -57,70400         -10,87900         -53,76574           0,03325
          26,55000       -3774,42700         -57,70400         -10,87900         -53,70193          -0,01136
          26,60000       -3774,42600         -57,70400         -10,87900         -53,57430           0,02051
          26,65000       -3774,42600         -57,70300         -10,87900         -54,14863           0,03325
          26,70000       -3774,42700         -57,70300         -10,87900         -54,02100           0,03963
          26,75000       -3774,42700         -57,70400         -10,87900         -53,89337           0,03963
          26,80000       -3774,42700         -57,70300         -10,87900         -53,76574           0,02688
          26,85000       -3774,42600         -57,70400         -10,87900         -53,57430           0,03963
          26,90000       -3774,42600         -57,70400         -10,87900         -54,14863           0,03963
          26,95000       -3774,42700         -57,70300         -10,87800         -53,95719           0,00139
