
// =========================================================================================================
// 2026-04-17, 15:24:25
//        Time [s]        Pos X [um]        Pos Y [um]        Pos Z [um]      Force A [uN]      Force B [uN]
// =========================================================================================================
           0,00000        -129,71400         -34,70700         -10,07800         -38,38631           0,04600
           0,05000        -129,71500         -34,70700         -10,07900         -38,25868           0,00139
           0,10000        -129,71400         -34,70700         -10,07900         -38,13105           0,02688
           0,15000        -129,71500         -34,70700         -10,07700         -38,38631           0,00776
           0,20000        -129,71400         -34,70700         -10,07800         -38,45012           0,02688
           0,25000        -129,71400         -34,70700         -10,07800         -38,96064           0,00139
           0,30000        -129,71500         -34,70700         -10,07700         -38,57775           0,00139
           0,35000        -129,71500         -34,70700         -10,07800         -38,45012           0,03963
           0,40000        -129,71500         -34,70800         -10,07800         -38,70538           0,05237
           0,45000        -129,71400         -34,70700         -10,07800         -38,25868          -0,01773
           0,50000        -129,71400         -34,70700         -10,07800         -38,45012          -0,00498
           0,55000        -129,71400         -34,70700         -10,07800         -38,25868           0,02051
           0,60000        -129,71500         -34,70800         -10,07900         -37,81197          -0,01773
           0,65000        -129,71400         -34,70700         -10,07800         -37,74816           0,03325
           0,70000        -129,71400         -34,70700         -10,07800         -38,51394           0,00776
           0,75000        -129,71500         -34,70700         -10,07800         -37,93960           0,01413
           0,80000        -129,71400         -34,70700         -10,07800         -37,81197           0,00776
           0,85000        -129,71500         -34,70700         -10,07800         -38,38631           0,02051
           0,90000        -129,71400         -34,70700         -10,07800         -38,45012           0,04600
           0,95000        -129,71500         -34,70700         -10,07700         -37,93960           0,04600
           1,00000        -129,71400         -34,70700         -10,07800         -38,13105           0,00776
           1,05000        -129,71500         -34,70700         -10,07800         -38,00342           0,05874
           1,10000        -129,71500         -34,70700         -10,07700         -38,70538           0,02051
           1,15000        -129,71500         -34,70700         -10,07900         -37,74816           0,01413
           1,20000        -129,71500         -34,70700         -10,07700         -37,36527           0,02688
           1,25000        -129,71400         -34,70800         -10,07700         -38,19486           0,00139
           1,30000        -129,71400         -34,70700         -10,07800         -38,76920           0,04600
           1,35000        -129,71500         -34,70700         -10,07800         -38,25868           0,02051
           1,40000        -129,71400         -34,70700         -10,07800         -38,32249           0,00139
           1,45000        -129,71400         -34,70700         -10,07800         -38,19486           0,03963
           1,50000        -129,71400         -34,70700         -10,07800         -38,00342           0,03963
           1,55000        -129,71400         -34,70700         -10,07700         -38,25868           0,00139
           1,60000        -129,71500         -34,70700         -10,07800         -38,57775           0,03963
           1,65000        -129,71500         -34,70800          -9,77300         -38,38631           0,05237
           1,70000        -129,71500         -34,70900          -9,77300         -38,57775          -0,02410
           1,75000        -129,71500         -34,70800          -9,76800         -37,81197           0,05237
           1,80000        -129,71500         -34,70800          -9,76800         -38,57775          -0,01136
           1,85000        -129,71500         -34,70800          -9,76800         -38,25868          -0,00498
           1,90000        -129,71500         -34,70900          -9,76400         -38,57775           0,02688
           1,95000        -129,71500         -34,70800          -9,76300         -37,87579          -0,00498
           2,00000        -129,71500         -34,70900          -9,76500         -38,25868           0,04600
           2,05000        -129,71500         -34,70900          -9,75900         -38,89683           0,03325
           2,10000        -129,71500         -34,70900          -9,75800         -38,25868           0,01413
           2,15000        -129,71400         -34,70800          -9,75200         -38,13105           0,00776
           2,20000        -129,71500         -34,70800          -9,75500         -38,32249           0,02688
           2,25000        -129,71500         -34,70800          -9,75500         -38,38631           0,05237
           2,30000        -129,71600         -34,70800          -9,75100         -38,13105           0,04600
           2,35000        -129,71500         -34,70800          -9,75200         -38,25868           0,06512
           2,40000        -129,71500         -34,70800          -9,75300         -38,19486           0,05237
           2,45000        -129,71500         -34,70800          -9,74800         -38,13105           0,00776
           2,50000        -129,71500         -34,70800          -9,74800         -37,74816           0,00139
           2,55000        -129,71500         -34,70900          -9,74800         -38,25868           0,05237
           2,60000        -129,71500         -34,70800          -9,74400         -38,57775           0,02051
           2,65000        -129,71500         -34,70800          -9,74400         -38,13105           0,00776
           2,70000        -129,71500         -34,70900          -9,74300         -37,81197          -0,01136
           2,75000        -129,71400         -34,70900          -9,74200         -38,25868          -0,01136
           2,80000        -129,71500         -34,70900          -9,74100         -38,89683           0,03325
           2,85000        -129,71500         -34,70800          -9,74400         -39,27972           0,00776
           2,90000        -129,71500         -34,70800          -9,74600         -38,45012           0,00139
           2,95000        -129,71500         -34,70800          -9,74600         -37,30145           0,03963
           3,00000        -129,71400         -34,70900          -9,77000         -37,81197           0,03325
           3,05000        -129,71400         -34,70800          -9,77500         -38,51394           0,03963
           3,10000        -129,71400         -34,70800          -9,77600         -38,38631           0,02688
           3,15000        -129,71500         -34,70900          -9,81800         -38,19486           0,03963
           3,20000        -129,71500         -34,70800          -9,81900         -38,06723           0,00139
           3,25000        -129,71500         -34,70900          -9,86500         -37,74816           0,00776
           3,30000        -129,71500         -34,70900          -9,86400         -38,13105           0,02688
           3,35000        -129,71500         -34,70800          -9,86500         -38,64157           0,05237
           3,40000        -129,71500         -34,70800          -9,91100         -38,00342           0,03963
           3,45000        -129,71500         -34,70800          -9,91200         -38,38631           0,02688
           3,50000        -129,71500         -34,70800          -9,91300         -37,81197           0,04600
           3,55000        -129,71500         -34,70800          -9,96100         -38,38631           0,03325
           3,60000        -129,71500         -34,70900          -9,96200         -38,51394           0,03963
           3,65000        -129,71500         -34,70800          -9,99700         -38,06723          -0,03047
           3,70000        -129,71500         -34,70800         -10,01200         -38,13105           0,04600
           3,75000        -129,71500         -34,70800         -10,01200         -37,62053           0,02688
           3,80000        -129,71500         -34,70800         -10,01300         -38,51394           0,00776
           3,85000        -129,71500         -34,70900         -10,06100         -38,83301           0,00776
           3,90000        -129,71500         -34,70800         -10,06200         -37,93960           0,03325
           3,95000        -129,71500         -34,70900         -10,09800         -37,62053           0,02688
           4,00000        -129,71500         -34,70900         -10,11400         -38,13105           0,03325
           4,05000        -129,71500         -34,70800         -10,11300         -38,32249           0,04600
           4,10000        -129,71500         -34,70900         -10,15100         -38,38631           0,02688
           4,15000        -129,71600         -34,70800         -10,16700         -38,83301           0,02051
           4,20000        -129,71500         -34,70800         -10,16700         -38,19486           0,00139
           4,25000        -129,71500         -34,70900         -10,21800         -37,74816           0,02688
           4,30000        -129,71500         -34,70800         -10,21800         -38,32249          -0,01773
           4,35000        -129,71400         -34,70800         -10,21800         -38,25868           0,05237
           4,40000        -129,71400         -34,70800         -10,26900         -38,25868           0,02688
           4,45000        -129,71400         -34,70800         -10,26900         -38,70538           0,05874
           4,50000        -129,71600         -34,70800         -10,27500         -38,45012           0,02051
           4,55000        -129,71500         -34,70800         -10,32000         -38,13105           0,02051
           4,60000        -129,71500         -34,70800         -10,32100         -37,81197          -0,01136
           4,65000        -129,71500         -34,70800         -10,37200         -37,93960           0,01413
           4,70000        -129,71500         -34,70800         -10,37200         -38,64157           0,01413
           4,75000        -129,71400         -34,70800         -10,37300         -38,19486           0,02051
           4,80000        -129,71500         -34,70900         -10,42400         -38,32249           0,01413
           4,85000        -129,71500         -34,70800         -10,42400         -38,32249           0,02051
           4,90000        -129,71600         -34,70900         -10,46400         -38,25868           0,04600
           4,95000        -129,71500         -34,70900         -10,47300         -38,32249           0,03963
           5,00000        -129,71500         -34,70900         -10,47500         -38,38631          -0,01773
           5,05000        -129,71600         -34,70900         -10,52600         -38,06723           0,03325
           5,10000        -129,71500         -34,70800         -10,52600         -37,68434           0,02051
           5,15000        -129,71500         -34,70900         -10,52700         -37,87579          -0,00498
           5,20000        -129,71500         -34,70900         -10,57600         -38,51394           0,00776
           5,25000        -129,71500         -34,70800         -10,57600         -38,38631           0,05874
           5,30000        -129,71500         -34,70900         -10,57600         -38,00342           0,00139
           5,35000        -129,71500         -34,70900         -10,62500         -37,68434           0,03325
           5,40000        -129,71500         -34,70800         -10,62700         -37,87579           0,05237
           5,45000        -129,71500         -34,70800         -10,62600         -38,25868           0,00139
           5,50000        -129,71500         -34,70800         -10,67600         -38,45012           0,03963
           5,55000        -129,71500         -34,70800         -10,67700         -37,87579           0,03325
           5,60000        -129,71500         -34,70800         -10,67700         -38,19486           0,02688
           5,65000        -129,71500         -34,70800         -10,72600         -38,00342           0,02051
           5,70000        -129,71500         -34,70800         -10,72600         -37,93960           0,05237
           5,75000        -129,71500         -34,70800         -10,72700         -38,51394           0,05874
           5,80000        -129,71500         -34,70800         -10,77700         -38,64157           0,04600
           5,85000        -129,71500         -34,70800         -10,77800         -38,83301           0,02688
           5,90000        -129,71500         -34,70800         -10,80600         -37,74816          -0,01136
           5,95000        -129,71500         -34,70700         -10,82700         -38,25868          -0,00498
           6,00000        -129,71500         -34,70800         -10,82800         -37,68434           0,03325
           6,05000        -129,71500         -34,70800         -10,87400         -38,64157           0,04600
           6,10000        -129,71500         -34,70800         -10,87800         -38,25868           0,03963
           6,15000        -129,71500         -34,70900         -10,87800         -38,13105           0,00139
           6,20000        -129,71500         -34,70800         -10,93000         -38,00342          -0,00498
           6,25000        -129,71500         -34,70900         -10,92900         -38,25868           0,03963
           6,30000        -129,71500         -34,70900         -10,93000         -38,51394           0,05237
           6,35000        -129,71500         -34,70800         -10,97800         -37,87579           0,01413
           6,40000        -129,71500         -34,70900         -10,98000         -37,55671           0,04600
           6,45000        -129,71500         -34,70900         -11,03000         -38,06723           0,03325
           6,50000        -129,71400         -34,70800         -11,03000         -37,87579           0,02688
           6,55000        -129,71500         -34,70900         -11,03000         -37,74816           0,02688
           6,60000        -129,71600         -34,70800         -11,07900         -38,45012          -0,03047
           6,65000        -129,71600         -34,70900         -11,08000         -38,06723          -0,01773
           6,70000        -129,71600         -34,70800         -11,12800         -38,32249           0,05237
           6,75000        -129,71600         -34,70800         -11,12900         -38,19486           0,02051
           6,80000        -129,71500         -34,70900         -11,12900         -38,32249           0,07149
           6,85000        -129,71600         -34,70800         -11,18000         -38,13105           0,03325
           6,90000        -129,71500         -34,70900         -11,17900         -38,38631           0,02051
           6,95000        -129,71500         -34,70800         -11,22900         -38,57775           0,03963
           7,00000        -129,71500         -34,70900         -11,22900         -38,00342           0,07149
           7,05000        -129,71500         -34,70800         -11,23000         -38,13105           0,03325
           7,10000        -129,71500         -34,70800         -11,27900         -38,19486          -0,00498
           7,15000        -129,71500         -34,70800         -11,28000         -38,25868           0,01413
           7,20000        -129,71500         -34,70800         -11,28000         -37,81197           0,03963
           7,25000        -129,71500         -34,70900         -11,32800         -38,13105          -0,00498
           7,30000        -129,71500         -34,70900         -11,33000         -38,19486           0,02688
           7,35000        -129,71400         -34,70800         -11,38000         -38,06723          -0,00498
           7,40000        -129,71600         -34,70800         -11,38000         -37,74816           0,02688
           7,45000        -129,71500         -34,70900         -11,38000         -38,32249          -0,00498
           7,50000        -129,71500         -34,70900         -11,42900         -37,74816           0,03325
           7,55000        -129,71600         -34,70900         -11,43000         -38,19486           0,00139
           7,60000        -129,71500         -34,70800         -11,48100         -38,19486           0,02051
           7,65000        -129,71500         -34,70800         -11,48200         -37,87579           0,04600
           7,70000        -129,71500         -34,70900         -11,48200         -38,32249           0,00139
           7,75000        -129,71600         -34,70900         -11,52700         -38,45012           0,00776
           7,80000        -129,71600         -34,70900         -11,52900         -37,81197           0,00776
           7,85000        -129,71600         -34,70900         -11,52900         -38,13105          -0,00498
           7,90000        -129,71600         -34,70900         -11,58000         -37,87579           0,02051
           7,95000        -129,71500         -34,70900         -11,58000         -38,38631           0,02051
           8,00000        -129,71500         -34,70900         -11,58000         -38,06723           0,00776
           8,05000        -129,71500         -34,70900         -11,62900         -38,06723           0,04600
           8,10000        -129,71500         -34,70900         -11,63000         -38,19486          -0,00498
           8,15000        -129,71500         -34,70900         -11,67900         -38,57775           0,02688
           8,20000        -129,71500         -34,70800         -11,68000         -38,00342          -0,01136
           8,25000        -129,71500         -34,70900         -11,68000         -37,93960           0,02051
           8,30000        -129,71500         -34,70900         -11,69700         -38,25868           0,00139
           8,35000        -129,71500         -34,70900         -11,72900         -37,81197           0,01413
           8,40000        -129,71500         -34,70900         -11,73000         -38,19486           0,02688
           8,45000        -129,71600         -34,70800         -11,77900         -37,87579           0,00776
           8,50000        -129,71500         -34,70900         -11,78000         -38,13105           0,01413
           8,55000        -129,71600         -34,70800         -11,77900         -38,00342           0,00776
           8,60000        -129,71500         -34,70800         -11,83100         -37,62053           0,02051
           8,65000        -129,71400         -34,70800         -11,83000         -37,81197           0,02051
           8,70000        -129,71500         -34,70800         -11,83100         -38,32249           0,04600
           8,75000        -129,71500         -34,70900         -11,88000         -37,87579           0,01413
           8,80000        -129,71500         -34,70900         -11,88000         -37,74816           0,04600
           8,85000        -129,71500         -34,70800         -11,88100         -38,25868          -0,01773
           8,90000        -129,71600         -34,70800         -11,93100         -37,74816           0,02688
           8,95000        -129,71500         -34,70900         -11,93200         -38,45012           0,00776
           9,00000        -129,71500         -34,70900         -11,98000         -37,62053           0,02051
           9,05000        -129,71500         -34,70900         -11,98000         -37,81197           0,00776
           9,10000        -129,71500         -34,70800         -11,98000         -38,38631           0,03325
           9,15000        -129,71500         -34,70800         -12,03100         -38,00342           0,03963
           9,20000        -129,71500         -34,70900         -12,03100         -38,19486           0,00139
           9,25000        -129,71600         -34,70800         -12,03100         -37,62053           0,04600
           9,30000        -129,71600         -34,70900         -12,08100         -37,68434          -0,01773
           9,35000        -129,71500         -34,70900         -12,08100         -38,06723           0,04600
           9,40000        -129,71600         -34,70900         -12,10500         -38,32249           0,04600
           9,45000        -129,71500         -34,70900         -12,13100         -37,81197           0,02051
           9,50000        -129,71500         -34,70900         -12,13200         -38,32249           0,01413
           9,55000        -129,71500         -34,71000         -12,13200         -37,62053           0,02051
           9,60000        -129,71500         -34,70900         -12,18100         -38,19486           0,00139
           9,65000        -129,71500         -34,70900         -12,18200         -38,19486           0,02051
           9,70000        -129,71500         -34,70900         -12,20400         -38,38631           0,04600
           9,75000        -129,71500         -34,70900         -12,23300         -38,19486           0,03325
           9,80000        -129,71600         -34,70900         -12,23300         -37,42908           0,02688
           9,85000        -129,71600         -34,70900         -12,28100         -38,70538           0,00139
           9,90000        -129,71500         -34,70900         -12,28100         -38,13105           0,04600
           9,95000        -129,71500         -34,70800         -12,28200         -38,00342           0,03963
          10,00000        -129,71400         -34,70900         -12,33300         -38,25868           0,01413
          10,05000        -129,71500         -34,70800         -12,33300         -38,19486           0,02051
          10,10000        -129,71500         -34,70900         -12,33000         -37,81197          -0,01136
          10,15000        -129,71500         -34,70900         -12,38300         -38,25868           0,04600
          10,20000        -129,71600         -34,70900         -12,38300         -37,93960           0,01413
          10,25000        -129,71500         -34,70900         -12,40000         -37,17382           0,05237
          10,30000        -129,71600         -34,70900         -12,43400         -38,25868           0,05874
          10,35000        -129,71600         -34,70900         -12,43400         -37,87579           0,02051
          10,40000        -129,71500         -34,70800         -12,48400         -38,57775           0,02051
          10,45000        -129,71500         -34,70800         -12,48400         -37,55671           0,05237
          10,50000        -129,71500         -34,70800         -12,48500         -38,00342          -0,01773
          10,55000        -129,71500         -34,70900         -12,53500         -37,55671           0,01413
          10,60000        -129,71600         -34,70800         -12,53500         -37,55671          -0,01136
          10,65000        -129,71500         -34,70900         -12,54900         -38,19486           0,05237
          10,70000        -129,71500         -34,70900         -12,58400         -38,45012           0,03325
          10,75000        -129,71500         -34,70900         -12,58400         -37,93960           0,02051
          10,80000        -129,71500         -34,70900         -12,63300         -37,68434           0,02688
          10,85000        -129,71500         -34,70900         -12,63500         -37,81197           0,02051
          10,90000        -129,71500         -34,70900         -12,63400         -38,45012           0,00139
          10,95000        -129,71600         -34,70800         -12,65100         -38,00342           0,02051
          11,00000        -129,71500         -34,70900         -12,68600         -37,87579           0,02051
          11,05000        -129,71400         -34,70800         -12,71200         -38,19486           0,02051
          11,10000        -129,71500         -34,70800         -12,73400         -37,68434          -0,01136
          11,15000        -129,71500         -34,70900         -12,73400         -38,19486           0,01413
          11,20000        -129,71500         -34,70900         -12,74100         -38,00342           0,00139
          11,25000        -129,71500         -34,70800         -12,78400         -37,42908          -0,01136
          11,30000        -129,71500         -34,70900         -12,83300         -38,13105           0,03325
          11,35000        -129,71500         -34,70900         -12,83600         -38,57775           0,02051
          11,40000        -129,71600         -34,70800         -12,83500         -38,00342          -0,01136
          11,45000        -129,71500         -34,70800         -12,88600         -38,13105           0,01413
          11,50000        -129,71600         -34,70800         -12,88500         -38,00342           0,03963
          11,55000        -129,71500         -34,70900         -12,93300         -38,00342           0,03325
          11,60000        -129,71500         -34,70900         -12,93400         -38,25868           0,00776
          11,65000        -129,71500         -34,70900         -12,93400         -38,00342           0,03325
          11,70000        -129,71600         -34,70900         -12,98500         -38,19486           0,00139
          11,75000        -129,71500         -34,70900         -12,98500         -38,45012           0,03325
          11,80000        -129,71500         -34,70800         -13,03400         -38,00342           0,01413
          11,85000        -129,71500         -34,70800         -13,03400         -38,25868          -0,00498
          11,90000        -129,71500         -34,70900         -13,03500         -38,51394           0,01413
          11,95000        -129,71600         -34,70800         -13,03500         -38,38631           0,01413
          12,00000        -129,71500         -34,70900         -13,08500         -37,74816           0,02688
          12,05000        -129,71500         -34,70900         -13,08500         -38,19486           0,01413
          12,10000        -129,71500         -34,70900         -13,13500         -37,87579           0,02688
          12,15000        -129,71500         -34,70900         -13,13400         -37,81197           0,00776
          12,20000        -129,71600         -34,70800         -13,13700         -38,06723           0,04600
          12,25000        -129,71500         -34,70900         -13,18300         -38,13105           0,01413
          12,30000        -129,71500         -34,70800         -13,18500         -37,93960          -0,00498
          12,35000        -129,71600         -34,70900         -13,18600         -38,38631           0,02688
          12,40000        -129,71600         -34,70800         -13,23400         -38,70538           0,05237
          12,45000        -129,71600         -34,70900         -13,23500         -38,51394          -0,00498
          12,50000        -129,71600         -34,70800         -13,28600         -37,87579           0,02688
          12,55000        -129,71600         -34,70900         -13,28500         -38,19486          -0,03047
          12,60000        -129,71500         -34,70900         -13,28500         -38,70538           0,02688
          12,65000        -129,71600         -34,70800         -13,33400         -37,81197          -0,01136
          12,70000        -129,71500         -34,70800         -13,33400         -37,93960           0,05874
          12,75000        -129,71500         -34,70800         -13,33500         -38,06723           0,00776
          12,80000        -129,71500         -34,70900         -13,38500         -37,87579           0,00776
          12,85000        -129,71500         -34,70900         -13,38500         -38,25868           0,00776
          12,90000        -129,71600         -34,70900         -13,43400         -37,36527           0,03963
          12,95000        -129,71500         -34,70800         -13,43600         -38,25868           0,05874
          13,00000        -129,71500         -34,70800         -13,43600         -38,25868           0,03963
          13,05000        -129,71600         -34,70800         -13,48500         -37,68434           0,02051
          13,10000        -129,71600         -34,70800         -13,48500         -38,13105           0,03963
          13,15000        -129,71600         -34,70900         -13,51900         -37,93960           0,03963
          13,20000        -129,71600         -34,70800         -13,53700         -38,00342           0,00776
          13,25000        -129,71500         -34,70800         -13,53700         -37,62053           0,03963
          13,30000        -129,71500         -34,70900         -13,56100         -38,45012           0,00776
          13,35000        -129,71600         -34,70800         -13,58600         -38,00342           0,00776
          13,40000        -129,71600         -34,70800         -13,58700         -37,74816           0,02051
          13,45000        -129,71600         -34,70800         -13,63500         -37,93960           0,00776
          13,50000        -129,71500         -34,70900         -13,63600         -38,19486           0,04600
          13,55000        -129,71600         -34,70800         -13,63600         -38,19486           0,02688
          13,60000        -129,71600         -34,70900         -13,68600         -38,13105           0,04600
          13,65000        -129,71700         -34,70900         -13,68600         -37,93960           0,00139
          13,70000        -129,71600         -34,70800         -13,68600         -38,38631           0,00139
          13,75000        -129,71600         -34,70900         -13,73500         -37,87579           0,03325
          13,80000        -129,71600         -34,70900         -13,73600         -38,13105           0,00776
          13,85000        -129,71600         -34,70900         -13,78600         -38,32249           0,03963
          13,90000        -129,71500         -34,70900         -13,78700         -38,06723           0,02688
          13,95000        -129,71500         -34,70900         -13,78700         -38,51394           0,03325
          14,00000        -129,71600         -34,70900         -13,83600         -37,68434           0,02051
          14,05000        -129,71500         -34,70900         -13,83600         -37,62053           0,02688
          14,10000        -129,71600         -34,70900         -13,88600         -37,81197           0,03325
          14,15000        -129,71600         -34,71000         -13,88600         -37,93960           0,01413
          14,20000        -129,71600         -34,70900         -13,88600         -37,49290           0,01413
          14,25000        -129,71500         -34,70900         -13,93700         -38,00342           0,00139
          14,30000        -129,71500         -34,70900         -13,93800         -37,68434           0,00776
          14,35000        -129,71600         -34,70900         -13,98700         -37,81197           0,02688
          14,40000        -129,71600         -34,70900         -13,98700         -37,62053           0,01413
          14,45000        -129,71600         -34,70900         -13,98800         -38,38631           0,00776
          14,50000        -129,71500         -34,70900         -14,03700         -37,93960           0,00139
          14,55000        -129,71600         -34,70900         -14,03700         -38,32249           0,03325
          14,60000        -129,71600         -34,70900         -14,08500         -38,00342           0,04600
          14,65000        -129,71500         -34,70800         -14,08800         -37,68434           0,00776
          14,70000        -129,71500         -34,70800         -14,08900         -37,93960           0,03325
          14,75000        -129,71600         -34,70800         -14,14000         -37,87579          -0,01773
          14,80000        -129,71600         -34,70900         -14,13700         -37,74816           0,01413
          14,85000        -129,71500         -34,70800         -14,13700         -37,81197           0,03325
          14,90000        -129,71600         -34,70800         -14,16200         -37,62053           0,03963
          14,95000        -129,71500         -34,70900         -14,18600         -38,13105           0,03325
          15,00000        -129,71500         -34,70900         -14,19300         -37,87579          -0,01773
          15,05000        -129,71500         -34,70900         -14,23600         -38,51394           0,01413
          15,10000        -129,71500         -34,70900         -14,23700         -38,25868           0,03963
          15,15000        -129,71500         -34,70900         -14,23700         -36,91856           0,03325
          15,20000        -129,71500         -34,70800         -14,28900         -38,13105           0,04600
          15,25000        -129,71600         -34,70900         -14,29000         -37,55671           0,05237
          15,30000        -129,71600         -34,70900         -14,33600         -37,93960           0,05237
          15,35000        -129,71600         -34,70900         -14,33800         -37,87579           0,02051
          15,40000        -129,71600         -34,70900         -14,33800         -37,87579           0,02688
          15,45000        -129,71600         -34,70900         -14,38700         -37,87579           0,02051
          15,50000        -129,71700         -34,70900         -14,38900         -37,74816           0,03963
          15,55000        -129,71600         -34,70900         -14,38900         -38,51394           0,05874
          15,60000        -129,71600         -34,70900         -14,43700         -38,00342           0,02688
          15,65000        -129,71600         -34,70900         -14,43600         -37,55671          -0,01136
          15,70000        -129,71700         -34,70900         -14,46400         -38,13105           0,06512
          15,75000        -129,71600         -34,70900         -14,48700         -37,55671           0,01413
          15,80000        -129,71600         -34,70900         -14,48800         -37,93960           0,02051
          15,85000        -129,71600         -34,70900         -14,53700         -38,06723           0,00139
          15,90000        -129,71600         -34,70900         -14,53600         -37,74816          -0,00498
          15,95000        -129,71600         -34,70900         -14,54900         -37,62053           0,00139
          16,00000        -129,71500         -34,70900         -14,58600         -37,62053           0,04600
          16,05000        -129,71600         -34,70900         -14,58600         -38,25868           0,04600
          16,10000        -129,71500         -34,70900         -14,62300         -37,93960           0,08424
          16,15000        -129,71600         -34,70900         -14,63600         -37,74816           0,00139
          16,20000        -129,71500         -34,70900         -14,63700         -37,62053           0,00776
          16,25000        -129,71600         -34,70900         -14,63700         -37,68434           0,00776
          16,30000        -129,71600         -34,70900         -14,68700         -37,62053           0,03963
          16,35000        -129,71600         -34,70900         -14,68700         -37,81197           0,00139
          16,40000        -129,71500         -34,70900         -14,73700         -37,81197           0,00776
          16,45000        -129,71500         -34,70900         -14,73800         -37,36527           0,02688
          16,50000        -129,71600         -34,70900         -14,73800         -37,55671           0,03963
          16,55000        -129,71600         -34,70900         -14,78500         -38,19486           0,06512
          16,60000        -129,71500         -34,70900         -14,78700         -37,87579           0,03325
          16,65000        -129,71400         -34,70900         -14,81400         -38,13105           0,02051
          16,70000        -129,71500         -34,70900         -14,83600         -38,00342           0,01413
          16,75000        -129,71500         -34,70900         -14,83700         -37,49290           0,02688
          16,80000        -129,71500         -34,70900         -14,85400         -37,93960           0,02688
          16,85000        -129,71500         -34,70900         -14,88800         -37,55671           0,02051
          16,90000        -129,71400         -34,70900         -14,92400         -37,68434           0,04600
          16,95000        -129,71500         -34,70900         -14,93700         -37,23764           0,01413
          17,00000        -129,71500         -34,70800         -14,93600         -38,13105          -0,00498
          17,05000        -129,71500         -34,70800         -14,93600         -37,62053           0,03325
          17,10000        -129,71500         -34,70800         -14,98600         -37,87579           0,00776
          17,15000        -129,71500         -34,70800         -14,98700         -37,62053           0,00776
          17,20000        -129,71500         -34,70900         -15,03600         -37,23764           0,00139
          17,25000        -129,71600         -34,70900         -15,03700         -37,23764           0,01413
          17,30000        -129,71500         -34,70900         -15,03700         -37,49290           0,00776
          17,35000        -129,71500         -34,70900         -15,08600         -38,38631           0,05237
          17,40000        -129,71500         -34,70800         -15,08700         -38,19486           0,02688
          17,45000        -129,71600         -34,70900         -15,08700         -38,00342           0,02688
          17,50000        -129,71600         -34,70800         -15,13700         -37,62053           0,02051
          17,55000        -129,71600         -34,70900         -15,13700         -38,06723           0,05874
          17,60000        -129,71500         -34,70800         -15,13600         -37,68434          -0,01136
          17,65000        -129,71500         -34,70800         -15,18500         -37,62053           0,02688
          17,70000        -129,71500         -34,70900         -15,18600         -37,49290           0,05874
          17,75000        -129,71500         -34,70900         -15,18600         -37,81197           0,02051
          17,80000        -129,71500         -34,70900         -15,23400         -38,38631          -0,00498
          17,85000        -129,71600         -34,70900         -15,23500         -38,00342           0,00139
          17,90000        -129,71500         -34,70900         -15,23500         -37,93960           0,03963
          17,95000        -129,71600         -34,70900         -15,28600         -38,00342          -0,04959
          18,00000        -129,71500         -34,70900         -15,28600         -37,81197           0,03325
          18,05000        -129,71600         -34,70900         -15,33700         -38,13105           0,04600
          18,10000        -129,71500         -34,70800         -15,33700         -37,62053           0,02688
          18,15000        -129,71500         -34,70900         -15,33700         -37,81197           0,03963
          18,20000        -129,71400         -34,70900         -15,37800         -37,30145           0,03325
          18,25000        -129,71500         -34,70900         -15,38700         -37,55671          -0,00498
          18,30000        -129,71700         -34,70900         -15,38600         -37,87579           0,04600
          18,35000        -129,71600         -34,70900         -15,43600         -38,06723           0,00139
          18,40000        -129,71600         -34,70800         -15,43600         -37,93960           0,00139
          18,45000        -129,71500         -34,70800         -15,43700         -37,81197          -0,00498
          18,50000        -129,71500         -34,70900         -15,48500         -37,81197          -0,01136
          18,55000        -129,71500         -34,70900         -15,48600         -37,62053           0,01413
          18,60000        -129,71500         -34,70800         -15,53500         -36,98238           0,03963
          18,65000        -129,71500         -34,70800         -15,53500         -36,91856           0,03963
          18,70000        -129,71500         -34,70900         -15,53600         -36,79093           0,01413
          18,75000        -129,71600         -34,70900         -15,58600         -37,74816          -0,01773
          18,80000        -129,71600         -34,70800         -15,58700         -37,49290          -0,00498
          18,85000        -129,71500         -34,70800         -15,58600         -37,30145           0,00776
          18,90000        -129,71500         -34,70800         -15,63500         -37,49290           0,05237
          18,95000        -129,71500         -34,70900         -15,63500         -37,04619           0,00139
          19,00000        -129,71600         -34,70900         -15,63500         -36,98238           0,03325
          19,05000        -129,71600         -34,70900         -15,68500         -37,68434           0,05237
          19,10000        -129,71600         -34,70900         -15,68600         -37,30145           0,00776
          19,15000        -129,71600         -34,70900         -15,73100         -37,04619           0,05237
          19,20000        -129,71600         -34,70900         -15,73500         -37,04619           0,02051
          19,25000        -129,71600         -34,70800         -15,73500         -36,72712           0,00139
          19,30000        -129,71400         -34,70900         -15,78400         -37,17382           0,00139
          19,35000        -129,71600         -34,70900         -15,78500         -36,53567           0,03963
          19,40000        -129,71600         -34,70900         -15,78600         -37,11001           0,03325
          19,45000        -129,71600         -34,70800         -15,83500         -36,85475           0,02688
          19,50000        -129,71600         -34,70800         -15,83500         -37,04619           0,00776
          19,55000        -129,71500         -34,70900         -15,87500         -36,40804          -0,01136
          19,60000        -129,71600         -34,70900         -15,88500         -36,53567           0,05874
          19,65000        -129,71600         -34,70900         -15,88500         -36,28041           0,02688
          19,70000        -129,71600         -34,70900         -15,93500         -37,11001           0,04600
          19,75000        -129,71600         -34,70900         -15,93500         -37,04619           0,02051
          19,80000        -129,71600         -34,70900         -15,93600         -37,11001           0,05237
          19,85000        -129,71600         -34,70900         -15,98300         -36,40804           0,03325
          19,90000        -129,71600         -34,70900         -15,98400         -36,21659           0,00776
          19,95000        -129,71600         -34,70800         -16,02000         -36,59949           0,00776
          20,00000        -129,71600         -34,70800         -16,03600         -36,85475          -0,00498
          20,05000        -129,71600         -34,70800         -16,03500         -36,28041           0,01413
          20,10000        -129,71600         -34,70800         -16,06400         -36,28041           0,00139
          20,15000        -129,71500         -34,70800         -16,08400         -36,66330           0,01413
          20,20000        -129,71600         -34,70800         -16,08500         -36,85475           0,00776
          20,25000        -129,71600         -34,70800         -16,08500         -36,66330           0,02051
          20,30000        -129,71600         -34,70900         -16,13600         -34,68503           0,03963
          20,35000        -129,71500         -34,70900         -16,13500         -36,28041           0,03963
          20,40000        -129,71500         -34,70900         -16,18500         -36,47186           0,03325
          20,45000        -129,71600         -34,70900         -16,18600         -36,40804           0,03963
          20,50000        -129,71600         -34,70900         -16,18700         -36,47186           0,03963
          20,55000        -129,71500         -34,70800         -16,23600         -33,47255           0,02688
          20,60000        -129,71500         -34,70800         -16,23600         -36,72712           0,00776
          20,65000        -129,71500         -34,70800         -16,28500         -36,66330           0,04600
          20,70000        -129,71500         -34,70800         -16,28600         -36,47186           0,03325
          20,75000        -129,71500         -34,70800         -16,28600         -36,53567          -0,00498
          20,80000        -129,71400         -34,70900         -16,33500         -33,21729           0,06512
          20,85000        -129,71500         -34,70800         -16,33500         -36,28041          -0,01136
          20,90000        -129,71500         -34,70900         -16,38500         -35,51463          -0,01773
          20,95000        -129,71600         -34,70900         -16,38500         -35,96133           0,00776
          21,00000        -129,71500         -34,70800         -16,38600         -35,76989           0,04600
          21,05000        -129,71500         -34,70900         -16,40700         -32,77058           0,01413
          21,10000        -129,71600         -34,70900         -16,43700         -34,42977           0,00776
          21,15000        -129,71600         -34,70900         -16,43700         -35,70607           0,05237
          21,20000        -129,71600         -34,70900         -16,43800         -32,45150           0,03325
          21,25000        -129,71600         -34,70800         -16,48600         -33,53636           0,02688
          21,30000        -129,71600         -34,70900         -16,48600         -31,23902           0,03963
          21,35000        -129,71600         -34,70900         -16,48600         -36,08896           0,02051
          21,40000        -129,71600         -34,70800         -16,53100         -33,40873           0,04600
          21,45000        -129,71600         -34,70800         -16,53500         -33,91925           0,06512
          21,50000        -129,71600         -34,70800         -16,53500         -33,91925           0,05237
          21,55000        -129,71600         -34,70800         -16,58400         -34,04688           0,03325
          21,60000        -129,71600         -34,70800         -16,58500         -34,23833           0,02051
          21,65000        -129,71500         -34,70900         -16,58500         -32,83439           0,03325
          21,70000        -129,71600         -34,70900         -16,63400         -30,91994           0,05874
          21,75000        -129,71600         -34,70900         -16,68100         -31,11139           0,04600
          21,80000        -129,71600         -34,70900         -16,68600         -32,64295           0,04600
          21,85000        -129,71600         -34,70900         -16,68600         -33,98307          -0,00498
          21,90000        -129,71600         -34,70900         -16,68600         -35,51463           0,03325
          21,95000        -129,71600         -34,70900         -16,73600         -29,89890           0,01413
          22,00000        -129,71500         -34,70900         -16,73600         -34,81266           0,00139
          22,05000        -129,71600         -34,70900         -16,78500         -33,40873           0,03325
          22,10000        -129,71600         -34,70900         -16,78500         -30,72850           0,02688
          22,15000        -129,71600         -34,70900         -16,78500         -29,89890           0,03325
          22,20000        -129,71500         -34,71000         -16,83400         -34,17451           0,04600
          22,25000        -129,71600         -34,70900         -16,83400         -30,28179           0,00776
          22,30000        -129,71500         -34,71000         -16,84300         -30,98376           0,03325
          22,35000        -129,71600         -34,70900         -16,88600         -30,09035           0,00776
          22,40000        -129,71600         -34,70900         -16,88600         -31,55809           0,01413
          22,45000        -129,71600         -34,70900         -16,89600         -33,60018           0,03325
          22,50000        -129,71500         -34,70900         -16,93500         -29,13312           0,03325
          22,55000        -129,71500         -34,70900         -16,93600         -33,60018           0,01413
          22,60000        -129,71600         -34,70900         -16,98400         -33,53636           0,05237
          22,65000        -129,71500         -34,70900         -16,98500         -34,87648           0,02688
          22,70000        -129,71500         -34,70900         -16,98500         -35,06792           0,02688
          22,75000        -129,71600         -34,70900         -17,03200         -34,55740           0,07149
          22,80000        -129,71600         -34,70900         -17,03600         -33,72781          -0,00498
          22,85000        -129,71600         -34,70900         -17,03600         -30,98376           0,04600
          22,90000        -129,71600         -34,70800         -17,08500         -32,64295           0,00139
          22,95000        -129,71600         -34,70900         -17,08600         -33,98307           0,02688
          23,00000        -129,71600         -34,70900         -17,08600         -33,02584           0,04600
          23,05000        -129,71600         -34,70900         -17,13400         -33,66399           0,05237
          23,10000        -129,71600         -34,70900         -17,13600         -30,66468           0,00139
          23,15000        -129,71600         -34,70900         -17,18600         -34,23833           0,03963
          23,20000        -129,71600         -34,70900         -17,18600         -35,06792           0,01413
          23,25000        -129,71600         -34,70800         -17,21400         -31,23902          -0,00498
          23,30000        -129,71600         -34,70900         -17,23500         -29,13312           0,02051
          23,35000        -129,71600         -34,70900         -17,23500         -30,15416           0,04600
          23,40000        -129,71600         -34,70900         -17,28600         -30,53705           0,03325
          23,45000        -129,71600         -34,70900         -17,28600         -32,57913           0,03963
          23,50000        -129,71600         -34,70900         -17,28600         -35,13174          -0,00498
          23,55000        -129,71700         -34,71000         -17,30200         -35,76989           0,03325
          23,60000        -129,71600         -34,70900         -17,33400         -30,98376           0,04600
          23,65000        -129,71600         -34,70900         -17,38400         -35,38700          -0,00498
          23,70000        -129,71700         -34,70900         -17,38400         -35,19555           0,03963
          23,75000        -129,71700         -34,70900         -17,38500         -34,04688          -0,00498
          23,80000        -129,71600         -34,70900         -17,38500         -32,06861          -0,01136
          23,85000        -129,71600         -34,70900         -17,43500         -33,98307           0,00776
          23,90000        -129,71600         -34,70900         -17,43500         -35,96133           0,04600
          23,95000        -129,71600         -34,70900         -17,43600         -35,76989           0,02688
          24,00000        -129,71500         -34,70900         -17,48400         -34,55740          -0,00498
          24,05000        -129,71600         -34,70900         -17,48500         -34,30214           0,04600
          24,10000        -129,71600         -34,70900         -17,53400         -34,55740           0,00139
          24,15000        -129,71600         -34,70900         -17,53500         -34,11070           0,05237
          24,20000        -129,71600         -34,70900         -17,53600         -35,00411          -0,00498
          24,25000        -129,71600         -34,70900         -17,58400         -35,19555           0,03963
          24,30000        -129,71600         -34,70900         -17,58500         -35,89752          -0,00498
          24,35000        -129,71600         -34,70900         -17,58400         -34,81266           0,05237
          24,40000        -129,71600         -34,70900         -17,63500         -35,96133          -0,00498
          24,45000        -129,71600         -34,70900         -17,63500         -35,00411           0,00139
          24,50000        -129,71500         -34,70800         -17,67100         -36,08896           0,00139
          24,55000        -129,71600         -34,70900         -17,68400         -32,38769          -0,00498
          24,60000        -129,71600         -34,70900         -17,68400         -33,60018           0,02688
          24,65000        -129,71600         -34,70900         -17,73400         -32,96203           0,00776
          24,70000        -129,71600         -34,70800         -17,73500         -34,62122           0,02688
          24,75000        -129,71600         -34,70900         -17,73500         -35,13174           0,03963
          24,80000        -129,71600         -34,70900         -17,78500         -33,79162           0,02688
          24,85000        -129,71600         -34,70900         -17,78500         -34,17451           0,03963
          24,90000        -129,71600         -34,70800         -17,79600         -36,08896           0,04600
          24,95000        -129,71600         -34,70800         -17,83400         -36,02515           0,01413
          25,00000        -129,71600         -34,70900         -17,83500         -32,06861           0,00776
          25,05000        -129,71500         -34,70900         -17,88500         -35,25937          -0,01136
          25,10000        -129,71600         -34,70900         -17,88600         -34,11070           0,02051
          25,15000        -129,71600         -34,70900         -17,88500         -35,19555           0,03325
          25,20000        -129,71500         -34,70900         -17,93400         -33,28110          -0,01136
          25,25000        -129,71500         -34,70900         -17,93300         -32,26006           0,02688
          25,30000        -129,71500         -34,70900         -17,93400         -31,04757           0,02051
          25,35000        -129,71500         -34,70900         -17,93400         -27,79300           0,05237
          25,40000        -129,71500         -34,70900         -17,98600         -36,08896           0,00776
          25,45000        -129,71500         -34,70900         -17,98600         -32,89821           0,03963
          25,50000        -129,71600         -34,70900         -18,03400         -30,98376           0,00139
          25,55000        -129,71500         -34,70900         -18,03500         -29,06930           0,03963
          25,60000        -129,71500         -34,70900         -18,03500         -27,15485           0,00139
          25,65000        -129,71600         -34,71000         -18,08400         -35,38700           0,03325
          25,70000        -129,71600         -34,70900         -18,08500         -27,34630           0,03963
          25,75000        -129,71500         -34,70800         -18,08600         -30,47324           0,05237
          25,80000        -129,71600         -34,70900         -18,13600         -25,94237           0,03963
          25,85000        -129,71600         -34,70900         -18,13600         -29,00549           0,00139
          25,90000        -129,71600         -34,70900         -18,15400         -34,17451           0,03963
          25,95000        -129,71600         -34,70900         -18,18400         -26,07000          -0,00498
          26,00000        -129,71600         -34,70900         -18,18400         -29,77127           0,00776
          26,05000        -129,71500         -34,70900         -18,23400         -24,09173          -0,00498
          26,10000        -129,71500         -34,70900         -18,23500         -27,34630           0,02688
          26,15000        -129,71500         -34,70900         -18,28200         -34,94029           0,02688
          26,20000        -129,71500         -34,70900         -18,28500         -20,26282          -0,00498
          26,25000        -129,71500         -34,70800         -18,28500         -24,41080           0,00776
          26,30000        -129,71500         -34,70900         -18,33400         -20,19901           0,00776
          26,35000        -129,71500         -34,70900         -18,33500         -22,94306          -0,00498
          26,40000        -129,71500         -34,70900         -18,33500         -34,74885           0,02051
          26,45000        -129,71500         -34,70900         -18,38500         -19,56086           0,01413
          26,50000        -129,71500         -34,70800         -18,38500         -18,53981          -0,02410
          26,55000        -129,71500         -34,70800         -18,43200         -17,45496           0,01413
          26,60000        -129,71500         -34,70900         -18,43600         -16,11484           0,02051
          26,65000        -129,71500         -34,70900         -18,43600         -18,22074           0,01413
          26,70000        -129,71500         -34,70900         -18,43700         -24,02791           0,02051
          26,75000        -129,71500         -34,70900         -18,48600         -27,34630           0,00776
          26,80000        -129,71500         -34,70900         -18,48700         -33,85544           0,01413
          26,85000        -129,71500         -34,70900         -18,53500         -10,37148          -0,00498
          26,90000        -129,71600         -34,70900         -18,53600         -26,45289           0,05874
          26,95000        -129,71500         -34,70900         -18,53600         -29,19693           0,05237
          27,00000        -129,71500         -34,70900         -18,53600         -33,79162           0,00139
          27,05000        -129,71500         -34,70900         -18,58500         -33,98307           0,03325
          27,10000        -129,71500         -34,70900         -18,58500         -26,64433          -0,01136
          27,15000        -129,71500         -34,70900         -18,63400         -19,30560           0,05237
          27,20000        -129,71600         -34,70900         -18,63600         -25,62329           0,00776
          27,25000        -129,71600         -34,70900         -18,63600         -19,56086           0,02688
          27,30000        -129,71600         -34,70900         -18,68500         -27,85682          -0,01136
          27,35000        -129,71500         -34,70900         -18,68600         -31,49428           0,02688
          27,40000        -129,71500         -34,70900         -18,68000           0,15801          -0,00498
          27,45000        -129,71500         -34,70900         -18,73500         -11,07345           0,00776
          27,50000        -129,71500         -34,70900         -18,73600         -33,66399           0,02051
          27,55000        -129,71500         -34,70900         -18,76400         -33,02584           0,00776
          27,60000        -129,71600         -34,70900         -18,78600         -23,07069           0,03325
          27,65000        -129,71500         -34,70900         -18,78600         -27,47393           0,03325
          27,70000        -129,71500         -34,70900         -18,83500         -24,53843           0,05237
          27,75000        -129,71500         -34,70900         -18,83600         -27,79300          -0,01136
          27,80000        -129,71500         -34,70900         -18,83700         -14,39183           0,02688
          27,85000        -129,71500         -34,70900         -18,88500         -33,79162           0,02688
          27,90000        -129,71600         -34,70900         -18,88600         -33,15347           0,02051
          27,95000        -129,71600         -34,70900         -18,93400         -21,53912          -0,00498
          28,00000        -129,71600         -34,70900         -18,93600         -10,69056           0,03325
          28,05000        -129,71600         -34,70900         -18,93600         -19,81612           0,05874
          28,10000        -129,71600         -34,70900         -18,95800          -6,92547           0,01413
          28,15000        -129,71600         -34,70900         -18,98600         -17,51877           0,02051
          28,20000        -129,71500         -34,70900         -18,98600         -17,58259           0,00776
          28,25000        -129,71600         -34,70900         -19,03700         -31,04757           0,04600
          28,30000        -129,71600         -34,70900         -19,03700         -28,30352           0,00139
          28,35000        -129,71500         -34,70900         -19,08000          -5,39391           0,00776
          28,40000        -129,71600         -34,70900         -19,08600           3,73165           0,00776
          28,45000        -129,71500         -34,70900         -19,08600         -34,11070           0,01413
          28,50000        -129,71600         -34,70900         -19,13600         -35,57844           0,01413
          28,55000        -129,71600         -34,70900         -19,13600         -36,98238           0,01413
          28,60000        -129,71500         -34,70900         -19,13600         -38,38631           0,06512
          28,65000        -129,71500         -34,70900         -19,18600         -38,00342           0,00776
          28,70000        -129,71600         -34,70800         -19,18700         -36,91856           0,00776
          28,75000        -129,71600         -34,70900         -19,23500         -35,89752           0,00776
          28,80000        -129,71600         -34,70900         -19,23700         -37,30145           0,01413
          28,85000        -129,71600         -34,70900         -19,23600         -38,64157          -0,00498
          28,90000        -129,71600         -34,70800         -19,26300         -37,74816           0,05237
          28,95000        -129,71600         -34,70900         -19,28700         -36,53567           0,02688
          29,00000        -129,71600         -34,70900         -19,28700         -37,11001           0,01413
          29,05000        -129,71500         -34,70900         -19,33700         -37,11001           0,00776
          29,10000        -129,71500         -34,70900         -19,33700         -36,47186           0,05237
          29,15000        -129,71600         -34,70900         -19,33700         -37,55671           0,01413
          29,20000        -129,71500         -34,70900         -19,38100         -36,28041           0,03325
          29,25000        -129,71600         -34,70900         -19,38500         -37,11001           0,05874
          29,30000        -129,71600         -34,70900         -19,38500         -36,47186           0,00776
          29,35000        -129,71600         -34,70900         -19,43500         -35,96133           0,03963
          29,40000        -129,71600         -34,70900         -19,43600         -35,13174           0,01413
          29,45000        -129,71500         -34,70900         -19,46100         -36,40804           0,05874
          29,50000        -129,71500         -34,70900         -19,48700         -37,93960           0,00776
          29,55000        -129,71600         -34,70900         -19,48700         -38,06723           0,02688
          29,60000        -129,71600         -34,70900         -19,53400         -36,91856           0,03325
          29,65000        -129,71600         -34,70900         -19,53700         -34,68503           0,03325
          29,70000        -129,71600         -34,70900         -19,53700         -35,25937           0,00139
          29,75000        -129,71600         -34,70900         -19,58700         -32,57913          -0,01136
          29,80000        -129,71600         -34,70900         -19,58600         -34,23833           0,00776
          29,85000        -129,71600         -34,71000         -19,58700         -38,89683          -0,00498
          29,90000        -129,71600         -34,70900         -19,63600         -29,13312           0,03963
          29,95000        -129,71600         -34,70900         -19,63700         -35,64226           0,01413
          30,00000        -129,71600         -34,70900         -19,63600         -36,08896           0,02688
          30,05000        -129,71600         -34,71000         -19,68600         -36,98238          -0,00498
          30,10000        -129,71600         -34,70900         -19,68700         -40,61984           0,00139
          30,15000        -129,71600         -34,70900         -19,73600         -26,45289           0,04600
          30,20000        -129,71600         -34,70900         -19,73700         -32,57913          -0,03685
          30,25000        -129,71600         -34,71000         -19,73700         -34,55740           0,02051
          30,30000        -129,71600         -34,71000         -19,78700         -35,57844           0,03325
          30,35000        -129,71600         -34,70900         -19,78800         -30,28179           0,00139
          30,40000        -129,71600         -34,70900         -19,78900           0,09419           0,00776
          30,45000        -129,71600         -34,70900         -19,83700           1,43431           0,04600
          30,50000        -129,71600         -34,70900         -19,83700         -41,38562           0,02688
          30,55000        -129,71500         -34,71000         -19,88600         -38,64157           0,02051
          30,60000        -129,71600         -34,70900         -19,88700         -37,42908          -0,02410
          30,65000        -129,71600         -34,70900         -19,88700         -38,57775           0,01413
          30,70000        -129,71600         -34,71000         -19,88700         -37,74816           0,02051
          30,75000        -129,71600         -34,70900         -19,93600         112,02586           0,01413
          30,80000        -129,71600         -34,70900         -19,93600         -38,76920           0,02051
          30,85000        -129,71600         -34,70900         -19,98600         -37,68434           0,03325
          30,90000        -129,71500         -34,70900         -19,98600         -39,72642           0,00776
          30,95000        -129,71600         -34,70900         -19,98600         -37,55671           0,03325
          31,00000        -129,71600         -34,70900         -20,03600         172,26730           0,03325
          31,05000        -129,71500         -34,71000         -20,03600         -32,45150           0,03963
          31,10000        -129,71600         -34,70900         -20,03600         -35,45081           0,03325
          31,15000        -129,71600         -34,70900         -20,08600         -37,49290           0,02688
          31,20000        -129,71600         -34,70900         -20,08700         -38,64157           0,03963
          31,25000        -129,71600         -34,70900         -20,08800         161,80163          -0,01136
          31,30000        -129,71600         -34,70800         -20,13700         -43,10862           0,02051
          31,35000        -129,71600         -34,70800         -20,13700         -47,12897           0,04600
          31,40000        -129,71600         -34,70900         -20,18400         -40,74747           0,01413
          31,45000        -129,71600         -34,70800         -20,18600         -46,80990           0,04600
          31,50000        -129,71500         -34,70900         -20,18600         167,67262           0,02688
          31,55000        -129,71600         -34,70900         -20,23600         -34,68503           0,05874
          31,60000        -129,71500         -34,70900         -20,23600         -51,27696           0,00776
          31,65000        -129,71600         -34,71000         -20,23600          14,32496           0,03325
          31,70000        -129,71600         -34,71000         -20,28600         -33,47255          -0,00498
          31,75000        -129,71600         -34,70900         -20,28600         352,86400           0,00139
          31,80000        -129,71600         -34,70900         -20,33700         -38,13105           0,01413
          31,85000        -129,71600         -34,71000         -20,33700         -12,03068           0,01413
          31,90000        -129,71500         -34,70900         -20,33800         -31,43046           0,00139
          31,95000        -129,71500         -34,71000         -20,35300         108,70747           0,02688
          32,00000        -129,71600         -34,70900         -20,38600          11,45328           0,02051
          32,05000        -129,71600         -34,70900         -20,38600          43,55227           0,00776
          32,10000        -129,71500         -34,71000         -20,38700          -1,30974           0,04600
          32,15000        -129,71600         -34,71000         -20,43700         523,12266           0,03325
          32,20000        -129,71600         -34,71000         -20,43800          29,95965          -0,00498
          32,25000        -129,71500         -34,71000         -20,45500         161,41874           0,00139
          32,30000        -129,71500         -34,70900         -20,48800         211,51358           0,07149
          32,35000        -129,71600         -34,70900         -20,48800         340,16480           0,00139
          32,40000        -129,71600         -34,70900         -20,52600         499,57489           0,07149
          32,45000        -129,71600         -34,70900         -20,53700         541,30996           0,03963
          32,50000        -129,71600         -34,71000         -20,53800         239,40078           0,02688
          32,55000        -129,71600         -34,70900         -20,58600         224,34041          -0,00498
          32,60000        -129,71600         -34,70900         -20,58700         482,02574           0,00139
          32,65000        -129,71600         -34,71000         -20,58800         550,69078           0,03963
          32,70000        -129,71600         -34,71000         -20,63500         890,37850          -0,01136
          32,75000        -129,71600         -34,70900         -20,63700         844,43164           0,02688
          32,80000        -129,71600         -34,70900         -20,63700         865,10772          -0,01136
          32,85000        -129,71600         -34,71000         -20,68600         947,93971           0,02688
          32,90000        -129,71600         -34,71000         -20,68700         382,34658           0,00776
          32,95000        -129,71600         -34,70900         -20,68600         970,78551           0,07149
          33,00000        -129,71600         -34,71000         -20,68700         991,84449           0,05874
          33,05000        -129,71600         -34,71000         -19,16600         -37,74816           0,01413
          33,10000        -129,71500         -34,70900         -10,07800         -39,15209           0,00139
          33,15000        -129,71500         -34,70900         -10,07800         -38,64157          -0,00498
          33,20000        -129,71500         -34,70800         -10,07800         -38,13105           0,03963
          33,25000        -129,71500         -34,70900         -10,07800         -38,64157           0,00139
          33,30000        -129,71500         -34,70800         -10,07800         -38,25868           0,03963
          33,35000        -129,71500         -34,70800         -10,07800         -39,08827          -0,01773
          33,40000        -129,71600         -34,70800         -10,07800         -38,76920           0,03325
          33,45000        -129,71500         -34,70800         -10,07900         -39,40735           0,02051
          33,50000        -129,71500         -34,70900         -10,07800         -38,45012          -0,00498
          33,55000        -129,71600         -34,70800         -10,07800         -38,19486           0,03325
          33,60000        -129,71500         -34,70800         -10,07800         -38,57775           0,03325
          33,65000        -129,71500         -34,70900         -10,07900         -39,85405           0,02688
          33,70000        -129,71500         -34,70800         -10,07800         -39,21590           0,04600
          33,75000        -129,71500         -34,70800         -10,07900         -38,76920           0,05237
          33,80000        -129,71500         -34,70800         -10,07800         -38,13105          -0,00498
          33,85000        -129,71500         -34,70900         -10,07900         -39,08827           0,04600
          33,90000        -129,71500         -34,70900         -10,07900         -39,02446          -0,00498
          33,95000        -129,71500         -34,70900         -10,07800         -39,53498           0,06512
          34,00000        -129,71600         -34,70800         -10,07800         -38,57775           0,02688
          34,05000        -129,71600         -34,70800         -10,07900         -38,13105           0,07149
          34,10000        -129,71600         -34,70900         -10,07800         -38,83301           0,00776
          34,15000        -129,71500         -34,70900         -10,07800         -38,70538          -0,00498
          34,20000        -129,71600         -34,70900         -10,07900         -39,47116           0,03963
          34,25000        -129,71600         -34,70800         -10,07800         -38,83301           0,03325
          34,30000        -129,71600         -34,70800         -10,07900         -38,13105           0,02051
          34,35000        -129,71500         -34,70800         -10,07800         -39,02446           0,01413
          34,40000        -129,71500         -34,70900         -10,07800         -38,70538           0,00776
          34,45000        -129,71600         -34,70900         -10,07800         -39,08827           0,03963
          34,50000        -129,71500         -34,70800         -10,07800         -38,57775           0,00776
          34,55000        -129,71600         -34,70800         -10,07900         -38,89683           0,00776
          34,60000        -129,71500         -34,70800         -10,07900         -38,70538           0,05874
          34,65000        -129,71600         -34,70900         -10,07900         -38,76920           0,03963
          34,70000        -129,71600         -34,70800         -10,07900         -39,40735           0,01413
          34,75000        -129,71500         -34,70800         -10,07800         -38,83301           0,05237
          34,80000        -129,71600         -34,70900         -10,07900         -38,38631           0,02688
          34,85000        -129,71600         -34,70800         -10,07800         -38,13105           0,02688
          34,90000        -129,71500         -34,70800         -10,07800         -39,02446           0,00776
          34,95000        -129,71500         -34,70800         -10,07800         -39,08827           0,03963
          35,00000        -129,71600         -34,70800         -10,07800         -38,96064           0,01413
          35,05000        -129,71600         -34,70800         -10,07800         -38,64157           0,00776
          35,10000        -129,71600         -34,70900         -10,07800         -38,70538           0,00139
