
// =========================================================================================================
// 2026-04-17, 15:21:42
//        Time [s]        Pos X [um]        Pos Y [um]        Pos Z [um]      Force A [uN]      Force B [uN]
// =========================================================================================================
           0,00000         -66,80400          50,14300         -10,07900         -34,30214          -0,00498
           0,05000         -66,80400          50,14300         -10,07900         -34,81266           0,00776
           0,10000         -66,80400          50,14300         -10,07900         -35,06792           0,03963
           0,15000         -66,80300          50,14300         -10,07900         -35,00411          -0,00498
           0,20000         -66,80300          50,14300         -10,07900         -34,42977           0,00139
           0,25000         -66,80400          50,14400         -10,07900         -33,79162           0,03325
           0,30000         -66,80400          50,14300         -10,07800         -34,81266           0,04600
           0,35000         -66,80400          50,14300         -10,07800         -34,94029           0,03325
           0,40000         -66,80400          50,14400         -10,07900         -34,49359           0,01413
           0,45000         -66,80400          50,14400         -10,07900         -34,30214           0,00776
           0,50000         -66,80400          50,14400         -10,07900         -34,36596           0,01413
           0,55000         -66,80400          50,14300         -10,07900         -35,32318           0,02688
           0,60000         -66,80400          50,14300         -10,07900         -34,87648           0,00776
           0,65000         -66,80400          50,14400         -10,07900         -34,42977           0,05237
           0,70000         -66,80400          50,14400         -10,07900         -34,74885           0,03963
           0,75000         -66,80500          50,14300         -10,07900         -34,11070          -0,01773
           0,80000         -66,80400          50,14300         -10,08000         -35,00411           0,01413
           0,85000         -66,80400          50,14300         -10,07900         -34,87648           0,00139
           0,90000         -66,80400          50,14300         -10,07900         -34,87648           0,00776
           0,95000         -66,80400          50,14300         -10,07800         -35,00411          -0,00498
           1,00000         -66,80400          50,14200         -10,07900         -34,30214          -0,00498
           1,05000         -66,80400          50,14300         -10,07900         -34,30214           0,03325
           1,10000         -66,80400          50,14300         -10,08000         -35,00411           0,00139
           1,15000         -66,80400          50,14300         -10,07900         -34,81266           0,00139
           1,20000         -66,80400          50,14300         -10,07900         -34,62122           0,00139
           1,25000         -66,80400          50,14300         -10,07900         -34,74885           0,00776
           1,30000         -66,80400          50,14300         -10,07900         -34,23833           0,00776
           1,35000         -66,80400          50,14300         -10,08000         -34,23833           0,00776
           1,40000         -66,80400          50,14300         -10,07900         -34,36596           0,00139
           1,45000         -66,80400          50,14300         -10,07900         -35,19555           0,00776
           1,50000         -66,80400          50,14300         -10,07900         -34,23833           0,03963
           1,55000         -66,80400          50,14200         -10,07900         -34,81266          -0,00498
           1,60000         -66,80400          50,14200         -10,07900         -34,74885           0,03325
           1,65000         -66,80400          50,14300         -10,07900         -34,42977           0,02688
           1,70000         -66,80400          50,14300         -10,07900         -34,36596           0,03325
           1,75000         -66,80400          50,14300         -10,07900         -34,23833           0,03325
           1,80000         -66,80300          50,14200         -10,07900         -34,74885           0,00776
           1,85000         -66,80400          50,14200         -10,07900         -34,68503           0,04600
           1,90000         -66,80400          50,14300         -10,07900         -34,55740           0,01413
           1,95000         -66,80400          50,14200         -10,07900         -35,19555           0,02051
           2,00000         -66,80400          50,14200         -10,07900         -34,55740           0,01413
           2,05000         -66,80400          50,14300         -10,07900         -34,17451           0,02688
           2,10000         -66,80400          50,14200         -10,07900         -35,00411           0,06512
           2,15000         -66,80400          50,14300         -10,07900         -34,23833           0,01413
           2,20000         -66,80400          50,14300         -10,07900         -34,55740           0,01413
           2,25000         -66,80400          50,14300         -10,07900         -34,49359           0,03963
           2,30000         -66,80500          50,14300         -10,07800         -34,87648          -0,01136
           2,35000         -66,80400          50,14300         -10,07900         -34,55740           0,03325
           2,40000         -66,80400          50,14300         -10,07900         -34,62122           0,02688
           2,45000         -66,80400          50,14300         -10,07900         -34,42977           0,05874
           2,50000         -66,80400          50,14200         -10,07900         -34,49359           0,02688
           2,55000         -66,80500          50,14300         -10,07900         -35,45081           0,03325
           2,60000         -66,80500          50,14300         -10,07800         -35,25937           0,02688
           2,65000         -66,80500          50,14200         -10,07800         -34,49359           0,05237
           2,70000         -66,80500          50,14200         -10,07800         -34,04688          -0,00498
           2,75000         -66,80400          50,14200         -10,07900         -34,30214           0,03963
           2,80000         -66,80400          50,14300         -10,07900         -34,87648           0,02051
           2,85000         -66,80400          50,14200         -10,07900         -35,13174           0,04600
           2,90000         -66,80400          50,14200         -10,07900         -33,66399          -0,00498
           2,95000         -66,80500          50,14200         -10,07800         -34,04688           0,04600
           3,00000         -66,80500          50,14400         -10,07800         -34,74885           0,01413
           3,05000         -66,80400          50,14300         -10,07900         -35,00411           0,01413
           3,10000         -66,80500          50,14300         -10,07800         -35,38700          -0,00498
           3,15000         -66,80400          50,14300         -10,07900         -34,23833           0,00139
           3,20000         -66,80400          50,14300         -10,07900         -33,72781           0,01413
           3,25000         -66,80400          50,14300         -10,07800         -34,74885           0,02051
           3,30000         -66,80400          50,14300         -10,07800         -34,55740           0,02688
           3,35000         -66,80400          50,14300         -10,07900         -35,32318          -0,01773
           3,40000         -66,80400          50,14200         -10,07800         -34,94029          -0,00498
           3,45000         -66,80400          50,14200         -10,07900         -34,42977           0,04600
           3,50000         -66,80400          50,14300         -10,07800         -34,11070           0,00139
           3,55000         -66,80400          50,14300         -10,07800         -34,87648           0,02051
           3,60000         -66,80400          50,14300         -10,07800         -35,00411           0,00139
           3,65000         -66,80400          50,14300         -10,07800         -34,42977           0,02051
           3,70000         -66,80400          50,14200         -10,07900         -34,36596           0,04600
           3,75000         -66,80400          50,14300         -10,07800         -34,36596           0,02051
           3,80000         -66,80400          50,14200         -10,07800         -34,49359           0,02688
           3,85000         -66,80400          50,14300         -10,07800         -35,13174           0,02051
           3,90000         -66,80400          50,14300         -10,07900         -34,74885           0,05237
           3,95000         -66,80400          50,14300         -10,07800         -34,17451           0,01413
           4,00000         -66,80400          50,14300         -10,07900         -35,25937           0,00776
           4,05000         -66,80500          50,14300         -10,07800         -34,36596           0,00139
           4,10000         -66,80500          50,14300         -10,07900         -34,23833          -0,00498
           4,15000         -66,80400          50,14300         -10,07800         -34,17451           0,05237
           4,20000         -66,80500          50,14300         -10,07900         -35,00411           0,02051
           4,25000         -66,80400          50,14300         -10,07900         -34,74885           0,02688
           4,30000         -66,80500          50,14300         -10,07800         -34,36596           0,00776
           4,35000         -66,80400          50,14300         -10,07800         -33,85544           0,01413
           4,40000         -66,80500          50,14300         -10,07900         -34,62122           0,02051
           4,45000         -66,80500          50,14300         -10,07900         -34,87648           0,02688
           4,50000         -66,80400          50,14300         -10,07900         -35,00411           0,02051
           4,55000         -66,80500          50,14300         -10,07800         -34,94029          -0,00498
           4,60000         -66,80500          50,14300         -10,07900         -34,49359           0,04600
           4,65000         -66,80400          50,14300         -10,07800         -33,98307           0,03325
           4,70000         -66,80400          50,14400         -10,07800         -34,68503           0,05874
           4,75000         -66,80400          50,14300         -10,07900         -34,68503           0,03325
           4,80000         -66,80500          50,14300         -10,07800         -34,94029           0,03963
           4,85000         -66,80400          50,14300         -10,07900         -35,00411           0,02051
           4,90000         -66,80400          50,14300         -10,07900         -35,45081           0,03963
           4,95000         -66,80500          50,14400         -10,07900         -34,94029           0,03325
           5,00000         -66,80400          50,14300         -10,07900         -34,74885           0,01413
           5,05000         -66,80500          50,14300         -10,07900         -34,55740          -0,01136
           5,10000         -66,80500          50,14300         -10,07800         -34,62122           0,02051
           5,15000         -66,80400          50,14300         -10,07800         -35,00411           0,03325
           5,20000         -66,80500          50,14300         -10,07800         -34,55740           0,02688
           5,25000         -66,80400          50,14200         -10,07900         -34,81266           0,02051
           5,30000         -66,80500          50,14200         -10,07900         -35,38700           0,05237
           5,35000         -66,80400          50,14200         -10,07900         -35,06792           0,01413
           5,40000         -66,80400          50,14300         -10,07900         -35,13174           0,00139
           5,45000         -66,80400          50,14200         -10,07900         -34,74885          -0,01136
           5,50000         -66,80400          50,14300         -10,07800         -34,62122           0,01413
           5,55000         -66,80400          50,14100          -9,79300         -34,55740           0,03325
           5,60000         -66,80400          50,14100          -9,79300         -35,32318           0,01413
           5,65000         -66,80400          50,14100          -9,78900         -34,87648           0,03325
           5,70000         -66,80400          50,14200          -9,79000         -34,11070           0,02688
           5,75000         -66,80400          50,14200          -9,79100         -34,42977           0,01413
           5,80000         -66,80400          50,14100          -9,78700         -35,00411           0,02688
           5,85000         -66,80400          50,14100          -9,78700         -35,13174           0,03963
           5,90000         -66,80400          50,14100          -9,78700         -35,45081           0,02688
           5,95000         -66,80400          50,14100          -9,78400         -34,74885           0,02688
           6,00000         -66,80400          50,14200          -9,78400         -34,62122           0,01413
           6,05000         -66,80500          50,14100          -9,77900         -33,72781           0,00776
           6,10000         -66,80500          50,14200          -9,78000         -34,74885           0,05874
           6,15000         -66,80400          50,14200          -9,78100         -35,00411           0,02051
           6,20000         -66,80500          50,14100          -9,77700         -34,42977           0,04600
           6,25000         -66,80500          50,14100          -9,77600         -34,49359           0,02051
           6,30000         -66,80500          50,14100          -9,77700         -34,11070           0,04600
           6,35000         -66,80500          50,14100          -9,77400         -34,81266           0,02688
           6,40000         -66,80500          50,14200          -9,77400         -34,68503           0,03963
           6,45000         -66,80400          50,14200          -9,77500         -34,74885          -0,00498
           6,50000         -66,80400          50,14200          -9,77200         -34,94029           0,03325
           6,55000         -66,80400          50,14200          -9,77200         -35,00411           0,01413
           6,60000         -66,80400          50,14100          -9,77300         -34,30214           0,02051
           6,65000         -66,80500          50,14100          -9,77200         -34,42977           0,02688
           6,70000         -66,80500          50,14100          -9,77300         -35,51463           0,05237
           6,75000         -66,80500          50,14200          -9,77100         -34,49359           0,02051
           6,80000         -66,80500          50,14200          -9,78400         -34,74885          -0,00498
           6,85000         -66,80500          50,14100          -9,78500         -34,81266           0,03963
           6,90000         -66,80500          50,14200          -9,82100         -34,36596           0,00776
           6,95000         -66,80500          50,14100          -9,82200         -34,36596           0,03963
           7,00000         -66,80500          50,14100          -9,82200         -35,13174           0,03325
           7,05000         -66,80500          50,14100          -9,86300         -34,81266           0,03325
           7,10000         -66,80500          50,14100          -9,86400         -34,94029          -0,01136
           7,15000         -66,80500          50,14100          -9,90800         -34,23833           0,00139
           7,20000         -66,80500          50,14100          -9,91000         -35,13174           0,02051
           7,25000         -66,80500          50,14000          -9,91100         -34,49359           0,04600
           7,30000         -66,80500          50,14000          -9,95500         -34,94029           0,02688
           7,35000         -66,80400          50,14100          -9,95900         -35,25937           0,05237
           7,40000         -66,80500          50,14100          -9,95900         -35,19555           0,02051
           7,45000         -66,80400          50,14100         -10,00900         -34,94029           0,03963
           7,50000         -66,80400          50,14100         -10,01000         -34,62122           0,03325
           7,55000         -66,80400          50,14000         -10,05200         -34,55740           0,02688
           7,60000         -66,80500          50,14000         -10,06100         -35,00411          -0,00498
           7,65000         -66,80500          50,14000         -10,06200         -34,42977           0,02051
           7,70000         -66,80400          50,14100         -10,11100         -34,68503           0,03325
           7,75000         -66,80500          50,14000         -10,11200         -34,81266           0,02688
           7,80000         -66,80500          50,14000         -10,11200         -34,55740           0,00139
           7,85000         -66,80500          50,14000         -10,16300         -34,87648           0,07786
           7,90000         -66,80500          50,14000         -10,16400         -34,55740           0,00139
           7,95000         -66,80400          50,14000         -10,21600         -34,42977           0,04600
           8,00000         -66,80500          50,14000         -10,21700         -34,81266           0,03963
           8,05000         -66,80500          50,14000         -10,21700         -34,30214           0,04600
           8,10000         -66,80500          50,14000         -10,25300         -33,85544           0,04600
           8,15000         -66,80500          50,14100         -10,26600         -34,30214           0,06512
           8,20000         -66,80400          50,14100         -10,26700         -35,32318           0,06512
           8,25000         -66,80500          50,14000         -10,31700         -34,11070           0,01413
           8,30000         -66,80500          50,14100         -10,31800         -33,79162           0,02688
           8,35000         -66,80500          50,14100         -10,31800         -34,62122           0,02688
           8,40000         -66,80400          50,14000         -10,36200         -34,87648           0,00139
           8,45000         -66,80500          50,14100         -10,36900         -35,13174           0,01413
           8,50000         -66,80500          50,14000         -10,41800         -34,04688           0,05237
           8,55000         -66,80500          50,14100         -10,41900         -33,72781           0,02051
           8,60000         -66,80500          50,14100         -10,41900         -34,81266           0,01413
           8,65000         -66,80500          50,14100         -10,46900         -35,06792           0,02688
           8,70000         -66,80500          50,14000         -10,47000         -34,81266           0,03325
           8,75000         -66,80400          50,14000         -10,49900         -34,17451           0,02688
           8,80000         -66,80500          50,14000         -10,52200         -34,30214           0,03963
           8,85000         -66,80500          50,14000         -10,52200         -34,49359           0,01413
           8,90000         -66,80500          50,14100         -10,52300         -35,25937           0,04600
           8,95000         -66,80500          50,14000         -10,57400         -35,00411           0,03325
           9,00000         -66,80500          50,14000         -10,57400         -35,45081           0,01413
           9,05000         -66,80600          50,14000         -10,59500         -34,62122           0,01413
           9,10000         -66,80500          50,14100         -10,62300         -34,11070           0,03325
           9,15000         -66,80500          50,14000         -10,62400         -34,42977           0,00139
           9,20000         -66,80500          50,14100         -10,67300         -35,32318          -0,01136
           9,25000         -66,80500          50,14000         -10,67300         -35,00411           0,03963
           9,30000         -66,80500          50,14000         -10,67400         -34,23833           0,00139
           9,35000         -66,80500          50,14100         -10,72300         -34,23833          -0,03047
           9,40000         -66,80500          50,14000         -10,72400         -34,74885           0,00776
           9,45000         -66,80500          50,14000         -10,72500         -35,13174           0,00139
           9,50000         -66,80600          50,14100         -10,77500         -34,94029           0,02688
           9,55000         -66,80500          50,14000         -10,77400         -34,17451           0,05237
           9,60000         -66,80600          50,14100         -10,77400         -33,40873           0,02051
           9,65000         -66,80500          50,14000         -10,82500         -35,00411           0,05237
           9,70000         -66,80500          50,14100         -10,82500         -35,06792           0,05237
           9,75000         -66,80500          50,14000         -10,87500         -35,25937           0,02051
           9,80000         -66,80500          50,14000         -10,87500         -34,55740          -0,01773
           9,85000         -66,80500          50,14100         -10,87600         -34,49359           0,03325
           9,90000         -66,80500          50,14000         -10,92500         -34,68503           0,03963
           9,95000         -66,80600          50,14000         -10,92600         -35,00411          -0,00498
          10,00000         -66,80500          50,14000         -10,97500         -34,94029           0,02688
          10,05000         -66,80400          50,14100         -10,97600         -34,74885           0,02051
          10,10000         -66,80500          50,14000         -10,97600         -34,74885          -0,00498
          10,15000         -66,80500          50,14100         -11,02600         -34,74885           0,00139
          10,20000         -66,80500          50,14000         -11,02700         -34,62122           0,03325
          10,25000         -66,80500          50,14000         -11,06000         -34,36596           0,04600
          10,30000         -66,80600          50,14100         -11,07700         -34,36596           0,03963
          10,35000         -66,80500          50,14000         -11,07700         -34,94029           0,02051
          10,40000         -66,80500          50,14000         -11,09500         -34,87648           0,03963
          10,45000         -66,80500          50,14000         -11,12700         -34,62122           0,01413
          10,50000         -66,80500          50,14000         -11,12600         -34,68503           0,00139
          10,55000         -66,80600          50,14100         -11,17600         -35,00411           0,00776
          10,60000         -66,80500          50,14100         -11,17700         -34,81266           0,00139
          10,65000         -66,80500          50,14100         -11,19900         -34,17451           0,06512
          10,70000         -66,80500          50,14000         -11,22600         -34,94029           0,07149
          10,75000         -66,80500          50,14000         -11,22700         -34,74885           0,01413
          10,80000         -66,80400          50,14100         -11,27700         -34,42977           0,05874
          10,85000         -66,80500          50,14100         -11,27800         -34,68503           0,02051
          10,90000         -66,80500          50,14100         -11,27700         -34,36596           0,03963
          10,95000         -66,80400          50,14100         -11,28100         -34,68503           0,07149
          11,00000         -66,80500          50,14000         -11,32800         -34,62122          -0,00498
          11,05000         -66,80500          50,14100         -11,33500         -34,04688           0,05237
          11,10000         -66,80500          50,14000         -11,37700         -34,42977           0,01413
          11,15000         -66,80500          50,14100         -11,37700         -34,87648           0,02051
          11,20000         -66,80400          50,14000         -11,38900         -34,55740          -0,00498
          11,25000         -66,80400          50,14000         -11,42800         -34,30214           0,05237
          11,30000         -66,80400          50,14100         -11,42900         -35,13174           0,02688
          11,35000         -66,80500          50,14000         -11,45400         -34,62122           0,05237
          11,40000         -66,80500          50,14100         -11,48200         -34,36596           0,00139
          11,45000         -66,80400          50,14100         -11,48200         -34,36596           0,00139
          11,50000         -66,80500          50,14100         -11,52800         -34,30214           0,02688
          11,55000         -66,80400          50,14100         -11,52900         -34,30214           0,00776
          11,60000         -66,80500          50,14100         -11,52900         -35,19555           0,02688
          11,65000         -66,80500          50,14000         -11,57900         -34,36596           0,05237
          11,70000         -66,80500          50,14100         -11,58000         -35,00411           0,02688
          11,75000         -66,80500          50,14100         -11,58000         -34,30214           0,01413
          11,80000         -66,80400          50,14100         -11,62800         -34,49359          -0,00498
          11,85000         -66,80500          50,14100         -11,62900         -34,87648          -0,01136
          11,90000         -66,80500          50,14000         -11,62800         -34,87648           0,06512
          11,95000         -66,80600          50,14100         -11,67800         -34,62122           0,03325
          12,00000         -66,80500          50,14100         -11,67800         -34,17451           0,02051
          12,05000         -66,80500          50,14200         -11,68300         -34,04688           0,00139
          12,10000         -66,80500          50,14100         -11,72900         -34,42977           0,03963
          12,15000         -66,80500          50,14000         -11,72900         -35,13174           0,03963
          12,20000         -66,80500          50,14100         -11,77700         -34,81266           0,02688
          12,25000         -66,80500          50,14100         -11,77800         -34,62122           0,03963
          12,30000         -66,80500          50,14100         -11,77800         -34,30214           0,03325
          12,35000         -66,80500          50,14100         -11,82900         -34,55740           0,03325
          12,40000         -66,80600          50,14100         -11,83100         -34,81266           0,05874
          12,45000         -66,80500          50,14100         -11,87900         -34,42977           0,01413
          12,50000         -66,80500          50,14100         -11,87900         -34,36596           0,00139
          12,55000         -66,80500          50,14100         -11,88000         -34,30214           0,06512
          12,60000         -66,80500          50,14200         -11,92900         -34,04688           0,03325
          12,65000         -66,80500          50,14100         -11,93000         -34,42977           0,03963
          12,70000         -66,80500          50,14100         -11,92900         -34,68503           0,05874
          12,75000         -66,80500          50,14100         -11,98000         -35,00411           0,00139
          12,80000         -66,80500          50,14100         -11,98000         -34,81266           0,03325
          12,85000         -66,80600          50,14100         -11,98400         -34,55740           0,00776
          12,90000         -66,80600          50,14100         -12,03000         -34,55740           0,03325
          12,95000         -66,80500          50,14100         -12,03000         -34,55740           0,02688
          13,00000         -66,80500          50,14100         -12,02300         -34,87648           0,07149
          13,05000         -66,80500          50,14100         -12,08000         -34,49359           0,03325
          13,10000         -66,80500          50,14100         -12,08000         -34,11070           0,02051
          13,15000         -66,80500          50,14000         -12,12800         -34,04688           0,01413
          13,20000         -66,80500          50,14100         -12,13000         -34,68503           0,04600
          13,25000         -66,80500          50,14000         -12,13000         -34,74885          -0,01773
          13,30000         -66,80500          50,14100         -12,18100         -34,81266           0,02688
          13,35000         -66,80500          50,14100         -12,18100         -34,49359           0,02688
          13,40000         -66,80600          50,14200         -12,21200         -34,17451           0,03325
          13,45000         -66,80500          50,14200         -12,23200         -35,06792           0,02688
          13,50000         -66,80500          50,14100         -12,23100         -34,87648           0,02688
          13,55000         -66,80600          50,14100         -12,27800         -34,17451          -0,00498
          13,60000         -66,80500          50,14000         -12,28100         -34,30214           0,02688
          13,65000         -66,80500          50,14100         -12,28100         -34,74885          -0,01136
          13,70000         -66,80500          50,14100         -12,33000         -34,87648           0,03325
          13,75000         -66,80500          50,14100         -12,33100         -34,94029           0,07149
          13,80000         -66,80500          50,14100         -12,33800         -34,62122           0,02051
          13,85000         -66,80600          50,14100         -12,38100         -34,17451           0,02051
          13,90000         -66,80600          50,14200         -12,38000         -34,17451           0,04600
          13,95000         -66,80500          50,14000         -12,43100         -34,30214          -0,00498
          14,00000         -66,80600          50,14100         -12,43100         -34,36596          -0,02410
          14,05000         -66,80500          50,14100         -12,43600         -34,49359           0,05237
          14,10000         -66,80500          50,14000         -12,48100         -34,55740          -0,00498
          14,15000         -66,80600          50,14100         -12,48200         -33,91925           0,02051
          14,20000         -66,80600          50,14100         -12,48200         -34,81266           0,02051
          14,25000         -66,80500          50,14100         -12,53300         -33,85544           0,05237
          14,30000         -66,80500          50,14100         -12,53300         -34,36596          -0,00498
          14,35000         -66,80500          50,14100         -12,58200         -34,68503           0,00139
          14,40000         -66,80600          50,14000         -12,58400         -34,49359           0,02051
          14,45000         -66,80600          50,14100         -12,58500         -34,87648           0,03963
          14,50000         -66,80600          50,14100         -12,63300         -34,55740           0,01413
          14,55000         -66,80500          50,14100         -12,63300         -34,81266           0,03963
          14,60000         -66,80500          50,14100         -12,63300         -34,62122           0,01413
          14,65000         -66,80600          50,14200         -12,64100         -34,30214           0,01413
          14,70000         -66,80600          50,14100         -12,68200         -34,62122          -0,01136
          14,75000         -66,80500          50,14100         -12,68300         -34,68503           0,01413
          14,80000         -66,80500          50,14100         -12,73200         -35,06792           0,02051
          14,85000         -66,80600          50,14100         -12,73200         -34,74885           0,02051
          14,90000         -66,80600          50,14100         -12,73300         -34,87648           0,00776
          14,95000         -66,80600          50,14100         -12,78300         -34,49359           0,03325
          15,00000         -66,80500          50,14100         -12,78300         -34,23833           0,04600
          15,05000         -66,80600          50,14200         -12,83200         -34,36596           0,02688
          15,10000         -66,80600          50,14100         -12,83200         -34,62122           0,03325
          15,15000         -66,80600          50,14200         -12,83300         -34,68503           0,03963
          15,20000         -66,80600          50,14100         -12,88200         -34,74885          -0,00498
          15,25000         -66,80600          50,14100         -12,88300         -33,91925           0,00776
          15,30000         -66,80500          50,14100         -12,93100         -34,62122           0,01413
          15,35000         -66,80500          50,14100         -12,93200         -34,81266           0,00776
          15,40000         -66,80600          50,14000         -12,93300         -34,42977           0,02688
          15,45000         -66,80600          50,14000         -12,98200         -34,55740           0,04600
          15,50000         -66,80500          50,14000         -12,98300         -34,17451           0,00776
          15,55000         -66,80600          50,14000         -12,98300         -34,62122          -0,00498
          15,60000         -66,80500          50,14100         -13,01900         -34,23833          -0,01136
          15,65000         -66,80600          50,14100         -13,03200         -34,30214           0,02688
          15,70000         -66,80500          50,14100         -13,03300         -34,42977           0,04600
          15,75000         -66,80600          50,14100         -13,08200         -34,68503           0,02051
          15,80000         -66,80500          50,14100         -13,08300         -34,30214           0,02051
          15,85000         -66,80500          50,14100         -13,12900         -34,11070          -0,01136
          15,90000         -66,80500          50,14100         -13,13200         -34,30214           0,07149
          15,95000         -66,80500          50,14100         -13,13300         -34,23833           0,04600
          16,00000         -66,80500          50,14100         -13,15700         -34,81266          -0,00498
          16,05000         -66,80500          50,14000         -13,18400         -34,36596           0,02051
          16,10000         -66,80500          50,14100         -13,18400         -34,11070           0,01413
          16,15000         -66,80500          50,14100         -13,23300         -34,62122          -0,03047
          16,20000         -66,80500          50,14100         -13,23300         -34,17451           0,00776
          16,25000         -66,80500          50,14100         -13,23300         -34,55740           0,04600
          16,30000         -66,80500          50,14100         -13,28200         -34,68503           0,00776
          16,35000         -66,80600          50,14100         -13,28300         -34,68503           0,01413
          16,40000         -66,80600          50,14100         -13,33200         -34,11070           0,01413
          16,45000         -66,80600          50,14100         -13,33300         -34,30214           0,00139
          16,50000         -66,80600          50,14100         -13,33300         -34,42977           0,02051
          16,55000         -66,80500          50,14100         -13,38200         -33,85544           0,00139
          16,60000         -66,80500          50,14100         -13,38300         -34,74885           0,01413
          16,65000         -66,80600          50,14200         -13,40700         -34,74885          -0,03047
          16,70000         -66,80500          50,14100         -13,43200         -34,23833           0,00776
          16,75000         -66,80600          50,14100         -13,43300         -34,36596           0,04600
          16,80000         -66,80500          50,14100         -13,44000         -34,49359           0,00776
          16,85000         -66,80500          50,14200         -13,48300         -34,36596           0,01413
          16,90000         -66,80400          50,14100         -13,48300         -34,30214           0,01413
          16,95000         -66,80400          50,14100         -13,52500         -34,36596           0,03963
          17,00000         -66,80500          50,14200         -13,53200         -34,94029           0,02688
          17,05000         -66,80600          50,14100         -13,53300         -34,62122           0,01413
          17,10000         -66,80600          50,14200         -13,57800         -34,49359           0,03325
          17,15000         -66,80600          50,14100         -13,58300         -34,87648           0,00139
          17,20000         -66,80600          50,14100         -13,58300         -34,81266           0,02051
          17,25000         -66,80500          50,14100         -13,61700         -35,38700           0,05874
          17,30000         -66,80600          50,14100         -13,63200         -34,94029          -0,01136
          17,35000         -66,80500          50,14100         -13,63200         -34,62122           0,05874
          17,40000         -66,80500          50,14200         -13,68300         -34,49359           0,02688
          17,45000         -66,80500          50,14100         -13,68400         -34,42977           0,01413
          17,50000         -66,80500          50,14100         -13,68200         -35,19555          -0,00498
          17,55000         -66,80500          50,14100         -13,73400         -34,94029           0,00776
          17,60000         -66,80500          50,14100         -13,73400         -34,74885          -0,00498
          17,65000         -66,80500          50,14100         -13,75800         -34,87648           0,03325
          17,70000         -66,80500          50,14100         -13,78400         -34,04688           0,00776
          17,75000         -66,80500          50,14200         -13,78400         -34,74885           0,04600
          17,80000         -66,80500          50,14100         -13,83500         -34,30214          -0,00498
          17,85000         -66,80500          50,14100         -13,83500         -33,91925           0,02688
          17,90000         -66,80400          50,14100         -13,88400         -34,74885           0,03963
          17,95000         -66,80500          50,14100         -13,88500         -34,62122           0,05237
          18,00000         -66,80500          50,14100         -13,88500         -34,42977           0,03963
          18,05000         -66,80500          50,14100         -13,93600         -34,11070          -0,03685
          18,10000         -66,80600          50,14100         -13,93500         -34,74885           0,00776
          18,15000         -66,80600          50,14100         -13,95500         -34,68503           0,05237
          18,20000         -66,80500          50,14200         -13,98500         -34,55740           0,03325
          18,25000         -66,80600          50,14200         -13,98500         -34,36596           0,05237
          18,30000         -66,80500          50,14100         -13,98100         -34,62122           0,03325
          18,35000         -66,80500          50,14100         -14,03500         -33,66399           0,00139
          18,40000         -66,80500          50,14100         -14,03600         -35,06792           0,00139
          18,45000         -66,80500          50,14100         -14,08500         -34,42977           0,03325
          18,50000         -66,80600          50,14100         -14,08500         -34,49359           0,00139
          18,55000         -66,80600          50,14200         -14,08700         -35,19555           0,03325
          18,60000         -66,80600          50,14100         -14,13300         -34,81266           0,03325
          18,65000         -66,80500          50,14100         -14,13500         -34,04688           0,05237
          18,70000         -66,80600          50,14100         -14,18300         -34,94029           0,02051
          18,75000         -66,80500          50,14100         -14,18400         -34,42977           0,03963
          18,80000         -66,80500          50,14100         -14,18400         -34,23833          -0,02410
          18,85000         -66,80600          50,14100         -14,22400         -34,55740           0,00776
          18,90000         -66,80500          50,14100         -14,23500         -34,04688           0,03325
          18,95000         -66,80500          50,14200         -14,23500         -34,68503           0,02688
          19,00000         -66,80600          50,14100         -14,28500         -34,81266           0,05874
          19,05000         -66,80500          50,14100         -14,28500         -34,42977           0,02051
          19,10000         -66,80500          50,14200         -14,28600         -34,11070          -0,00498
          19,15000         -66,80500          50,14100         -14,33400         -34,81266           0,00776
          19,20000         -66,80500          50,14100         -14,33500         -34,68503           0,00776
          19,25000         -66,80500          50,14100         -14,38500         -34,55740          -0,02410
          19,30000         -66,80500          50,14100         -14,38600         -34,74885           0,01413
          19,35000         -66,80500          50,14100         -14,38700         -34,17451           0,02688
          19,40000         -66,80500          50,14200         -14,43500         -34,68503           0,00776
          19,45000         -66,80500          50,14100         -14,43600         -34,81266           0,02051
          19,50000         -66,80500          50,14100         -14,48400         -34,55740           0,02688
          19,55000         -66,80500          50,14100         -14,48500         -34,94029           0,02051
          19,60000         -66,80500          50,14100         -14,48600         -34,62122          -0,00498
          19,65000         -66,80500          50,14200         -14,48600         -35,13174           0,03325
          19,70000         -66,80500          50,14200         -14,53400         -35,00411          -0,01773
          19,75000         -66,80500          50,14100         -14,53500         -34,49359           0,02051
          19,80000         -66,80500          50,14100         -14,53400         -35,13174          -0,00498
          19,85000         -66,80500          50,14100         -14,58300         -34,62122           0,02051
          19,90000         -66,80500          50,14100         -14,58400         -34,42977           0,05874
          19,95000         -66,80500          50,14200         -14,63300         -34,36596           0,03325
          20,00000         -66,80500          50,14100         -14,63500         -34,36596           0,01413
          20,05000         -66,80500          50,14200         -14,63500         -33,98307           0,02688
          20,10000         -66,80500          50,14100         -14,68400         -34,04688           0,00776
          20,15000         -66,80500          50,14100         -14,68400         -34,68503           0,05237
          20,20000         -66,80500          50,14100         -14,68400         -34,17451           0,01413
          20,25000         -66,80500          50,14100         -14,73400         -34,74885           0,02051
          20,30000         -66,80500          50,14100         -14,73400         -35,00411           0,02051
          20,35000         -66,80500          50,14100         -14,78400         -34,74885          -0,00498
          20,40000         -66,80600          50,14200         -14,78500         -35,00411          -0,01773
          20,45000         -66,80500          50,14100         -14,78400         -34,55740           0,05874
          20,50000         -66,80500          50,14100         -14,83400         -35,06792          -0,00498
          20,55000         -66,80500          50,14200         -14,83500         -34,74885           0,03325
          20,60000         -66,80600          50,14100         -14,88400         -34,49359           0,03325
          20,65000         -66,80500          50,14100         -14,88400         -34,94029           0,02688
          20,70000         -66,80500          50,14100         -14,88500         -34,36596           0,01413
          20,75000         -66,80600          50,14100         -14,90800         -34,74885           0,01413
          20,80000         -66,80500          50,14100         -14,93400         -34,42977           0,03325
          20,85000         -66,80600          50,14200         -14,95000         -34,17451           0,03325
          20,90000         -66,80500          50,14000         -14,98300         -34,30214          -0,01773
          20,95000         -66,80500          50,14100         -14,98400         -34,17451          -0,03047
          21,00000         -66,80500          50,14100         -14,98400         -34,36596          -0,01773
          21,05000         -66,80600          50,14100         -15,01300         -34,62122           0,00776
          21,10000         -66,80500          50,14100         -15,03400         -34,55740           0,01413
          21,15000         -66,80500          50,14100         -15,03500         -34,23833           0,01413
          21,20000         -66,80500          50,14100         -15,08400         -33,91925          -0,01773
          21,25000         -66,80600          50,14100         -15,08400         -34,81266           0,01413
          21,30000         -66,80600          50,14100         -15,08500         -34,42977           0,01413
          21,35000         -66,80600          50,14100         -15,13500         -33,72781           0,03963
          21,40000         -66,80600          50,14100         -15,13400         -34,55740           0,03325
          21,45000         -66,80600          50,14100         -15,18300         -34,55740           0,00776
          21,50000         -66,80500          50,14100         -15,18500         -34,62122           0,06512
          21,55000         -66,80500          50,14100         -15,18500         -34,74885          -0,03047
          21,60000         -66,80600          50,14000         -15,23300         -34,94029           0,01413
          21,65000         -66,80600          50,14000         -15,23400         -34,17451           0,02051
          21,70000         -66,80700          50,14100         -15,27200         -34,36596           0,00776
          21,75000         -66,80600          50,14100         -15,28400         -34,68503           0,00776
          21,80000         -66,80500          50,14100         -15,28400         -34,49359           0,02688
          21,85000         -66,80500          50,14100         -15,33300         -34,68503           0,02051
          21,90000         -66,80600          50,14100         -15,33400         -34,23833           0,00139
          21,95000         -66,80500          50,14100         -15,33400         -34,68503           0,01413
          22,00000         -66,80500          50,14100         -15,38200         -34,55740           0,02688
          22,05000         -66,80500          50,14100         -15,38300         -34,30214           0,03325
          22,10000         -66,80600          50,14100         -15,43300         -34,68503           0,02688
          22,15000         -66,80500          50,14100         -15,43300         -34,87648          -0,01136
          22,20000         -66,80500          50,14100         -15,43500         -34,74885           0,01413
          22,25000         -66,80500          50,14100         -15,48400         -34,30214           0,00139
          22,30000         -66,80600          50,14100         -15,48400         -33,53636           0,00776
          22,35000         -66,80500          50,14100         -15,48400         -34,49359           0,04600
          22,40000         -66,80600          50,14100         -15,53400         -35,06792          -0,00498
          22,45000         -66,80600          50,14100         -15,53300         -35,06792           0,00776
          22,50000         -66,80500          50,14100         -15,56800         -34,94029           0,00139
          22,55000         -66,80500          50,14200         -15,58400         -33,85544           0,04600
          22,60000         -66,80500          50,14100         -15,58500         -33,91925           0,01413
          22,65000         -66,80500          50,14100         -15,63300         -34,49359           0,03325
          22,70000         -66,80500          50,14100         -15,63300         -34,62122           0,01413
          22,75000         -66,80500          50,14100         -15,63400         -34,94029           0,00139
          22,80000         -66,80500          50,14100         -15,67600         -34,42977           0,03325
          22,85000         -66,80500          50,14100         -15,68400         -33,28110           0,02051
          22,90000         -66,80500          50,14000         -15,73800         -35,32318           0,02051
          22,95000         -66,80500          50,14100         -15,73300         -35,32318          -0,01136
          23,00000         -66,80500          50,14000         -15,73400         -34,23833           0,00776
          23,05000         -66,80500          50,14200         -15,74600         -34,17451           0,02688
          23,10000         -66,80500          50,14100         -15,78400         -34,36596           0,00139
          23,15000         -66,80500          50,14100         -15,78400         -35,00411           0,03963
          23,20000         -66,80500          50,14100         -15,83400         -34,68503           0,05237
          23,25000         -66,80500          50,14100         -15,83300         -34,36596           0,03963
          23,30000         -66,80500          50,14100         -15,83300         -34,11070           0,02688
          23,35000         -66,80500          50,14100         -15,88200         -33,98307           0,01413
          23,40000         -66,80600          50,14200         -15,88300         -34,74885           0,03325
          23,45000         -66,80600          50,14100         -15,93100         -34,42977           0,05874
          23,50000         -66,80600          50,14100         -15,93200         -34,68503           0,02051
          23,55000         -66,80600          50,14000         -15,93300         -34,17451          -0,03047
          23,60000         -66,80500          50,14100         -15,94800         -34,68503           0,02688
          23,65000         -66,80500          50,14100         -15,98300         -34,17451           0,02051
          23,70000         -66,80500          50,14100         -15,98300         -34,30214           0,01413
          23,75000         -66,80600          50,14100         -16,03100         -33,79162           0,05874
          23,80000         -66,80500          50,14200         -16,03300         -34,04688          -0,00498
          23,85000         -66,80500          50,14100         -16,03200         -34,74885           0,02051
          23,90000         -66,80600          50,14100         -16,08200         -34,23833           0,02688
          23,95000         -66,80500          50,14100         -16,08200         -34,42977          -0,01136
          24,00000         -66,80600          50,14100         -16,09800         -33,79162           0,03963
          24,05000         -66,80600          50,14000         -16,13200         -33,47255           0,04600
          24,10000         -66,80600          50,14100         -16,13200         -33,15347           0,02051
          24,15000         -66,80500          50,14100         -16,18300         -34,11070           0,02051
          24,20000         -66,80500          50,14000         -16,18300         -34,36596           0,00776
          24,25000         -66,80500          50,14100         -16,18300         -33,66399           0,02051
          24,30000         -66,80600          50,14100         -16,23200         -33,72781           0,00139
          24,35000         -66,80500          50,14100         -16,23200         -33,85544           0,01413
          24,40000         -66,80600          50,14100         -16,23200         -33,85544           0,02688
          24,45000         -66,80500          50,14200         -16,28200         -33,60018           0,05874
          24,50000         -66,80500          50,14100         -16,28300         -34,30214          -0,02410
          24,55000         -66,80500          50,14200         -16,27500         -31,74954           0,03325
          24,60000         -66,80500          50,14100         -16,33200         -34,17451           0,03963
          24,65000         -66,80500          50,14100         -16,33200         -34,04688           0,02051
          24,70000         -66,80500          50,14100         -16,38100         -33,98307           0,03963
          24,75000         -66,80600          50,14100         -16,38100         -33,91925           0,03325
          24,80000         -66,80500          50,14100         -16,38200         -33,91925           0,04600
          24,85000         -66,80600          50,14100         -16,43200         -33,53636           0,00139
          24,90000         -66,80500          50,14100         -16,43200         -32,19624           0,00139
          24,95000         -66,80600          50,14000         -16,48300         -33,53636           0,00776
          25,00000         -66,80500          50,14100         -16,48300         -34,04688           0,00139
          25,05000         -66,80500          50,14100         -16,48300         -33,85544           0,01413
          25,10000         -66,80500          50,14100         -16,53100         -32,96203           0,03325
          25,15000         -66,80500          50,14100         -16,53100         -31,43046           0,00776
          25,20000         -66,80500          50,14100         -16,58000         -32,70676           0,02051
          25,25000         -66,80500          50,14100         -16,58200         -32,96203           0,02688
          25,30000         -66,80600          50,14100         -16,58200         -33,60018           0,02051
          25,35000         -66,80500          50,14200         -16,58200         -33,21729           0,01413
          25,40000         -66,80600          50,14100         -16,63200         -33,02584           0,03325
          25,45000         -66,80500          50,14100         -16,63300         -31,55809           0,04600
          25,50000         -66,80600          50,14100         -16,68200         -31,87717           0,00139
          25,55000         -66,80500          50,14100         -16,68200         -31,43046          -0,00498
          25,60000         -66,80600          50,14200         -16,68200         -32,38769           0,01413
          25,65000         -66,80500          50,14100         -16,73200         -32,00480           0,00776
          25,70000         -66,80500          50,14100         -16,73200         -34,30214           0,02688
          25,75000         -66,80500          50,14100         -16,78200         -33,08966           0,01413
          25,80000         -66,80500          50,14100         -16,78200         -31,11139           0,04600
          25,85000         -66,80500          50,14100         -16,78300         -30,98376           0,02051
          25,90000         -66,80600          50,14100         -16,83100         -31,81335           0,03963
          25,95000         -66,80600          50,14100         -16,83200         -32,77058           0,03325
          26,00000         -66,80600          50,14100         -16,83200         -33,66399           0,02688
          26,05000         -66,80600          50,14100         -16,88100         -32,45150          -0,01136
          26,10000         -66,80500          50,14100         -16,88200         -33,08966           0,02051
          26,15000         -66,80600          50,14100         -16,88100         -32,13243           0,00776
          26,20000         -66,80600          50,14100         -16,93100         -32,19624           0,00776
          26,25000         -66,80600          50,14100         -16,93200         -32,00480           0,01413
          26,30000         -66,80600          50,14100         -16,96800         -32,06861           0,02688
          26,35000         -66,80600          50,14100         -16,98200         -32,70676           0,01413
          26,40000         -66,80500          50,14100         -16,98200         -32,83439          -0,03047
          26,45000         -66,80500          50,14100         -17,03000         -32,51532           0,04600
          26,50000         -66,80500          50,14100         -17,03100         -32,51532           0,04600
          26,55000         -66,80500          50,14100         -17,03100         -27,79300          -0,00498
          26,60000         -66,80600          50,14100         -17,08200         -33,02584           0,02051
          26,65000         -66,80500          50,14100         -17,08200         -33,60018           0,04600
          26,70000         -66,80600          50,14100         -17,13100         -32,96203          -0,00498
          26,75000         -66,80500          50,14200         -17,13100         -32,89821          -0,01136
          26,80000         -66,80500          50,14100         -17,13100         -30,91994           0,01413
          26,85000         -66,80600          50,14100         -17,18100         -31,68572           0,03325
          26,90000         -66,80500          50,14100         -17,18200         -33,28110           0,03325
          26,95000         -66,80500          50,14000         -17,18300         -33,85544           0,02051
          27,00000         -66,80500          50,14100         -17,23200         -33,47255           0,05874
          27,05000         -66,80500          50,14100         -17,23200         -31,94098           0,05874
          27,10000         -66,80500          50,14100         -17,28000         -33,85544           0,01413
          27,15000         -66,80600          50,14100         -17,28300         -33,53636           0,03325
          27,20000         -66,80500          50,14100         -17,28200         -34,04688           0,02688
          27,25000         -66,80500          50,14100         -17,33200         -33,47255           0,05237
          27,30000         -66,80500          50,14000         -17,33200         -33,72781           0,04600
          27,35000         -66,80500          50,14000         -17,33300         -33,72781          -0,01136
          27,40000         -66,80500          50,14000         -17,38000         -33,08966           0,04600
          27,45000         -66,80500          50,14100         -17,38100         -30,66468          -0,00498
          27,50000         -66,80500          50,14000         -17,38100         -33,34492           0,03325
          27,55000         -66,80500          50,14100         -17,43300         -33,79162           0,00139
          27,60000         -66,80500          50,14100         -17,43300         -32,83439           0,01413
          27,65000         -66,80500          50,14100         -17,43300         -30,66468           0,03325
          27,70000         -66,80500          50,14100         -17,48200         -33,66399           0,03963
          27,75000         -66,80500          50,14100         -17,48200         -31,23902           0,03325
          27,80000         -66,80500          50,14100         -17,53100         -31,87717           0,01413
          27,85000         -66,80500          50,14100         -17,53200         -30,79231           0,04600
          27,90000         -66,80500          50,14100         -17,53200         -31,43046           0,03963
          27,95000         -66,80400          50,14100         -17,55700         -28,87786           0,00139
          28,00000         -66,80500          50,14100         -17,58200         -33,08966           0,07149
          28,05000         -66,80600          50,14100         -17,58200         -33,34492           0,02051
          28,10000         -66,80500          50,14100         -17,63100         -33,60018          -0,00498
          28,15000         -66,80500          50,14100         -17,63200         -32,57913           0,00776
          28,20000         -66,80500          50,14100         -17,68200         -30,34561           0,02051
          28,25000         -66,80500          50,14100         -17,68300         -31,43046           0,00776
          28,30000         -66,80500          50,14100         -17,68300         -32,26006          -0,00498
          28,35000         -66,80600          50,14000         -17,70500         -31,23902           0,01413
          28,40000         -66,80500          50,14100         -17,73200         -32,83439          -0,01773
          28,45000         -66,80500          50,14100         -17,73300         -33,47255           0,02051
          28,50000         -66,80500          50,14100         -17,78200         -24,53843           0,03963
          28,55000         -66,80600          50,14100         -17,78300         -31,87717           0,02688
          28,60000         -66,80500          50,14100         -17,78300         -33,47255           0,02051
          28,65000         -66,80500          50,14100         -17,83200         -30,66468           0,06512
          28,70000         -66,80500          50,14100         -17,83200         -33,53636           0,02688
          28,75000         -66,80600          50,14000         -17,83200         -31,87717           0,03963
          28,80000         -66,80600          50,14000         -17,88100         -23,45358           0,02051
          28,85000         -66,80600          50,14100         -17,88300         -32,96203           0,02688
          28,90000         -66,80600          50,14100         -17,93100         -21,92201           0,01413
          28,95000         -66,80500          50,14100         -17,93200         -22,24109           0,00776
          29,00000         -66,80600          50,14100         -17,93200         -21,60294           0,04600
          29,05000         -66,80600          50,14100         -17,98600         -21,15623           0,03963
          29,10000         -66,80600          50,14100         -17,98200         -32,45150           0,04600
          29,15000         -66,80500          50,14100         -17,98200         -23,96410           0,03963
          29,20000         -66,80600          50,14100         -18,03100         -20,00756          -0,01773
          29,25000         -66,80500          50,14100         -18,03200         -22,94306           0,00776
          29,30000         -66,80500          50,14100         -18,03200         -19,62467           0,05237
          29,35000         -66,80600          50,14100         -18,08200         -32,51532           0,00776
          29,40000         -66,80500          50,14100         -18,08200         -21,47531           0,02051
          29,45000         -66,80600          50,14000         -18,08000         -32,32387           0,01413
          29,50000         -66,80500          50,14100         -18,13400         -20,07138           0,00776
          29,55000         -66,80600          50,14100         -18,13400         -32,38769          -0,00498
          29,60000         -66,80600          50,14100         -18,18000         -23,32595          -0,01136
          29,65000         -66,80500          50,14200         -18,18300         -14,64709           0,00776
          29,70000         -66,80600          50,14100         -18,18300         -14,13657           0,02051
          29,75000         -66,80500          50,14100         -18,23400         -27,15485           0,01413
          29,80000         -66,80500          50,14000         -18,23200         -30,40942          -0,00498
          29,85000         -66,80600          50,14100         -18,23300         -32,26006           0,04600
          29,90000         -66,80500          50,14100         -18,23200         -30,79231           0,04600
          29,95000         -66,80600          50,14100         -18,28200         -31,68572           0,00776
          30,00000         -66,80500          50,14000         -18,28300         -19,24178           0,03325
          30,05000         -66,80500          50,14000         -18,33200         -29,83509          -0,01773
          30,10000         -66,80600          50,14100         -18,33200         -31,81335           0,03325
          30,15000         -66,80600          50,14100         -18,33300         -29,45220           0,02051
          30,20000         -66,80600          50,14100         -18,38100         -31,94098           0,00776
          30,25000         -66,80600          50,14100         -18,38200         -25,94237           0,01413
          30,30000         -66,80600          50,14100         -18,38200         -15,54051           0,03325
          30,35000         -66,80600          50,14100         -18,43200          -8,96755          -0,01136
          30,40000         -66,80600          50,14100         -18,43400         -18,85889           0,04600
          30,45000         -66,80500          50,14100         -18,43400          -5,77680           0,05874
          30,50000         -66,80600          50,14200         -18,48400           2,51916           0,04600
          30,55000         -66,80600          50,14000         -18,48400          -9,41426           0,05237
          30,60000         -66,80600          50,14200         -18,48800         -31,68572           0,02688
          30,65000         -66,80500          50,14100         -18,53300         -12,86027           0,03325
          30,70000         -66,80600          50,14100         -18,53300          -6,98928           0,03963
          30,75000         -66,80600          50,14100         -18,56900         -32,26006           0,02051
          30,80000         -66,80500          50,14100         -18,58300          -5,07483           0,00139
          30,85000         -66,80600          50,14100         -18,58300           7,87963           0,00776
          30,90000         -66,80600          50,14100         -18,63200          -8,45703          -0,02410
          30,95000         -66,80600          50,14100         -18,63200         -20,13519           0,02688
          31,00000         -66,80600          50,14100         -18,62500         -32,06861           0,00776
          31,05000         -66,80500          50,14100         -18,68300         -19,05034           0,03325
          31,10000         -66,80500          50,14000         -18,68400         -23,83647           0,02688
          31,15000         -66,80500          50,14100         -18,73500         -18,41218           0,05237
          31,20000         -66,80500          50,14100         -18,73600         -24,28317           0,00139
          31,25000         -66,80600          50,14100         -18,73500         -26,89959          -0,00498
          31,30000         -66,80600          50,14100         -18,78400         -26,77196           0,00776
          31,35000         -66,80500          50,14100         -18,78400         -21,15623          -0,00498
          31,40000         -66,80700          50,14100         -18,78400         -27,53774           0,02051
          31,45000         -66,80600          50,14100         -18,83400         -22,36872           0,03963
          31,50000         -66,80500          50,14200         -18,83400          20,51502           0,02688
          31,55000         -66,80600          50,14100         -18,83400         -14,90235          -0,00498
          31,60000         -66,80600          50,14100         -18,88300         -31,23902           0,03963
          31,65000         -66,80600          50,14100         -18,88300         -31,87717           0,01413
          31,70000         -66,80700          50,14100         -18,92400         -18,15692           0,03963
          31,75000         -66,80500          50,14100         -18,93400         -26,38907           0,02688
          31,80000         -66,80600          50,14100         -18,93400         -20,07138           0,02688
          31,85000         -66,80600          50,14100         -18,93300         -25,62329           0,05874
          31,90000         -66,80600          50,14100         -18,98200         -31,74954           0,02688
          31,95000         -66,80500          50,14100         -18,98300         -31,68572           0,03963
          32,00000         -66,80600          50,14100         -19,03100         -34,74885           0,04600
          32,05000         -66,80600          50,14100         -19,03300         -35,32318           0,04600
          32,10000         -66,80600          50,14100         -19,03500         -32,45150           0,02688
          32,15000         -66,80600          50,14200         -19,08000         -33,34492           0,00139
          32,20000         -66,80500          50,14100         -19,08300         -34,04688          -0,01136
          32,25000         -66,80500          50,14100         -19,08400         -35,32318          -0,02410
          32,30000         -66,80500          50,14100         -19,13200         -32,57913           0,02051
          32,35000         -66,80500          50,14100         -19,13300         -32,45150           0,03963
          32,40000         -66,80500          50,14200         -19,13400         -35,96133           0,02688
          32,45000         -66,80600          50,14100         -19,18400         -31,43046           0,05237
          32,50000         -66,80600          50,14100         -19,18400         -31,30283           0,02051
          32,55000         -66,80600          50,14100         -19,18600         -31,04757          -0,00498
          32,60000         -66,80500          50,14100         -19,23400         -29,45220           0,05237
          32,65000         -66,80500          50,14100         -19,23500         -30,60087           0,02688
          32,70000         -66,80500          50,14100         -19,23500         -29,64364           0,00139
          32,75000         -66,80600          50,14100         -19,28400         -31,04757           0,02051
          32,80000         -66,80500          50,14100         -19,28500         -34,11070           0,02051
          32,85000         -66,80600          50,14100         -19,33600         -25,62329          -0,01773
          32,90000         -66,80500          50,14100         -19,33500         -23,96410           0,06512
          32,95000         -66,80600          50,14200         -19,33500         -28,68641           0,07786
          33,00000         -66,80600          50,14100         -19,38400         -32,57913           0,07786
          33,05000         -66,80600          50,14200         -19,38400         -39,53498           0,04600
          33,10000         -66,80400          50,14100         -19,38400         -22,04964           0,00776
          33,15000         -66,80500          50,14100         -19,43400         -27,60156           0,05874
          33,20000         -66,80500          50,14100         -19,43400         -22,81543           0,02688
          33,25000         -66,80500          50,14200         -19,45000         -28,68641           0,00139
          33,30000         -66,80600          50,14100         -19,48400         -44,83163           0,02051
          33,35000         -66,80500          50,14100         -19,48400         -33,28110           0,03325
          33,40000         -66,80600          50,14100         -19,51400         -33,60018          -0,01136
          33,45000         -66,80500          50,14100         -19,53400         -32,26006           0,02051
          33,50000         -66,80500          50,14100         -19,53400         -33,21729          -0,01136
          33,55000         -66,80600          50,13900         -19,58300          93,96619           0,02051
          33,60000         -66,80500          50,14100         -19,58400         -32,70676           0,02051
          33,65000         -66,80600          50,14000         -19,58400         -30,09035           0,02051
          33,70000         -66,80600          50,14100         -19,63300         -22,43254           0,02688
          33,75000         -66,80500          50,14100         -19,63400         -15,73195           0,02051
          33,80000         -66,80600          50,14100         -19,63400         -18,53981           0,03963
          33,85000         -66,80500          50,14100         -19,68300         -31,36665           0,04600
          33,90000         -66,80500          50,14100         -19,68400         -34,17451          -0,00498
          33,95000         -66,80500          50,14100         -19,69600         -32,13243           0,01413
          34,00000         -66,80500          50,14000         -19,73400         -33,79162          -0,02410
          34,05000         -66,80600          50,14100         -19,73400         -35,32318           0,03325
          34,10000         -66,80600          50,14100         -19,73400         -38,32249           0,00776
          34,15000         -66,80500          50,14000         -19,78300         -49,17106           0,02688
          34,20000         -66,80500          50,14100         -19,78400         202,26039           0,01413
          34,25000         -66,80500          50,14100         -19,83400         -49,42632           0,02688
          34,30000         -66,80600          50,14100         -19,83400         -44,44874           0,00776
          34,35000         -66,80600          50,14100         -19,83500           5,39084           0,00776
          34,40000         -66,80500          50,14100         -19,88400         132,82958          -0,02410
          34,45000         -66,80500          50,14200         -19,88500          78,71438           0,02688
          34,50000         -66,80500          50,14100         -19,93300         132,82958           0,00776
          34,55000         -66,80600          50,14100         -19,93400         216,74642           0,05237
          34,60000         -66,80600          50,14100         -19,93400         131,55327           0,00139
          34,65000         -66,80500          50,14100         -19,94800         312,08616           0,03963
          34,70000         -66,80600          50,14100         -19,98400         223,70226           0,02688
          34,75000         -66,80700          50,14200         -20,01900         281,96544           0,00776
          34,80000         -66,80600          50,14000         -20,03300         395,36485           0,03963
          34,85000         -66,80600          50,14100         -20,03400         356,43765           0,02688
          34,90000         -66,80600          50,14100         -20,03400         436,20651           0,02051
          34,95000         -66,80600          50,14100         -20,08400         322,16895           0,01413
          35,00000         -66,80600          50,14100         -20,08500         426,63425           0,00776
          35,05000         -66,80500          50,14100         -20,13500         376,66703           0,00139
          35,10000         -66,80600          50,14100         -20,13500         484,51453          -0,00498
          35,15000         -66,80500          50,14100         -20,13500         390,96161           0,05874
          35,20000         -66,80500          50,14000         -20,18400         623,18472           0,02688
          35,25000         -66,80600          50,14100         -20,18500         360,96852           0,04600
          35,30000         -66,80600          50,14000         -20,18500         448,96953          -0,01773
          35,35000         -66,80600          50,14100         -20,23400         453,69184           0,00776
          35,40000         -66,80600          50,14100         -20,23400         599,25406           0,00139
          35,45000         -66,80600          50,14000         -20,23400         306,02373           0,00139
          35,50000         -66,80600          50,14000         -20,23500         403,02266           0,05874
          35,55000         -66,80600          50,14100         -20,23500         673,79009           0,04600
          35,60000         -66,80500          50,14200         -10,07800         -35,25937          -0,02410
          35,65000         -66,80500          50,14200         -10,07800         -35,70607          -0,01136
          35,70000         -66,80400          50,14200         -10,07900         -35,76989           0,03325
          35,75000         -66,80500          50,14300         -10,07800         -35,45081           0,01413
          35,80000         -66,80500          50,14300         -10,07800         -35,00411           0,04600
          35,85000         -66,80400          50,14200         -10,07800         -35,25937          -0,00498
          35,90000         -66,80500          50,14200         -10,07900         -34,81266          -0,01136
          35,95000         -66,80500          50,14200         -10,07900         -35,83370           0,00139
          36,00000         -66,80400          50,14300         -10,07800         -35,96133           0,03325
          36,05000         -66,80400          50,14200         -10,07800         -36,08896           0,03325
          36,10000         -66,80500          50,14200         -10,07800         -35,06792           0,00776
          36,15000         -66,80400          50,14200         -10,07800         -34,87648          -0,00498
          36,20000         -66,80500          50,14300         -10,07900         -35,96133           0,02688
          36,25000         -66,80500          50,14300         -10,07800         -35,45081           0,04600
          36,30000         -66,80400          50,14200         -10,07800         -35,06792           0,02051
          36,35000         -66,80500          50,14200         -10,07900         -35,00411           0,05237
          36,40000         -66,80500          50,14300         -10,07800         -34,94029           0,02051
          36,45000         -66,80500          50,14300         -10,07900         -35,45081           0,01413
          36,50000         -66,80400          50,14200         -10,07900         -35,57844           0,01413
          36,55000         -66,80500          50,14200         -10,07900         -35,38700          -0,03047
          36,60000         -66,80500          50,14300         -10,07900         -35,45081           0,03963
          36,65000         -66,80500          50,14200         -10,07800         -34,87648           0,01413
          36,70000         -66,80500          50,14200         -10,07800         -35,19555           0,02688
          36,75000         -66,80500          50,14300         -10,07900         -35,00411           0,02051
          36,80000         -66,80400          50,14200         -10,07900         -36,34422           0,05237
          36,85000         -66,80500          50,14300         -10,07900         -36,15278           0,04600
          36,90000         -66,80500          50,14300         -10,07900         -35,00411           0,03325
          36,95000         -66,80400          50,14200         -10,07900         -34,81266           0,03963
          37,00000         -66,80500          50,14200         -10,07900         -35,70607           0,01413
          37,05000         -66,80500          50,14300         -10,07800         -35,96133           0,01413
          37,10000         -66,80500          50,14200         -10,07800         -35,83370           0,00776
          37,15000         -66,80400          50,14300         -10,07800         -35,00411          -0,00498
          37,20000         -66,80500          50,14300         -10,07900         -35,25937           0,06512
          37,25000         -66,80500          50,14300         -10,07800         -35,19555           0,04600
          37,30000         -66,80500          50,14200         -10,07800         -35,51463           0,04600
          37,35000         -66,80500          50,14300         -10,07900         -35,38700           0,05237
          37,40000         -66,80400          50,14200         -10,07900         -35,38700           0,02688
          37,45000         -66,80500          50,14200         -10,07800         -35,06792           0,03963
          37,50000         -66,80500          50,14300         -10,07800         -35,32318          -0,00498
          37,55000         -66,80500          50,14200         -10,07800         -35,76989           0,00776
          37,60000         -66,80500          50,14300         -10,07800         -35,38700           0,02688
          37,65000         -66,80500          50,14200         -10,07800         -34,74885           0,00776
          37,70000         -66,80400          50,14300         -10,07800         -35,06792           0,03963
          37,75000         -66,80400          50,14300         -10,07800         -34,81266           0,02688
          37,80000         -66,80400          50,14300         -10,07800         -35,83370           0,00776
          37,85000         -66,80400          50,14300         -10,07900         -35,76989           0,02051
          37,90000         -66,80500          50,14300         -10,07800         -35,76989          -0,03047
          37,95000         -66,80400          50,14300         -10,07800         -34,94029           0,04600
          38,00000         -66,80500          50,14300         -10,07900         -35,06792           0,05237
          38,05000         -66,80500          50,14300         -10,07800         -35,51463           0,01413
          38,10000         -66,80400          50,14300         -10,07800         -35,57844           0,00139
          38,15000         -66,80400          50,14200         -10,07800         -35,51463           0,07149
          38,20000         -66,80400          50,14200         -10,07900         -35,19555           0,00776
          38,25000         -66,80500          50,14200         -10,07900         -35,19555           0,00776
          38,30000         -66,80400          50,14300         -10,07900         -35,45081           0,02051
          38,35000         -66,80500          50,14200         -10,07900         -35,76989          -0,00498
          38,40000         -66,80400          50,14200         -10,07900         -35,13174           0,03325
          38,45000         -66,80400          50,14200         -10,07800         -35,13174           0,03963
          38,50000         -66,80500          50,14300         -10,07900         -34,74885           0,05237
          38,55000         -66,80400          50,14300         -10,07800         -35,13174           0,02688
          38,60000         -66,80400          50,14300         -10,07900         -35,51463           0,03963
          38,65000         -66,80400          50,14200         -10,07800         -35,38700           0,05237
