
// =========================================================================================================
// 2026-04-17, 16:18:51
//        Time [s]        Pos X [um]        Pos Y [um]        Pos Z [um]      Force A [uN]      Force B [uN]
// =========================================================================================================
           0,00000       -2550,02500          57,81800         -10,45200         -54,85060           0,02688
           0,05000       -2550,02500          57,81900         -10,45200         -54,91442           0,05237
           0,10000       -2550,02500          57,81800         -10,45300         -55,29731           0,01413
           0,15000       -2550,02500          57,81800         -10,45200         -54,53153           0,00776
           0,20000       -2550,02500          57,81900         -10,45300         -54,72297           0,01413
           0,25000       -2550,02500          57,81900         -10,45300         -55,42494           0,02688
           0,30000       -2550,02500          57,81800         -10,45300         -54,72297           0,02688
           0,35000       -2550,02500          57,81800         -10,45200         -55,10586           0,00776
           0,40000       -2550,02500          57,81800         -10,45200         -55,16968           0,01413
           0,45000       -2550,02500          57,81900         -10,45200         -54,40390           0,02051
           0,50000       -2550,02600          57,81800         -10,45200         -55,16968           0,02051
           0,55000       -2550,02500          57,81800         -10,45200         -54,97823           0,00139
           0,60000       -2550,02500          57,81800         -10,45200         -54,78679           0,05237
           0,65000       -2550,02600          57,81800         -10,45200         -54,53153           0,02051
           0,70000       -2550,02600          57,81800         -10,45200         -55,04205           0,04600
           0,75000       -2550,02600          57,81900         -10,45200         -54,97823           0,05874
           0,80000       -2550,02500          57,81900         -10,45200         -54,27626           0,01413
           0,85000       -2550,02600          57,81800         -10,45300         -54,91442           0,04600
           0,90000       -2550,02500          57,81800         -10,45200         -55,29731           0,00776
           0,95000       -2550,02500          57,81800         -10,45300         -54,46771           0,01413
           1,00000       -2550,02500          57,81800         -10,45200         -55,42494           0,05874
           1,05000       -2550,02500          57,81900         -10,45200         -54,59534           0,05874
           1,10000       -2550,02500          57,81800         -10,45200         -55,16968           0,01413
           1,15000       -2550,02500          57,81900         -10,45200         -54,72297           0,03325
           1,20000       -2550,02600          57,81900         -10,45200         -54,78679          -0,01136
           1,25000       -2550,02500          57,81800         -10,45200         -54,59534           0,02051
           1,30000       -2550,02600          57,81900         -10,45300         -54,78679           0,05874
           1,35000       -2550,02600          57,81900         -10,45200         -54,59534           0,02688
           1,40000       -2550,02500          57,81800         -10,45300         -54,97823           0,02688
           1,45000       -2550,02500          57,81900         -10,45300         -54,91442           0,01413
           1,50000       -2550,02500          57,81800         -10,45300         -55,04205           0,00776
           1,55000       -2550,02500          57,81900         -10,45200         -54,27626           0,01413
           1,60000       -2550,02600          57,81800         -10,45300         -54,85060           0,02051
           1,65000       -2550,02500          57,81900         -10,45300         -54,59534           0,00776
           1,70000       -2550,02600          57,81900         -10,45200         -54,72297           0,02051
           1,75000       -2550,02600          57,81900         -10,45200         -54,78679           0,05874
           1,80000       -2550,02500          57,81900         -10,45200         -54,91442           0,02688
           1,85000       -2550,02500          57,81900         -10,45200         -54,72297           0,07149
           1,90000       -2550,02600          57,81900         -10,45200         -54,78679           0,01413
           1,95000       -2550,02500          57,81900         -10,45200         -54,46771           0,02051
           2,00000       -2550,02500          57,81800         -10,45200         -55,04205           0,02688
           2,05000       -2550,02500          57,81800         -10,45200         -54,72297           0,01413
           2,10000       -2550,02600          57,81900         -10,45200         -55,16968           0,00139
           2,15000       -2550,02600          57,81800         -10,45300         -54,91442           0,00139
           2,20000       -2550,02500          57,81800         -10,18000         -55,23349          -0,01773
           2,25000       -2550,02500          57,81700         -10,14000         -55,42494           0,00776
           2,30000       -2550,02600          57,81800         -10,14000         -54,85060           0,02688
           2,35000       -2550,02600          57,81800         -10,13600         -54,91442          -0,00498
           2,40000       -2550,02600          57,81800         -10,13600         -54,14863           0,02051
           2,45000       -2550,02500          57,81800         -10,13600         -54,40390           0,01413
           2,50000       -2550,02500          57,81800         -10,13000         -55,29731           0,00139
           2,55000       -2550,02500          57,81700         -10,13100         -54,65916           0,05237
           2,60000       -2550,02500          57,81700         -10,13100         -54,85060           0,02688
           2,65000       -2550,02500          57,81700         -10,12600         -54,59534           0,03325
           2,70000       -2550,02500          57,81700         -10,12600         -54,59534          -0,01773
           2,75000       -2550,02500          57,81800         -10,12600         -55,29731          -0,00498
           2,80000       -2550,02600          57,81800         -10,11900         -54,91442           0,00776
           2,85000       -2550,02500          57,81800         -10,12200         -54,27626          -0,01773
           2,90000       -2550,02600          57,81800         -10,11700         -55,10586           0,07786
           2,95000       -2550,02500          57,81700         -10,11800         -54,72297           0,06512
           3,00000       -2550,02500          57,81800         -10,11900         -55,04205           0,04600
           3,05000       -2550,02400          57,81800         -10,10600         -54,91442           0,01413
           3,10000       -2550,02400          57,81700         -10,11400         -54,27626           0,05237
           3,15000       -2550,02500          57,81700         -10,10700         -54,91442           0,03963
           3,20000       -2550,02500          57,81700         -10,11100         -54,85060          -0,01136
           3,25000       -2550,02500          57,81700         -10,11100         -55,10586           0,02688
           3,30000       -2550,02500          57,81700         -10,11100         -54,72297           0,03963
           3,35000       -2550,02500          57,81700         -10,10700         -54,59534          -0,00498
           3,40000       -2550,02500          57,81700         -10,10700         -55,16968           0,00139
           3,45000       -2550,02400          57,81800         -10,10200         -54,72297           0,02688
           3,50000       -2550,02400          57,81700         -10,10400         -55,29731           0,02688
           3,55000       -2550,02500          57,81700         -10,10500         -54,59534          -0,00498
           3,60000       -2550,02500          57,81700         -10,10400         -55,16968           0,03963
           3,65000       -2550,02500          57,81700         -10,10400         -54,78679           0,02688
           3,70000       -2550,02600          57,81700         -10,10500         -55,74401           0,05237
           3,75000       -2550,02500          57,81700         -10,12100         -54,85060          -0,01773
           3,80000       -2550,02500          57,81700         -10,12200         -55,04205           0,03325
           3,85000       -2550,02500          57,81700         -10,12400         -55,04205           0,04600
           3,90000       -2550,02500          57,81700         -10,15700         -54,91442           0,03325
           3,95000       -2550,02500          57,81800         -10,17800         -54,53153           0,01413
           4,00000       -2550,02500          57,81700         -10,19900         -54,53153           0,00139
           4,05000       -2550,02500          57,81700         -10,19900         -54,91442           0,00139
           4,10000       -2550,02500          57,81800         -10,20000         -54,53153           0,00139
           4,15000       -2550,02500          57,81800         -10,24200         -54,85060           0,00776
           4,20000       -2550,02500          57,81700         -10,24300         -54,91442           0,01413
           4,25000       -2550,02500          57,81600         -10,24300         -54,78679           0,00776
           4,30000       -2550,02500          57,81700         -10,29200         -54,53153           0,00776
           4,35000       -2550,02500          57,81700         -10,29200         -54,97823           0,05237
           4,40000       -2550,02500          57,81800         -10,31500         -54,97823           0,02688
           4,45000       -2550,02500          57,81700         -10,34100         -54,46771           0,00776
           4,50000       -2550,02500          57,81700         -10,34100         -54,78679           0,03963
           4,55000       -2550,02600          57,81700         -10,39100         -54,59534           0,00776
           4,60000       -2550,02600          57,81700         -10,39200         -54,40390           0,02051
           4,65000       -2550,02500          57,81700         -10,40500         -54,59534           0,02688
           4,70000       -2550,02600          57,81700         -10,44100         -54,34008           0,05237
           4,75000       -2550,02600          57,81800         -10,44100         -54,65916           0,01413
           4,80000       -2550,02500          57,81700         -10,49300         -55,16968           0,03963
           4,85000       -2550,02600          57,81700         -10,49500         -54,65916           0,02688
           4,90000       -2550,02500          57,81800         -10,49500         -54,14863           0,02051
           4,95000       -2550,02500          57,81800         -10,54500         -55,10586           0,05874
           5,00000       -2550,02600          57,81700         -10,54600         -54,59534          -0,00498
           5,05000       -2550,02500          57,81700         -10,59500         -55,23349          -0,01136
           5,10000       -2550,02500          57,81700         -10,59600         -54,85060           0,00776
           5,15000       -2550,02500          57,81700         -10,59700         -54,85060          -0,01773
           5,20000       -2550,02400          57,81900         -10,64600         -54,65916           0,02688
           5,25000       -2550,02500          57,81600         -10,64800         -54,85060           0,00776
           5,30000       -2550,02700          57,81700         -10,70000         -54,53153           0,05237
           5,35000       -2550,02600          57,81600         -10,70000         -54,65916           0,03963
           5,40000       -2550,02600          57,81800         -10,70100         -54,78679           0,05874
           5,45000       -2550,02500          57,81800         -10,75300         -54,72297           0,05874
           5,50000       -2550,02600          57,81600         -10,74900         -54,65916           0,00776
           5,55000       -2550,02500          57,81700         -10,75000         -54,72297           0,03963
           5,60000       -2550,02600          57,81800         -10,76300         -54,85060           0,06512
           5,65000       -2550,02600          57,81700         -10,80100         -54,40390           0,02051
           5,70000       -2550,02600          57,81700         -10,80200         -54,59534           0,00139
           5,75000       -2550,02600          57,81700         -10,85200         -54,40390          -0,01773
           5,80000       -2550,02600          57,81600         -10,85100         -55,16968           0,00776
           5,85000       -2550,02600          57,81700         -10,85200         -54,40390           0,03325
           5,90000       -2550,02600          57,81700         -10,90300         -54,85060           0,03963
           5,95000       -2550,02600          57,81600         -10,90400         -54,46771           0,02051
           6,00000       -2550,02500          57,81600         -10,95400         -54,85060           0,01413
           6,05000       -2550,02500          57,81600         -10,95500         -55,36112           0,03963
           6,10000       -2550,02600          57,81700         -10,95600         -54,97823          -0,00498
           6,15000       -2550,02500          57,81700         -11,00500         -54,72297           0,02688
           6,20000       -2550,02500          57,81700         -11,00500         -54,59534           0,07149
           6,25000       -2550,02600          57,81700         -11,00500         -54,34008           0,00776
           6,30000       -2550,02500          57,81600         -11,05500         -54,72297           0,00776
           6,35000       -2550,02500          57,81600         -11,05500         -54,65916           0,05237
           6,40000       -2550,02600          57,81600         -11,05600         -54,65916           0,01413
           6,45000       -2550,02500          57,81700         -11,10500         -54,85060           0,02688
           6,50000       -2550,02500          57,81700         -11,10600         -54,91442           0,02051
           6,55000       -2550,02500          57,81600         -11,11900         -54,46771           0,02051
           6,60000       -2550,02500          57,81600         -11,15600         -54,59534           0,05237
           6,65000       -2550,02600          57,81600         -11,15600         -54,59534           0,00139
           6,70000       -2550,02500          57,81600         -11,20500         -54,65916           0,01413
           6,75000       -2550,02500          57,81600         -11,20500         -54,78679           0,03963
           6,80000       -2550,02500          57,81800         -11,22700         -54,08482           0,07149
           6,85000       -2550,02600          57,81600         -11,25700         -54,91442           0,01413
           6,90000       -2550,02500          57,81600         -11,25700         -55,23349           0,00776
           6,95000       -2550,02500          57,81600         -11,25800         -54,27626           0,02051
           7,00000       -2550,02600          57,81700         -11,30600         -54,53153           0,05874
           7,05000       -2550,02600          57,81700         -11,30600         -54,78679           0,00139
           7,10000       -2550,02500          57,81700         -11,35600         -54,65916           0,02688
           7,15000       -2550,02600          57,81600         -11,35700         -54,27626           0,03963
           7,20000       -2550,02500          57,81600         -11,35600         -54,97823           0,01413
           7,25000       -2550,02500          57,81700         -11,40400         -55,16968           0,02688
           7,30000       -2550,02500          57,81600         -11,40600         -54,59534           0,02051
           7,35000       -2550,02500          57,81700         -11,42900         -55,10586           0,02688
           7,40000       -2550,02500          57,81700         -11,45900         -54,34008           0,02688
           7,45000       -2550,02600          57,81700         -11,45800         -54,27626           0,00139
           7,50000       -2550,02500          57,81600         -11,50600         -54,65916           0,03325
           7,55000       -2550,02500          57,81600         -11,50800         -53,70193           0,05237
           7,60000       -2550,02600          57,81500         -11,50700         -54,40390           0,03325
           7,65000       -2550,02500          57,81600         -11,55700         -54,02100           0,05237
           7,70000       -2550,02500          57,81600         -11,55700         -54,34008           0,00776
           7,75000       -2550,02600          57,81700         -11,55800         -54,78679          -0,00498
           7,80000       -2550,02500          57,81700         -11,60700         -54,40390           0,00776
           7,85000       -2550,02600          57,81600         -11,60800         -54,53153           0,05237
           7,90000       -2550,02600          57,81600         -11,65600         -54,97823           0,02688
           7,95000       -2550,02500          57,81700         -11,65700         -55,29731           0,00139
           8,00000       -2550,02500          57,81600         -11,65700         -54,65916          -0,01136
           8,05000       -2550,02500          57,81700         -11,70700         -54,72297           0,00776
           8,10000       -2550,02600          57,81700         -11,70600         -54,72297           0,00139
           8,15000       -2550,02600          57,81700         -11,70700         -54,91442           0,01413
           8,20000       -2550,02600          57,81600         -11,75500         -54,08482           0,04600
           8,25000       -2550,02600          57,81600         -11,75700         -55,16968           0,05874
           8,30000       -2550,02500          57,81600         -11,75800         -54,78679          -0,00498
           8,35000       -2550,02500          57,81600         -11,80500         -54,59534           0,03963
           8,40000       -2550,02600          57,81600         -11,80800         -55,23349           0,01413
           8,45000       -2550,02600          57,81600         -11,83700         -54,46771           0,04600
           8,50000       -2550,02600          57,81600         -11,85900         -55,29731           0,00139
           8,55000       -2550,02500          57,81600         -11,85900         -54,46771           0,02688
           8,60000       -2550,02600          57,81600         -11,90600         -54,72297           0,04600
           8,65000       -2550,02600          57,81700         -11,90900         -54,46771           0,03963
           8,70000       -2550,02600          57,81600         -11,90900         -54,85060           0,03963
           8,75000       -2550,02600          57,81600         -11,95900         -54,65916           0,01413
           8,80000       -2550,02600          57,81600         -11,95800         -54,85060           0,00776
           8,85000       -2550,02500          57,81700         -12,00900         -54,59534          -0,01136
           8,90000       -2550,02600          57,81700         -12,00900         -54,91442           0,00776
           8,95000       -2550,02600          57,81700         -12,00900         -55,16968           0,05874
           9,00000       -2550,02500          57,81700         -12,05900         -54,65916           0,03325
           9,05000       -2550,02500          57,81600         -12,06000         -54,85060           0,03325
           9,10000       -2550,02500          57,81700         -12,06000         -54,21245           0,00139
           9,15000       -2550,02500          57,81600         -12,10900         -54,59534           0,07786
           9,20000       -2550,02600          57,81700         -12,11000         -54,97823           0,01413
           9,25000       -2550,02500          57,81700         -12,16000         -54,78679           0,00776
           9,30000       -2550,02500          57,81700         -12,16100         -54,78679           0,00776
           9,35000       -2550,02600          57,81700         -12,16200         -54,72297           0,02051
           9,40000       -2550,02500          57,81600         -12,21000         -54,27626          -0,00498
           9,45000       -2550,02500          57,81600         -12,21000         -54,72297           0,02688
           9,50000       -2550,02500          57,81600         -12,24000         -54,65916           0,02688
           9,55000       -2550,02600          57,81600         -12,26200         -54,72297          -0,01136
           9,60000       -2550,02600          57,81600         -12,26200         -54,27626           0,02688
           9,65000       -2550,02500          57,81700         -12,31200         -54,14863           0,02688
           9,70000       -2550,02500          57,81600         -12,31200         -54,72297           0,02688
           9,75000       -2550,02500          57,81700         -12,31200         -54,14863           0,00776
           9,80000       -2550,02500          57,81700         -12,36100         -54,40390           0,00776
           9,85000       -2550,02500          57,81700         -12,36100         -54,72297           0,04600
           9,90000       -2550,02600          57,81600         -12,41100         -54,46771           0,00776
           9,95000       -2550,02600          57,81700         -12,41200         -54,78679           0,02688
          10,00000       -2550,02600          57,81700         -12,41200         -54,72297          -0,01773
          10,05000       -2550,02600          57,81700         -12,46100         -54,27626           0,03963
          10,10000       -2550,02600          57,81600         -12,46300         -54,91442           0,00776
          10,15000       -2550,02600          57,81700         -12,51300         -54,14863           0,05237
          10,20000       -2550,02600          57,81700         -12,51500         -54,85060           0,00776
          10,25000       -2550,02700          57,81700         -12,51500         -54,97823           0,00776
          10,30000       -2550,02600          57,81600         -12,56400         -55,23349           0,05874
          10,35000       -2550,02600          57,81700         -12,56400         -54,59534           0,00139
          10,40000       -2550,02500          57,81600         -12,58300         -54,34008           0,02688
          10,45000       -2550,02600          57,81700         -12,61400         -54,46771           0,03963
          10,50000       -2550,02600          57,81600         -12,61400         -54,65916           0,01413
          10,55000       -2550,02600          57,81600         -12,61400         -54,65916          -0,03685
          10,60000       -2550,02700          57,81600         -12,66200         -54,65916           0,03963
          10,65000       -2550,02700          57,81600         -12,66400         -54,85060           0,02688
          10,70000       -2550,02600          57,81600         -12,71300         -54,27626           0,03325
          10,75000       -2550,02600          57,81700         -12,71400         -54,46771           0,03963
          10,80000       -2550,02500          57,81700         -12,71400         -54,59534          -0,00498
          10,85000       -2550,02600          57,81600         -12,74900         -54,40390           0,02051
          10,90000       -2550,02500          57,81700         -12,76200         -54,59534           0,00776
          10,95000       -2550,02500          57,81700         -12,76300         -54,46771           0,02688
          11,00000       -2550,02600          57,81800         -12,81000         -54,34008           0,02688
          11,05000       -2550,02600          57,81700         -12,81400         -54,34008          -0,00498
          11,10000       -2550,02600          57,81600         -12,81400         -54,08482           0,02688
          11,15000       -2550,02600          57,81600         -12,86400         -54,59534           0,05874
          11,20000       -2550,02600          57,81700         -12,86400         -54,78679           0,02688
          11,25000       -2550,02600          57,81600         -12,86500         -54,53153           0,01413
          11,30000       -2550,02500          57,81600         -12,91400         -54,59534           0,01413
          11,35000       -2550,02600          57,81600         -12,91400         -54,78679           0,05874
          11,40000       -2550,02600          57,81600         -12,91500         -54,78679           0,03325
          11,45000       -2550,02600          57,81600         -12,96500         -54,65916           0,03325
          11,50000       -2550,02600          57,81600         -12,96600         -54,53153           0,05237
          11,55000       -2550,02600          57,81600         -13,01400         -54,78679           0,03963
          11,60000       -2550,02500          57,81600         -13,01400         -54,91442           0,02051
          11,65000       -2550,02500          57,81700         -13,01500         -54,40390           0,00776
          11,70000       -2550,02500          57,81600         -13,02500         -55,10586           0,03963
          11,75000       -2550,02500          57,81600         -13,06500         -54,59534           0,00776
          11,80000       -2550,02600          57,81600         -13,11400         -54,91442           0,00776
          11,85000       -2550,02600          57,81600         -13,11300         -54,72297           0,00776
          11,90000       -2550,02500          57,81600         -13,11400         -55,10586           0,00139
          11,95000       -2550,02500          57,81600         -13,15600         -55,04205           0,01413
          12,00000       -2550,02600          57,81600         -13,16400         -54,65916          -0,01773
          12,05000       -2550,02500          57,81600         -13,16600         -54,91442           0,02051
          12,10000       -2550,02500          57,81700         -13,21400         -54,46771           0,00776
          12,15000       -2550,02500          57,81700         -13,21500         -54,59534           0,05874
          12,20000       -2550,02600          57,81700         -13,21500         -54,59534           0,00139
          12,25000       -2550,02600          57,81600         -13,26400         -54,53153           0,00776
          12,30000       -2550,02500          57,81600         -13,26500         -54,59534           0,03325
          12,35000       -2550,02500          57,81700         -13,26500         -54,40390           0,00776
          12,40000       -2550,02500          57,81600         -13,31500         -54,27626           0,00139
          12,45000       -2550,02500          57,81700         -13,31500         -54,08482           0,00776
          12,50000       -2550,02500          57,81600         -13,33200         -54,08482           0,04600
          12,55000       -2550,02600          57,81600         -13,36500         -54,72297           0,02051
          12,60000       -2550,02600          57,81700         -13,36500         -54,27626           0,03325
          12,65000       -2550,02500          57,81600         -13,36500         -54,53153           0,03963
          12,70000       -2550,02600          57,81600         -13,41400         -54,91442          -0,00498
          12,75000       -2550,02500          57,81700         -13,41400         -54,91442           0,03325
          12,80000       -2550,02500          57,81600         -13,46400         -54,97823          -0,01773
          12,85000       -2550,02400          57,81600         -13,46500         -54,91442          -0,01136
          12,90000       -2550,02600          57,81700         -13,46600         -54,97823           0,01413
          12,95000       -2550,02500          57,81600         -13,51400         -53,82956           0,02051
          13,00000       -2550,02500          57,81600         -13,51500         -54,02100           0,01413
          13,05000       -2550,02500          57,81600         -13,54100         -54,46771           0,00776
          13,10000       -2550,02500          57,81600         -13,56500         -54,72297           0,03963
          13,15000       -2550,02500          57,81600         -13,56600         -53,06378           0,02051
          13,20000       -2550,02500          57,81600         -13,61200         -53,25522           0,03325
          13,25000       -2550,02600          57,81700         -13,61300         -53,06378           0,00139
          13,30000       -2550,02600          57,81700         -13,61400         -53,51048           0,06512
          13,35000       -2550,02600          57,81700         -13,66400         -52,87233           0,02051
          13,40000       -2550,02600          57,81700         -13,66400         -53,12759           0,03325
          13,45000       -2550,02500          57,81700         -13,66400         -54,14863           0,01413
          13,50000       -2550,02600          57,81700         -13,71400         -54,97823           0,01413
          13,55000       -2550,02600          57,81700         -13,71500         -53,82956          -0,00498
          13,60000       -2550,02600          57,81600         -13,76200         -54,59534           0,02051
          13,65000       -2550,02600          57,81700         -13,76400         -54,46771           0,02051
          13,70000       -2550,02500          57,81700         -13,76400         -54,27626           0,05874
          13,75000       -2550,02600          57,81600         -13,81500         -54,02100          -0,00498
          13,80000       -2550,02600          57,81600         -13,81500         -52,55326           0,00139
          13,85000       -2550,02600          57,81600         -13,86400         -53,95719           0,01413
          13,90000       -2550,02600          57,81700         -13,86500         -53,95719          -0,03047
          13,95000       -2550,02500          57,81700         -13,86600         -53,57430           0,03963
          14,00000       -2550,02600          57,81600         -13,88800         -51,91511           0,01413
          14,05000       -2550,02600          57,81600         -13,91700         -53,95719           0,02051
          14,10000       -2550,02600          57,81600         -13,92500         -50,57499           0,02051
          14,15000       -2550,02600          57,81600         -13,96600         -51,91511           0,03325
          14,20000       -2550,02600          57,81700         -13,96700         -50,70262           0,03325
          14,25000       -2550,02600          57,81700         -13,97000         -51,78748           0,02688
          14,30000       -2550,02600          57,81700         -14,01700         -52,93615          -0,00498
          14,35000       -2550,02600          57,81700         -14,01700         -53,63811           0,01413
          14,40000       -2550,02600          57,81600         -14,06500         -50,19210           0,03963
          14,45000       -2550,02600          57,81600         -14,06600         -49,87302           0,03325
          14,50000       -2550,02600          57,81600         -14,06600         -50,06447           0,05874
          14,55000       -2550,02600          57,81600         -14,11500         -53,51048           0,04600
          14,60000       -2550,02600          57,81700         -14,11600         -49,29869           0,00139
          14,65000       -2550,02600          57,81600         -14,11700         -48,72435           0,00776
          14,70000       -2550,02600          57,81700         -14,16500         -48,46909           0,02051
          14,75000       -2550,02600          57,81700         -14,16500         -48,46909           0,02688
          14,80000       -2550,02600          57,81600         -14,16600         -48,53291           0,00139
          14,85000       -2550,02400          57,81600         -14,21300         -47,70331           0,02688
          14,90000       -2550,02600          57,81600         -14,21600         -47,76713           0,04600
          14,95000       -2550,02500          57,81700         -14,21600         -49,80921           0,03325
          15,00000       -2550,02500          57,81700         -14,26400         -51,65985           0,03325
          15,05000       -2550,02500          57,81600         -14,26400         -52,87233           0,03325
          15,10000       -2550,02500          57,81700         -14,31500         -50,95788           0,01413
          15,15000       -2550,02500          57,81600         -14,31600         -48,34146           0,03325
          15,20000       -2550,02600          57,81600         -14,31600         -52,04274           0,02688
          15,25000       -2550,02500          57,81600         -14,36600         -47,38424           0,03325
          15,30000       -2550,02600          57,81700         -14,36700         -47,76713          -0,01136
          15,35000       -2550,02500          57,81600         -14,36700         -46,68227          -0,00498
          15,40000       -2550,02500          57,81600         -14,41600         -47,51187           0,07149
          15,45000       -2550,02600          57,81600         -14,41700         -52,68089           0,03963
          15,50000       -2550,02600          57,81600         -14,46700         -48,53291           0,03325
          15,55000       -2550,02600          57,81600         -14,46700         -46,80990           0,04600
          15,60000       -2550,02500          57,81700         -14,46800         -46,68227          -0,00498
          15,65000       -2550,02500          57,81600         -14,51500         -46,17175           0,01413
          15,70000       -2550,02600          57,81700         -14,51700         -52,42563           0,04600
          15,75000       -2550,02600          57,81700         -14,56200         -47,83094           0,05237
          15,80000       -2550,02600          57,81700         -14,56300         -46,29938           0,03325
          15,85000       -2550,02600          57,81700         -14,56400         -46,55464           0,02051
          15,90000       -2550,02500          57,81700         -14,56400         -47,63950           0,04600
          15,95000       -2550,02500          57,81700         -14,61500         -52,04274           0,02051
          16,00000       -2550,02600          57,81700         -14,61600         -51,53222          -0,00498
          16,05000       -2550,02500          57,81700         -14,66500         -50,12828           0,01413
          16,10000       -2550,02600          57,81600         -14,66500         -47,38424           0,01413
          16,15000       -2550,02600          57,81700         -14,66500         -46,42701           0,05237
          16,20000       -2550,02600          57,81700         -14,66300         -49,93684           0,02688
          16,25000       -2550,02600          57,81600         -14,71500         -51,40459           0,02051
          16,30000       -2550,02600          57,81600         -14,71500         -44,38493           0,03963
          16,35000       -2550,02600          57,81600         -14,76500         -44,38493           0,02051
          16,40000       -2550,02500          57,81600         -14,76700         -45,98030           0,03963
          16,45000       -2550,02500          57,81600         -14,76600         -48,02239          -0,01773
          16,50000       -2550,02600          57,81600         -14,81500         -48,66054           0,03325
          16,55000       -2550,02500          57,81700         -14,81600         -50,06447           0,05874
          16,60000       -2550,02500          57,81700         -14,82400         -47,89476          -0,00498
          16,65000       -2550,02600          57,81600         -14,86600         -48,85198           0,00776
          16,70000       -2550,02500          57,81600         -14,86600         -51,08551           0,01413
          16,75000       -2550,02500          57,81600         -14,91500         -51,40459          -0,01136
          16,80000       -2550,02600          57,81700         -14,91500         -51,85129           0,05237
          16,85000       -2550,02600          57,81600         -14,91600         -45,21452          -0,01136
          16,90000       -2550,02600          57,81600         -14,96600         -52,17037           0,01413
          16,95000       -2550,02500          57,81600         -14,96600         -50,25591           0,02688
          17,00000       -2550,02500          57,81500         -15,00000         -43,30007           0,02688
          17,05000       -2550,02500          57,81500         -15,01500         -46,49082           0,02688
          17,10000       -2550,02600          57,81600         -15,01700         -50,57499           0,05237
          17,15000       -2550,02600          57,81600         -15,06700         -51,21314           0,02688
          17,20000       -2550,02500          57,81600         -15,06700         -51,21314          -0,01773
          17,25000       -2550,02600          57,81600         -15,06700         -51,46840           0,00776
          17,30000       -2550,02500          57,81600         -15,11600         -51,46840          -0,00498
          17,35000       -2550,02500          57,81600         -15,11500         -44,95926           0,02051
          17,40000       -2550,02600          57,81600         -15,16400         -51,46840           0,02688
          17,45000       -2550,02600          57,81600         -15,16500         -51,85129           0,02688
          17,50000       -2550,02500          57,81600         -15,16500         -51,72366           0,02051
          17,55000       -2550,02500          57,81600         -15,21500         -52,17037           0,00139
          17,60000       -2550,02500          57,81600         -15,21500         -52,55326           0,06512
          17,65000       -2550,02500          57,81600         -15,21500         -51,97892           0,05237
          17,70000       -2550,02500          57,81700         -15,26400         -51,65985           0,02688
          17,75000       -2550,02500          57,81700         -15,26400         -46,29938          -0,01136
          17,80000       -2550,02600          57,81600         -15,26500         -52,42563           0,04600
          17,85000       -2550,02600          57,81700         -15,31400         -51,78748          -0,01136
          17,90000       -2550,02600          57,81600         -15,31400         -53,06378          -0,00498
          17,95000       -2550,02600          57,81600         -15,31400         -52,48944           0,03963
          18,00000       -2550,02500          57,81600         -15,36400         -45,15071           0,06512
          18,05000       -2550,02500          57,81600         -15,36400         -52,87233           0,07786
          18,10000       -2550,02500          57,81700         -15,36500         -52,87233           0,02688
          18,15000       -2550,02600          57,81700         -15,41400         -51,97892           0,02051
          18,20000       -2550,02600          57,81600         -15,41500         -51,14933           0,05237
          18,25000       -2550,02500          57,81700         -15,45300         -44,83163           0,00139
          18,30000       -2550,02500          57,81600         -15,46500         -49,36250           0,00139
          18,35000       -2550,02500          57,81600         -15,46500         -51,14933           0,02688
          18,40000       -2550,02500          57,81600         -15,51400         -52,74470           0,07149
          18,45000       -2550,02600          57,81600         -15,51500         -52,80852          -0,01773
          18,50000       -2550,02600          57,81500         -15,53400         -43,61915           0,00776
          18,55000       -2550,02600          57,81600         -15,56300         -52,74470           0,00139
          18,60000       -2550,02600          57,81600         -15,56300         -52,23418           0,02051
          18,65000       -2550,02600          57,81600         -15,61400         -52,10655           0,01413
          18,70000       -2550,02600          57,81600         -15,61500         -52,61707           0,00776
          18,75000       -2550,02600          57,81600         -15,61400         -52,74470           0,03963
          18,80000       -2550,02600          57,81500         -15,66200         -51,91511           0,00139
          18,85000       -2550,02500          57,81600         -15,66400         -52,29800           0,01413
          18,90000       -2550,02600          57,81500         -15,66500         -42,98099           0,00139
          18,95000       -2550,02600          57,81600         -15,71400         -52,17037           0,02688
          19,00000       -2550,02600          57,81600         -15,71500         -52,17037          -0,00498
          19,05000       -2550,02600          57,81600         -15,71500         -52,61707           0,00776
          19,10000       -2550,02600          57,81600         -15,76500         -52,48944           0,02688
          19,15000       -2550,02600          57,81600         -15,76400         -44,32111           0,02051
          19,20000       -2550,02600          57,81600         -15,81300         -52,42563           0,00776
          19,25000       -2550,02600          57,81600         -15,81400         -52,80852           0,05237
          19,30000       -2550,02600          57,81600         -15,81500         -52,42563           0,04600
          19,35000       -2550,02500          57,81600         -15,81500         -52,68089           0,03325
          19,40000       -2550,02600          57,81600         -15,86300         -51,34077           0,02051
          19,45000       -2550,02500          57,81600         -15,86400         -42,47047           0,07786
          19,50000       -2550,02500          57,81600         -15,91300         -49,04343           0,05237
          19,55000       -2550,02500          57,81600         -15,91400         -50,63880           0,03963
          19,60000       -2550,02500          57,81500         -15,91400         -52,80852          -0,01136
          19,65000       -2550,02500          57,81600         -15,96500         -40,36458          -0,00498
          19,70000       -2550,02500          57,81600         -15,96500         -52,55326           0,02051
          19,75000       -2550,02400          57,81600         -16,00900         -48,59672           0,00776
          19,80000       -2550,02500          57,81700         -16,01400         -38,32249           0,02688
          19,85000       -2550,02500          57,81600         -16,01500         -48,21383           0,04600
          19,90000       -2550,02500          57,81500         -16,06500         -49,04343           0,00776
          19,95000       -2550,02500          57,81600         -16,06600         -51,08551           0,03325
          20,00000       -2550,02400          57,81500         -16,06600         -52,04274           0,00139
          20,05000       -2550,02400          57,81700         -16,08600         -50,44736          -0,00498
          20,10000       -2550,02500          57,81600         -16,11400         -51,59603           0,03963
          20,15000       -2550,02500          57,81600         -16,11500         -51,65985           0,04600
          20,20000       -2550,02500          57,81500         -16,15100         -40,30076           0,05874
          20,25000       -2550,02500          57,81500         -16,16500         -32,83439          -0,04322
          20,30000       -2550,02500          57,81600         -16,16500         -34,49359           0,02688
          20,35000       -2550,02400          57,81600         -16,21400         -39,91787           0,02051
          20,40000       -2550,02500          57,81600         -16,21400         -44,64019           0,04600
          20,45000       -2550,02500          57,81500         -16,21400         -39,59879           0,02051
          20,50000       -2550,02500          57,81600         -16,26400         -43,74678           0,04600
          20,55000       -2550,02500          57,81600         -16,26500         -47,89476           0,04600
          20,60000       -2550,02500          57,81600         -16,31300         -51,59603           0,01413
          20,65000       -2550,02500          57,81600         -16,31400         -51,59603           0,02688
          20,70000       -2550,02500          57,81600         -16,31500         -50,57499           0,03963
          20,75000       -2550,02500          57,81600         -16,31500         -50,83025          -0,01773
          20,80000       -2550,02500          57,81600         -16,36400         -48,08620           0,00776
          20,85000       -2550,02500          57,81700         -16,35600         -20,45427          -0,00498
          20,90000       -2550,02500          57,81600         -16,41400         -26,51670           0,03325
          20,95000       -2550,02500          57,81600         -16,41400         -32,57913           0,03963
          21,00000       -2550,02500          57,81700         -16,44600         -38,96064           0,00776
          21,05000       -2550,02500          57,81600         -16,46300         -29,00549           0,01413
          21,10000       -2550,02500          57,81600         -16,46400         -48,59672           0,03325
          21,15000       -2550,02600          57,81600         -16,51300         -51,27696           0,05237
          21,20000       -2550,02500          57,81600         -16,51300         -43,23625           0,01413
          21,25000       -2550,02500          57,81600         -16,51300         -27,21867           0,03325
          21,30000       -2550,02500          57,81600         -16,56300         -50,76643           0,03325
          21,35000       -2550,02500          57,81600         -16,56400         -21,09242           0,05237
          21,40000       -2550,02500          57,81700         -16,61000         -20,39045           0,03325
          21,45000       -2550,02500          57,81600         -16,61400         -19,05034           0,04600
          21,50000       -2550,02500          57,81600         -16,61400         -15,34906           0,02051
          21,55000       -2550,02500          57,81600         -16,61400         -23,00687           0,00139
          21,60000       -2550,02500          57,81600         -16,66400         -11,58397           0,05237
          21,65000       -2550,02500          57,81500         -16,66400         -16,94444           0,05237
          21,70000       -2550,02500          57,81700         -16,68200         -49,68158           0,03325
          21,75000       -2550,02500          57,81600         -16,71300          -7,05310           0,00776
          21,80000       -2550,02500          57,81600         -16,71300         -10,62674           0,05237
          21,85000       -2550,02500          57,81600         -16,76300         -15,22143           0,01413
          21,90000       -2550,02600          57,81500         -16,76300         -28,55878           0,02688
          21,95000       -2550,02500          57,81600         -16,76400         -49,68158           0,03963
          22,00000       -2550,02500          57,81500         -16,81400         -15,15762          -0,03047
          22,05000       -2550,02500          57,81600         -16,81400         -27,98445           0,03963
          22,10000       -2550,02500          57,81500         -16,86300          -8,90374           0,02051
          22,15000       -2550,02500          57,81600         -16,86400         -24,41080           0,02688
          22,20000       -2550,02400          57,81500         -16,86400         -49,42632           0,03963
          22,25000       -2550,02500          57,81600         -16,91300          -5,58535           0,02051
          22,30000       -2550,02500          57,81600         -16,91300         -25,68710          -0,01136
          22,35000       -2550,02400          57,81700         -16,92000         -47,19279           0,04600
          22,40000       -2550,02500          57,81600         -16,96200         -49,61776          -0,01136
          22,45000       -2550,02500          57,81700         -16,96300         -51,21314          -0,01773
          22,50000       -2550,02400          57,81600         -17,01300         -54,72297           0,01413
          22,55000       -2550,02400          57,81600         -17,01300         -54,53153           0,03963
          22,60000       -2550,02500          57,81500         -17,01400         -53,31904          -0,00498
          22,65000       -2550,02500          57,81600         -17,06300         -54,08482           0,02688
          22,70000       -2550,02500          57,81700         -17,06300         -55,23349           0,03963
          22,75000       -2550,02500          57,81600         -17,11200         -54,46771           0,04600
          22,80000       -2550,02500          57,81600         -17,11300         -53,51048           0,00139
          22,85000       -2550,02500          57,81600         -17,11400         -53,89337           0,01413
          22,90000       -2550,02500          57,81600         -17,16400         -52,61707           0,03325
          22,95000       -2550,02500          57,81600         -17,16400         -52,23418           0,03963
          23,00000       -2550,02500          57,81600         -17,16400         -53,19141           0,04600
          23,05000       -2550,02500          57,81800         -17,21100         -54,27626           0,03325
          23,10000       -2550,02500          57,81600         -17,21400         -55,48875           0,05237
          23,15000       -2550,02600          57,81600         -17,23600         -53,63811           0,03963
          23,20000       -2550,02500          57,81600         -17,26400         -53,82956           0,03325
          23,25000       -2550,02500          57,81600         -17,26400         -53,76574           0,03963
          23,30000       -2550,02500          57,81600         -17,26400         -53,76574           0,04600
          23,35000       -2550,02500          57,81600         -17,31200         -55,87164           0,00776
          23,40000       -2550,02500          57,81600         -17,31300         -53,51048          -0,00498
          23,45000       -2550,02500          57,81600         -17,36200         -55,16968           0,02688
          23,50000       -2550,02500          57,81600         -17,36300         -54,78679           0,05237
          23,55000       -2550,02500          57,81600         -17,36300         -52,55326           0,02688
          23,60000       -2550,02500          57,81600         -17,41300         -53,82956           0,03963
          23,65000       -2550,02500          57,81600         -17,41300         -53,19141           0,02688
          23,70000       -2550,02500          57,81500         -17,41400         -53,89337          -0,01773
          23,75000       -2550,02500          57,81600         -17,46200         -53,95719           0,05874
          23,80000       -2550,02500          57,81600         -17,46400         -54,27626           0,03325
          23,85000       -2550,02500          57,81500         -17,50300         -47,95857           0,05237
          23,90000       -2550,02500          57,81600         -17,51300         -53,76574           0,05874
          23,95000       -2550,02500          57,81500         -17,51400         -54,59534           0,04600
          24,00000       -2550,02500          57,81600         -17,56300         -54,34008           0,02051
          24,05000       -2550,02500          57,81500         -17,56300         -54,91442           0,03325
          24,10000       -2550,02500          57,81600         -17,56300         -34,36596           0,04600
          24,15000       -2550,02500          57,81500         -17,61300         -54,08482           0,02051
          24,20000       -2550,02500          57,81500         -17,61400         -54,40390           0,01413
          24,25000       -2550,02400          57,81600         -17,61400         -54,97823           0,01413
          24,30000       -2550,02500          57,81500         -17,66300         -55,36112           0,04600
          24,35000       -2550,02500          57,81600         -17,66300         -55,04205           0,03963
          24,40000       -2550,02600          57,81700         -17,66300         -54,78679          -0,01136
          24,45000       -2550,02500          57,81500         -17,71400         -54,59534           0,02051
          24,50000       -2550,02500          57,81600         -17,71400         -41,95995           0,02051
          24,55000       -2550,02500          57,81600         -17,76300         -54,02100           0,01413
          24,60000       -2550,02500          57,81600         -17,76400         -54,02100           0,00139
          24,65000       -2550,02600          57,81600         -17,76400         -55,04205           0,02051
          24,70000       -2550,02600          57,81500         -17,81400         -54,53153           0,02688
          24,75000       -2550,02600          57,81500         -17,81300         -48,08620           0,00776
          24,80000       -2550,02500          57,81600         -17,86400         -55,04205           0,02051
          24,85000       -2550,02600          57,81600         -17,86400         -54,02100           0,03963
          24,90000       -2550,02600          57,81600         -17,86500         -54,97823           0,02688
          24,95000       -2550,02500          57,81600         -17,91400         -54,14863          -0,00498
          25,00000       -2550,02500          57,81600         -17,91400         -42,53429           0,05237
          25,05000       -2550,02500          57,81600         -17,96400         -52,80852           0,03325
          25,10000       -2550,02500          57,81600         -17,96500         -51,27696           0,01413
          25,15000       -2550,02500          57,81600         -17,96500         -49,55395          -0,00498
          25,20000       -2550,02500          57,81700         -17,99600         -40,30076           0,00139
          25,25000       -2550,02500          57,81600         -18,01400         -77,44114           0,00776
          25,30000       -2550,02500          57,81600         -18,06600         -53,06378          -0,00498
          25,35000       -2550,02500          57,81600         -18,06500         -50,95788           0,05874
          25,40000       -2550,02600          57,81600         -18,06600         -53,44667           0,02688
          25,45000       -2550,02600          57,81600         -18,06600         -50,95788           0,02051
          25,50000       -2550,02600          57,81600         -18,11400         -52,80852          -0,03685
          25,55000       -2550,02500          57,81500         -18,11400         -57,40320           0,04600
          25,60000       -2550,02500          57,81600         -18,11500         -60,59396           0,04600
          25,65000       -2550,02500          57,81600         -18,16400          89,62676           0,03963
          25,70000       -2550,02500          57,81600         -18,16400         -58,87095           0,03325
          25,75000       -2550,02500          57,81600         -18,17300         -56,06309          -0,00498
          25,80000       -2550,02500          57,81500         -18,21400         -61,23211           0,00139
          25,85000       -2550,02600          57,81500         -18,21500         -56,57361           0,00139
          25,90000       -2550,02600          57,81600         -18,25800         -59,57292           0,05874
          25,95000       -2550,02500          57,81600         -18,26400         -86,37525           0,02051
          26,00000       -2550,02600          57,81600         -18,26500         261,41698           0,03963
          26,05000       -2550,02600          57,81600         -18,31400         -37,36527           0,05874
          26,10000       -2550,02600          57,81500         -18,31500          94,47671           0,05237
          26,15000       -2550,02700          57,81600         -18,36100         107,30354           0,04600
          26,20000       -2550,02600          57,81500         -18,36600          46,74302          -0,00498
          26,25000       -2550,02500          57,81600         -18,36600         170,28903           0,02051
          26,30000       -2550,02500          57,81600         -18,41300         128,29871          -0,01773
          26,35000       -2550,02500          57,81500         -18,41600         213,87474           0,00776
          26,40000       -2550,02500          57,81600         -18,41700         -23,45358           0,01413
          26,45000       -2550,02600          57,81600         -18,46500         542,39482           0,00776
          26,50000       -2550,02500          57,81500         -18,46700         520,12335          -0,01136
          26,55000       -2550,02500          57,81500         -18,46700         235,76332           0,00776
          26,60000       -2550,02500          57,81600         -18,51500         173,09690           0,03963
          26,65000       -2550,02500          57,81600         -18,51500         453,18132           0,05237
          26,70000       -2550,02500          57,81500         -18,56500         381,00646           0,02688
          26,75000       -2550,02500          57,81600         -18,56500         263,65051           0,06512
          26,80000       -2550,02600          57,81500         -18,56500         391,08924           0,01413
          26,85000       -2550,02600          57,81600         -18,61700         344,18515          -0,03047
          26,90000       -2550,02500          57,81500         -18,61700         272,13792           0,00139
          26,95000       -2550,02500          57,81500         -18,61700         346,16342           0,02688
          27,00000       -2550,02600          57,81600         -18,66600         281,32729           0,04600
          27,05000       -2550,02500          57,81700         -18,66700         357,84158           0,01413
          27,10000       -2550,02600          57,81500         -18,71700         873,02080           0,00139
          27,15000       -2550,02500          57,81500         -18,71700         819,28849           0,01413
          27,20000       -2550,02600          57,81500         -18,71700         510,29583           0,04600
          27,25000       -2550,02600          57,81600         -18,71800         393,45040           0,00139
          27,30000       -2550,02500          57,81500         -18,71800         658,98499           0,03963
          27,35000       -2550,02500          57,81600         -18,71900         719,99221           0,01413
          27,40000       -2550,02600          57,81600         -18,71800         801,42027           0,02051
          27,45000       -2550,02600          57,81600         -18,71900         728,60725          -0,00498
          27,50000       -2550,02500          57,81500         -18,71900         828,98838           0,00139
          27,55000       -2550,02600          57,81600         -18,71900         314,57495           0,02688
          27,60000       -2550,02600          57,81600         -18,71800         876,40300           0,02688
          27,65000       -2550,02500          57,81600         -18,71800         871,04253           0,05237
          27,70000       -2550,02600          57,81600         -18,71900         912,64997           0,01413
          27,75000       -2550,02600          57,81600         -18,71900         841,75140           0,03325
          27,80000       -2550,02600          57,81500         -18,71900         426,44280           0,00776
          27,85000       -2550,02600          57,81600         -18,71800         313,87298           0,02688
          27,90000       -2550,02600          57,81500         -18,71900         613,74009           0,02688
          27,95000       -2550,02600          57,81500         -18,71900         695,35959           0,02688
          28,00000       -2550,02600          57,81600         -18,71900         920,75448           0,03963
          28,05000       -2550,02600          57,81600         -18,71900         304,23691           0,02051
          28,10000       -2550,02600          57,81500         -18,71900         928,85900           0,05237
          28,15000       -2550,02500          57,81500         -18,71900         924,00905           0,01413
          28,20000       -2550,02500          57,81500         -18,71900         870,91490           0,01413
          28,25000       -2550,02600          57,81500         -18,72000         930,58201           0,01413
          28,30000       -2550,02500          57,81500         -18,71900         888,46405           0,05874
          28,35000       -2550,02500          57,81500         -18,72000         925,41298           0,00139
          28,40000       -2550,02600          57,81600         -18,71900         888,08116           0,04600
          28,45000       -2550,02500          57,81600         -18,71900         552,03090           0,01413
          28,50000       -2550,02500          57,81600         -18,72000         352,16204           0,02688
          28,55000       -2550,02500          57,81500         -18,72000         500,46831           0,00139
          28,60000       -2550,02500          57,81600         -18,72000         816,60826           0,04600
          28,65000       -2550,02500          57,81500         -18,72000         904,16256           0,01413
          28,70000       -2550,02500          57,81600         -18,71900         413,23308           0,03963
          28,75000       -2550,02600          57,81500         -18,72000         825,73381           0,01413
          28,80000       -2550,02500          57,81600         -18,72000         309,72500          -0,01136
          28,85000       -2550,02500          57,81500         -18,72000         387,77086           0,02688
          28,90000       -2550,02500          57,81500         -18,72000         873,46750           0,04600
          28,95000       -2550,02600          57,81600         -18,71900         916,73413           0,00776
          29,00000       -2550,02600          57,81600         -18,72000         820,50098          -0,02410
          29,05000       -2550,02500          57,81600         -18,72000         715,20608           0,00139
          29,10000       -2550,02600          57,81600         -18,72000         787,31713           0,00139
          29,15000       -2550,02600          57,81600         -18,71900         721,84285           0,00776
          29,20000       -2550,02600          57,81600         -18,72000         592,80874           0,01413
          29,25000       -2550,02600          57,81500         -18,72000         543,22441           0,02051
          29,30000       -2550,02600          57,81600         -18,72000         316,93611          -0,00498
          29,35000       -2550,02600          57,81500         -18,72000         632,50172           0,01413
          29,40000       -2550,02600          57,81600         -18,71900         858,72622           0,03325
          29,45000       -2550,02500          57,81600         -18,71900         539,33169           0,01413
          29,50000       -2550,02600          57,81500         -18,72000         326,12548           0,02688
