
// =========================================================================================================
// 2026-04-17, 15:31:10
//        Time [s]        Pos X [um]        Pos Y [um]        Pos Z [um]      Force A [uN]      Force B [uN]
// =========================================================================================================
           0,00000        -378,46200         149,57600         -10,07100         -43,74678           0,02051
           0,05000        -378,46100         149,57500         -10,07100         -43,49151           0,07149
           0,10000        -378,46100         149,57600         -10,07100         -44,38493           0,02051
           0,15000        -378,46200         149,57600         -10,07000         -44,06585          -0,00498
           0,20000        -378,46200         149,57500         -10,07000         -43,42770          -0,01773
           0,25000        -378,46200         149,57500         -10,07100         -43,17244           0,02051
           0,30000        -378,46200         149,57500         -10,07100         -44,32111           0,04600
           0,35000        -378,46200         149,57500         -10,07100         -44,19348          -0,00498
           0,40000        -378,46200         149,57500         -10,07100         -44,19348           0,00139
           0,45000        -378,46200         149,57600         -10,07100         -44,38493           0,05874
           0,50000        -378,46200         149,57500         -10,07100         -43,81059           0,03325
           0,55000        -378,46100         149,57500         -10,07100         -43,49151           0,02051
           0,60000        -378,46100         149,57500         -10,07100         -43,49151           0,02688
           0,65000        -378,46100         149,57500         -10,07100         -43,93822           0,01413
           0,70000        -378,46200         149,57500         -10,07100         -43,55533          -0,01136
           0,75000        -378,46100         149,57500         -10,07200         -43,30007           0,00776
           0,80000        -378,46200         149,57500         -10,07100         -43,49151          -0,01136
           0,85000        -378,46200         149,57500         -10,07100         -44,06585           0,03963
           0,90000        -378,46200         149,57500         -10,07100         -43,04481           0,02688
           0,95000        -378,46200         149,57500         -10,07100         -43,55533           0,02688
           1,00000        -378,46200         149,57500         -10,07100         -43,17244           0,03963
           1,05000        -378,46200         149,57600         -10,07100         -44,00204           0,05237
           1,10000        -378,46200         149,57500         -10,07200         -44,38493          -0,00498
           1,15000        -378,46200         149,57600         -10,07200         -44,12967           0,06512
           1,20000        -378,46200         149,57600         -10,07100         -44,12967           0,02688
           1,25000        -378,46200         149,57500         -10,07100         -43,87441           0,01413
           1,30000        -378,46100         149,57500         -10,07100         -43,74678           0,01413
           1,35000        -378,46100         149,57500         -10,07100         -44,19348           0,00139
           1,40000        -378,46100         149,57500         -10,07100         -44,12967           0,00139
           1,45000        -378,46100         149,57500         -10,07100         -44,06585           0,00139
           1,50000        -378,46200         149,57500         -10,07100         -43,81059           0,04600
           1,55000        -378,46200         149,57500         -10,07100         -43,61915           0,02688
           1,60000        -378,46200         149,57500         -10,07100         -44,25730           0,03325
           1,65000        -378,46200         149,57500         -10,07100         -44,00204           0,00139
           1,70000        -378,46200         149,57600         -10,07100         -44,25730           0,00776
           1,75000        -378,46100         149,57600         -10,07200         -43,49151           0,02688
           1,80000        -378,46100         149,57500         -10,07200         -43,23625           0,09698
           1,85000        -378,46100         149,57600         -10,07200         -43,93822          -0,00498
           1,90000        -378,46100         149,57600         -10,07200         -44,06585           0,03963
           1,95000        -378,46200         149,57500         -10,07200         -43,55533           0,00776
           2,00000        -378,46200         149,57600         -10,07200         -43,81059           0,03325
           2,05000        -378,46100         149,57600         -10,07100         -43,68296          -0,01773
           2,10000        -378,46100         149,57600         -10,07200         -43,93822           0,04600
           2,15000        -378,46200         149,57600         -10,07100         -43,93822           0,01413
           2,20000        -378,46100         149,57500         -10,07100         -43,81059           0,03325
           2,25000        -378,46200         149,57500         -10,07100         -43,36388           0,00776
           2,30000        -378,46300         149,57600          -9,77900         -44,44874           0,02688
           2,35000        -378,46200         149,57600          -9,77600         -44,57637           0,03325
           2,40000        -378,46200         149,57600          -9,77600         -44,32111           0,03325
           2,45000        -378,46200         149,57600          -9,77600         -43,68296           0,04600
           2,50000        -378,46200         149,57600          -9,77400         -43,61915           0,03963
           2,55000        -378,46200         149,57600          -9,77400         -42,98099           0,05237
           2,60000        -378,46300         149,57600          -9,77500         -44,19348           0,01413
           2,65000        -378,46200         149,57600          -9,77100         -44,12967           0,04600
           2,70000        -378,46200         149,57600          -9,77100         -44,06585           0,02688
           2,75000        -378,46200         149,57600          -9,76600         -43,49151           0,00776
           2,80000        -378,46200         149,57600          -9,76800         -42,78955           0,00139
           2,85000        -378,46200         149,57600          -9,76800         -43,81059           0,02051
           2,90000        -378,46200         149,57600          -9,76300         -44,70400           0,01413
           2,95000        -378,46200         149,57600          -9,76400         -44,38493           0,02688
           3,00000        -378,46100         149,57600          -9,75000         -44,38493          -0,03047
           3,05000        -378,46200         149,57600          -9,76100         -43,04481           0,02051
           3,10000        -378,46300         149,57600          -9,76100         -43,49151           0,01413
           3,15000        -378,46200         149,57600          -9,75800         -44,70400           0,05237
           3,20000        -378,46300         149,57600          -9,75700         -44,06585           0,03325
           3,25000        -378,46200         149,57600          -9,75800         -43,68296           0,03963
           3,30000        -378,46200         149,57600          -9,75500         -43,74678          -0,02410
           3,35000        -378,46200         149,57600          -9,75600         -44,38493           0,03325
           3,40000        -378,46200         149,57600          -9,75300         -44,32111           0,00776
           3,45000        -378,46300         149,57600          -9,75400         -44,57637           0,03325
           3,50000        -378,46200         149,57600          -9,75400         -44,06585           0,02051
           3,55000        -378,46300         149,57600          -9,74200         -43,74678           0,00776
           3,60000        -378,46300         149,57600          -9,75600         -43,68296           0,00776
           3,65000        -378,46200         149,57700          -9,77600         -44,51256           0,05237
           3,70000        -378,46300         149,57600          -9,77900         -43,87441           0,02051
           3,75000        -378,46200         149,57600          -9,77900         -44,06585          -0,00498
           3,80000        -378,46300         149,57600          -9,78000         -43,74678           0,03963
           3,85000        -378,46200         149,57600          -9,82000         -44,12967           0,04600
           3,90000        -378,46200         149,57600          -9,82200         -44,12967           0,04600
           3,95000        -378,46300         149,57600          -9,82200         -43,68296           0,07149
           4,00000        -378,46300         149,57600          -9,86600         -44,25730          -0,01136
           4,05000        -378,46300         149,57600          -9,86600         -44,83163           0,03325
           4,10000        -378,46300         149,57600          -9,86700         -43,93822           0,03325
           4,15000        -378,46300         149,57500          -9,91300         -44,06585          -0,01136
           4,20000        -378,46300         149,57500          -9,91300         -44,00204           0,01413
           4,25000        -378,46300         149,57600          -9,92300         -43,87441           0,00139
           4,30000        -378,46300         149,57600          -9,96300         -43,87441          -0,00498
           4,35000        -378,46200         149,57500          -9,96300         -44,25730           0,01413
           4,40000        -378,46300         149,57600          -9,96400         -43,55533           0,01413
           4,45000        -378,46300         149,57600         -10,01300         -43,74678           0,03325
           4,50000        -378,46300         149,57600         -10,01400         -44,12967           0,00776
           4,55000        -378,46300         149,57600         -10,06300         -43,93822           0,00776
           4,60000        -378,46300         149,57600         -10,06400         -44,19348           0,02051
           4,65000        -378,46300         149,57600         -10,06300         -43,68296           0,00776
           4,70000        -378,46300         149,57600         -10,11400         -43,42770           0,03963
           4,75000        -378,46300         149,57600         -10,11500         -43,61915           0,00139
           4,80000        -378,46300         149,57500         -10,16800         -44,12967           0,02688
           4,85000        -378,46300         149,57600         -10,16900         -43,93822           0,04600
           4,90000        -378,46200         149,57600         -10,16900         -43,93822           0,02688
           4,95000        -378,46300         149,57600         -10,21900         -44,38493           0,04600
           5,00000        -378,46300         149,57600         -10,22000         -43,93822           0,04600
           5,05000        -378,46300         149,57600         -10,22000         -43,68296           0,01413
           5,10000        -378,46300         149,57600         -10,26800         -42,91718           0,02051
           5,15000        -378,46300         149,57600         -10,26900         -44,51256          -0,01136
           5,20000        -378,46300         149,57600         -10,32100         -44,00204           0,03325
           5,25000        -378,46300         149,57600         -10,32100         -43,23625           0,03963
           5,30000        -378,46300         149,57600         -10,32100         -43,93822          -0,01136
           5,35000        -378,46300         149,57600         -10,37100         -43,81059           0,00776
           5,40000        -378,46300         149,57600         -10,37300         -44,00204          -0,01136
           5,45000        -378,46300         149,57600         -10,42200         -44,44874           0,02688
           5,50000        -378,46300         149,57600         -10,42200         -44,44874           0,02051
           5,55000        -378,46300         149,57600         -10,42200         -43,49151           0,02688
           5,60000        -378,46300         149,57600         -10,47500         -43,30007           0,03963
           5,65000        -378,46300         149,57600         -10,47500         -44,38493           0,05237
           5,70000        -378,46300         149,57700         -10,47600         -44,25730           0,02688
           5,75000        -378,46300         149,57500         -10,52700         -44,51256           0,04600
           5,80000        -378,46300         149,57600         -10,52800         -43,81059           0,02688
           5,85000        -378,46300         149,57600         -10,52800         -43,36388           0,03325
           5,90000        -378,46300         149,57600         -10,57700         -43,49151           0,01413
           5,95000        -378,46300         149,57600         -10,57700         -44,00204           0,03325
           6,00000        -378,46300         149,57600         -10,62800         -43,61915           0,01413
           6,05000        -378,46300         149,57600         -10,62900         -44,06585          -0,00498
           6,10000        -378,46300         149,57500         -10,62900         -44,38493           0,02051
           6,15000        -378,46300         149,57600         -10,67800         -44,06585          -0,00498
           6,20000        -378,46200         149,57600         -10,67900         -43,93822           0,02688
           6,25000        -378,46200         149,57600         -10,69100         -43,87441           0,01413
           6,30000        -378,46300         149,57600         -10,73000         -44,06585           0,00776
           6,35000        -378,46200         149,57600         -10,72900         -44,44874           0,04600
           6,40000        -378,46300         149,57600         -10,72900         -44,12967           0,00139
           6,45000        -378,46300         149,57600         -10,78100         -43,36388           0,03325
           6,50000        -378,46300         149,57600         -10,78100         -43,42770           0,04600
           6,55000        -378,46300         149,57700         -10,78100         -43,23625           0,03325
           6,60000        -378,46300         149,57700         -10,82900         -43,87441           0,05874
           6,65000        -378,46300         149,57600         -10,83000         -44,06585           0,01413
           6,70000        -378,46300         149,57600         -10,83000         -43,93822          -0,01136
           6,75000        -378,46300         149,57600         -10,88000         -43,61915           0,02688
           6,80000        -378,46300         149,57600         -10,88000         -43,42770           0,02688
           6,85000        -378,46300         149,57600         -10,93100         -43,93822           0,03963
           6,90000        -378,46300         149,57700         -10,93200         -43,81059           0,00139
           6,95000        -378,46300         149,57600         -10,93100         -44,12967           0,01413
           7,00000        -378,46200         149,57600         -10,97000         -43,74678           0,03963
           7,05000        -378,46300         149,57600         -10,98200         -43,36388           0,03963
           7,10000        -378,46300         149,57600         -11,00700         -43,68296           0,01413
           7,15000        -378,46400         149,57600         -11,03100         -44,12967           0,03963
           7,20000        -378,46300         149,57600         -11,03100         -43,74678           0,00139
           7,25000        -378,46400         149,57600         -11,03200         -43,93822           0,04600
           7,30000        -378,46300         149,57600         -11,08100         -43,36388           0,04600
           7,35000        -378,46300         149,57600         -11,08100         -44,51256           0,00776
           7,40000        -378,46300         149,57600         -11,13000         -43,87441           0,03963
           7,45000        -378,46300         149,57600         -11,13100         -43,49151           0,03325
           7,50000        -378,46300         149,57600         -11,13200         -43,68296           0,04600
           7,55000        -378,46300         149,57600         -11,13200         -44,00204           0,00139
           7,60000        -378,46200         149,57600         -11,17900         -44,51256           0,00776
           7,65000        -378,46300         149,57600         -11,18000         -44,06585           0,03963
           7,70000        -378,46300         149,57600         -11,22800         -43,81059          -0,01136
           7,75000        -378,46300         149,57600         -11,23000         -43,55533           0,02688
           7,80000        -378,46300         149,57600         -11,23100         -43,81059           0,00776
           7,85000        -378,46300         149,57700         -11,28000         -44,44874           0,00139
           7,90000        -378,46300         149,57600         -11,28100         -44,25730           0,00139
           7,95000        -378,46300         149,57600         -11,28100         -44,00204           0,01413
           8,00000        -378,46300         149,57600         -11,33100         -43,87441           0,03963
           8,05000        -378,46300         149,57600         -11,33100         -44,00204           0,02051
           8,10000        -378,46400         149,57600         -11,33100         -43,93822           0,05874
           8,15000        -378,46400         149,57600         -11,38200         -44,38493           0,03325
           8,20000        -378,46400         149,57600         -11,38300         -43,81059          -0,00498
           8,25000        -378,46300         149,57600         -11,43100         -43,49151           0,03325
           8,30000        -378,46300         149,57700         -11,43300         -43,68296           0,01413
           8,35000        -378,46300         149,57700         -11,43200         -44,25730           0,00776
           8,40000        -378,46300         149,57600         -11,48500         -43,93822           0,02688
           8,45000        -378,46300         149,57600         -11,48300         -43,74678           0,00139
           8,50000        -378,46400         149,57600         -11,51800         -43,74678           0,03963
           8,55000        -378,46200         149,57600         -11,53200         -43,68296           0,03963
           8,60000        -378,46300         149,57600         -11,53200         -43,93822           0,02688
           8,65000        -378,46400         149,57700         -11,53300         -44,19348           0,03325
           8,70000        -378,46300         149,57700         -11,58300         -43,61915           0,02051
           8,75000        -378,46300         149,57700         -11,58300         -43,61915           0,02051
           8,80000        -378,46300         149,57700         -11,62900         -43,74678           0,00139
           8,85000        -378,46400         149,57700         -11,63300         -44,19348           0,03963
           8,90000        -378,46300         149,57600         -11,63300         -43,93822           0,08424
           8,95000        -378,46300         149,57600         -11,68400         -44,25730           0,01413
           9,00000        -378,46300         149,57600         -11,68200         -43,87441           0,00776
           9,05000        -378,46300         149,57700         -11,68300         -43,61915           0,02688
           9,10000        -378,46300         149,57700         -11,71100         -44,12967           0,02051
           9,15000        -378,46300         149,57600         -11,73200         -44,00204           0,00776
           9,20000        -378,46400         149,57600         -11,73200         -43,93822          -0,00498
           9,25000        -378,46300         149,57600         -11,75100         -44,51256           0,00139
           9,30000        -378,46300         149,57700         -11,78100         -43,55533           0,03963
           9,35000        -378,46300         149,57700         -11,78200         -44,00204          -0,01136
           9,40000        -378,46300         149,57700         -11,83200         -44,12967           0,02688
           9,45000        -378,46300         149,57700         -11,83200         -43,93822           0,00139
           9,50000        -378,46300         149,57700         -11,83300         -44,44874           0,03963
           9,55000        -378,46300         149,57700         -11,88200         -43,55533          -0,01773
           9,60000        -378,46300         149,57600         -11,88300         -43,61915           0,03325
           9,65000        -378,46400         149,57600         -11,88500         -43,81059           0,02688
           9,70000        -378,46300         149,57600         -11,93200         -43,55533           0,01413
           9,75000        -378,46300         149,57600         -11,93300         -43,55533          -0,00498
           9,80000        -378,46400         149,57600         -11,93800         -43,61915           0,03325
           9,85000        -378,46300         149,57600         -11,98200         -43,49151           0,04600
           9,90000        -378,46300         149,57600         -11,98200         -44,12967           0,00139
           9,95000        -378,46400         149,57600         -12,03100         -44,32111           0,00776
          10,00000        -378,46400         149,57700         -12,03300         -43,87441           0,00776
          10,05000        -378,46300         149,57600         -12,03300         -43,87441           0,05237
          10,10000        -378,46300         149,57700         -12,08200         -43,68296          -0,01136
          10,15000        -378,46400         149,57700         -12,08300         -44,06585           0,02688
          10,20000        -378,46300         149,57600         -12,13400         -44,70400          -0,03047
          10,25000        -378,46300         149,57600         -12,13400         -43,49151           0,02688
          10,30000        -378,46300         149,57700         -12,13400         -43,74678           0,03325
          10,35000        -378,46300         149,57700         -12,18600         -42,91718           0,01413
          10,40000        -378,46300         149,57600         -12,18200         -43,93822           0,00776
          10,45000        -378,46400         149,57700         -12,18300         -43,87441           0,03325
          10,50000        -378,46300         149,57700         -12,23300         -44,25730          -0,02410
          10,55000        -378,46300         149,57700         -12,23400         -43,49151           0,00776
          10,60000        -378,46300         149,57700         -12,25200         -43,61915           0,02688
          10,65000        -378,46300         149,57700         -12,28300         -44,19348           0,03963
          10,70000        -378,46400         149,57700         -12,28400         -43,87441           0,05874
          10,75000        -378,46300         149,57700         -12,33300         -43,93822           0,00139
          10,80000        -378,46300         149,57700         -12,33300         -43,61915           0,00776
          10,85000        -378,46300         149,57700         -12,33300         -43,23625           0,00139
          10,90000        -378,46400         149,57700         -12,38300         -43,55533           0,03325
          10,95000        -378,46400         149,57700         -12,38300         -44,12967           0,02688
          11,00000        -378,46300         149,57600         -12,41700         -44,51256           0,04600
          11,05000        -378,46400         149,57700         -12,43500         -43,55533          -0,01136
          11,10000        -378,46300         149,57700         -12,43500         -42,91718           0,00776
          11,15000        -378,46400         149,57600         -12,48400         -43,49151           0,03963
          11,20000        -378,46400         149,57600         -12,48600         -44,19348          -0,01136
          11,25000        -378,46500         149,57600         -12,48600         -44,57637           0,02688
          11,30000        -378,46400         149,57700         -12,53600         -42,98099           0,00139
          11,35000        -378,46300         149,57600         -12,53700         -43,74678           0,05237
          11,40000        -378,46300         149,57800         -12,58600         -43,61915           0,05874
          11,45000        -378,46400         149,57700         -12,58600         -43,55533           0,03963
          11,50000        -378,46400         149,57700         -12,58700         -44,25730           0,01413
          11,55000        -378,46400         149,57700         -12,58700         -44,76782           0,03963
          11,60000        -378,46400         149,57600         -12,63600         -43,93822          -0,03047
          11,65000        -378,46500         149,57700         -12,63700         -43,10862           0,05237
          11,70000        -378,46400         149,57700         -12,68200         -43,55533           0,02051
          11,75000        -378,46400         149,57700         -12,68600         -44,06585           0,00776
          11,80000        -378,46400         149,57700         -12,68600         -43,30007           0,03963
          11,85000        -378,46400         149,57700         -12,71800         -43,23625          -0,00498
          11,90000        -378,46400         149,57700         -12,73500         -43,93822          -0,01773
          11,95000        -378,46500         149,57700         -12,73600         -44,19348           0,04600
          12,00000        -378,46400         149,57700         -12,78500         -43,68296           0,02051
          12,05000        -378,46400         149,57700         -12,78600         -43,93822           0,03325
          12,10000        -378,46400         149,57700         -12,78600         -44,12967           0,01413
          12,15000        -378,46400         149,57700         -12,83600         -43,74678          -0,02410
          12,20000        -378,46400         149,57700         -12,83600         -43,49151           0,04600
          12,25000        -378,46400         149,57700         -12,83600         -43,61915           0,03963
          12,30000        -378,46300         149,57700         -12,88500         -44,06585          -0,00498
          12,35000        -378,46400         149,57700         -12,88500         -43,61915           0,00776
          12,40000        -378,46400         149,57700         -12,90000         -44,00204          -0,01136
          12,45000        -378,46400         149,57600         -12,93400         -43,23625           0,00776
          12,50000        -378,46400         149,57600         -12,93500         -43,93822           0,02688
          12,55000        -378,46400         149,57700         -12,98600         -44,00204           0,03325
          12,60000        -378,46400         149,57600         -12,98600         -43,49151           0,02688
          12,65000        -378,46400         149,57600         -12,98600         -43,68296           0,00776
          12,70000        -378,46400         149,57700         -13,03500         -43,55533           0,00776
          12,75000        -378,46300         149,57700         -13,03500         -43,61915           0,03325
          12,80000        -378,46400         149,57700         -13,03600         -43,61915          -0,00498
          12,85000        -378,46400         149,57600         -13,08700         -44,12967          -0,00498
          12,90000        -378,46400         149,57700         -13,08700         -44,19348           0,03963
          12,95000        -378,46400         149,57700         -13,08600         -43,68296           0,03325
          13,00000        -378,46400         149,57700         -13,13600         -43,49151           0,05237
          13,05000        -378,46400         149,57600         -13,13700         -43,74678          -0,02410
          13,10000        -378,46400         149,57600         -13,18600         -43,81059           0,00776
          13,15000        -378,46400         149,57600         -13,18700         -43,93822           0,00776
          13,20000        -378,46400         149,57600         -13,18700         -44,51256          -0,02410
          13,25000        -378,46400         149,57700         -13,22000         -43,87441           0,03963
          13,30000        -378,46400         149,57600         -13,23700         -43,49151           0,05874
          13,35000        -378,46400         149,57700         -13,28700         -43,49151           0,01413
          13,40000        -378,46400         149,57700         -13,28700         -43,93822          -0,00498
          13,45000        -378,46400         149,57700         -13,28700         -43,74678           0,00139
          13,50000        -378,46300         149,57600         -13,33600         -43,93822           0,00139
          13,55000        -378,46300         149,57700         -13,33800         -43,87441          -0,00498
          13,60000        -378,46400         149,57700         -13,33800         -43,81059           0,02688
          13,65000        -378,46400         149,57600         -13,38600         -43,74678           0,00776
          13,70000        -378,46400         149,57700         -13,38600         -44,06585           0,05237
          13,75000        -378,46400         149,57700         -13,38700         -43,23625           0,03963
          13,80000        -378,46400         149,57700         -13,43700         -43,30007           0,03325
          13,85000        -378,46400         149,57700         -13,43900         -43,49151          -0,01773
          13,90000        -378,46400         149,57700         -13,43800         -43,36388           0,00776
          13,95000        -378,46400         149,57700         -13,48700         -43,61915           0,03963
          14,00000        -378,46400         149,57700         -13,48700         -43,36388           0,02051
          14,05000        -378,46400         149,57700         -13,48800         -44,32111           0,03325
          14,10000        -378,46300         149,57700         -13,53700         -43,61915           0,01413
          14,15000        -378,46400         149,57700         -13,53900         -43,81059           0,02051
          14,20000        -378,46400         149,57700         -13,58000         -43,49151           0,05237
          14,25000        -378,46400         149,57700         -13,58700         -43,81059           0,00139
          14,30000        -378,46400         149,57700         -13,58900         -44,19348           0,03325
          14,35000        -378,46400         149,57700         -13,63700         -43,87441           0,01413
          14,40000        -378,46400         149,57600         -13,63800         -43,36388           0,00139
          14,45000        -378,46400         149,57700         -13,63800         -43,74678           0,03325
          14,50000        -378,46300         149,57700         -13,68700         -43,87441           0,03325
          14,55000        -378,46300         149,57700         -13,68800         -43,87441           0,04600
          14,60000        -378,46400         149,57700         -13,73800         -43,81059           0,04600
          14,65000        -378,46300         149,57700         -13,73900         -43,68296           0,03325
          14,70000        -378,46400         149,57700         -13,73900         -43,87441           0,01413
          14,75000        -378,46400         149,57700         -13,78800         -43,55533           0,00776
          14,80000        -378,46400         149,57700         -13,78900         -43,61915           0,00139
          14,85000        -378,46400         149,57700         -13,84200         -43,68296           0,05237
          14,90000        -378,46400         149,57700         -13,83900         -44,00204           0,01413
          14,95000        -378,46400         149,57700         -13,83900         -43,74678           0,03963
          15,00000        -378,46300         149,57700         -13,88800         -43,61915           0,02688
          15,05000        -378,46400         149,57700         -13,88900         -43,68296           0,02688
          15,10000        -378,46300         149,57800         -13,88900         -44,00204          -0,00498
          15,15000        -378,46400         149,57700         -13,93800         -43,61915           0,03963
          15,20000        -378,46400         149,57700         -13,93900         -43,81059          -0,01136
          15,25000        -378,46400         149,57700         -13,98800         -43,68296           0,04600
          15,30000        -378,46400         149,57700         -13,98900         -44,12967           0,03963
          15,35000        -378,46300         149,57700         -13,98900         -43,68296           0,05237
          15,40000        -378,46400         149,57700         -14,03700         -43,49151           0,03325
          15,45000        -378,46400         149,57700         -14,04000         -43,49151           0,00776
          15,50000        -378,46300         149,57700         -14,03900         -43,93822           0,05237
          15,55000        -378,46400         149,57600         -14,08900         -43,74678           0,01413
          15,60000        -378,46400         149,57600         -14,08800         -44,12967           0,03325
          15,65000        -378,46300         149,57700         -14,09000         -43,55533           0,06512
          15,70000        -378,46400         149,57700         -14,13700         -43,87441          -0,01136
          15,75000        -378,46400         149,57700         -14,13800         -42,98099           0,02051
          15,80000        -378,46400         149,57700         -14,13800         -43,81059           0,02688
          15,85000        -378,46400         149,57600         -14,18800         -43,23625           0,05237
          15,90000        -378,46400         149,57700         -14,18800         -43,81059           0,01413
          15,95000        -378,46400         149,57700         -14,23800         -43,61915           0,03325
          16,00000        -378,46400         149,57600         -14,23800         -43,81059           0,04600
          16,05000        -378,46400         149,57700         -14,23800         -43,87441           0,05237
          16,10000        -378,46400         149,57600         -14,28600         -43,74678           0,02051
          16,15000        -378,46400         149,57700         -14,28900         -43,30007           0,04600
          16,20000        -378,46400         149,57700         -14,28900         -44,00204           0,03325
          16,25000        -378,46400         149,57700         -14,33800         -43,17244           0,02688
          16,30000        -378,46400         149,57700         -14,33800         -44,12967           0,05237
          16,35000        -378,46400         149,57700         -14,33900         -43,81059           0,03325
          16,40000        -378,46400         149,57700         -14,38900         -43,81059           0,04600
          16,45000        -378,46400         149,57700         -14,38900         -43,93822           0,03963
          16,50000        -378,46300         149,57600         -14,42000         -43,55533           0,02051
          16,55000        -378,46300         149,57700         -14,43700         -43,61915          -0,01136
          16,60000        -378,46300         149,57700         -14,43800         -44,12967           0,00776
          16,65000        -378,46400         149,57700         -14,48900         -42,98099           0,03963
          16,70000        -378,46400         149,57700         -14,48900         -43,30007           0,00139
          16,75000        -378,46300         149,57700         -14,49000         -43,55533           0,06512
          16,80000        -378,46400         149,57700         -14,53800         -43,61915           0,03963
          16,85000        -378,46400         149,57700         -14,53800         -43,30007           0,03325
          16,90000        -378,46300         149,57800         -14,53800         -43,81059          -0,01136
          16,95000        -378,46400         149,57800         -14,58700         -43,87441           0,03963
          17,00000        -378,46400         149,57700         -14,58700         -43,55533           0,00776
          17,05000        -378,46400         149,57700         -14,63700         -44,19348           0,02051
          17,10000        -378,46300         149,57700         -14,63700         -43,87441           0,01413
          17,15000        -378,46400         149,57700         -14,63700         -43,49151           0,01413
          17,20000        -378,46400         149,57800         -14,68700         -43,04481           0,00139
          17,25000        -378,46400         149,57700         -14,68800         -44,06585           0,03325
          17,30000        -378,46400         149,57700         -14,73600         -43,87441           0,07149
          17,35000        -378,46400         149,57700         -14,73800         -43,61915           0,02688
          17,40000        -378,46400         149,57700         -14,73800         -43,81059           0,00776
          17,45000        -378,46400         149,57700         -14,79000         -43,17244           0,04600
          17,50000        -378,46400         149,57700         -14,78900         -43,42770           0,03325
          17,55000        -378,46300         149,57700         -14,78800         -43,55533           0,03963
          17,60000        -378,46300         149,57700         -14,83600         -43,68296           0,03963
          17,65000        -378,46400         149,57700         -14,83800         -43,36388           0,00776
          17,70000        -378,46400         149,57700         -14,83800         -43,23625           0,03325
          17,75000        -378,46400         149,57700         -14,88800         -43,68296           0,05237
          17,80000        -378,46400         149,57700         -14,88800         -43,55533           0,07149
          17,85000        -378,46400         149,57700         -14,88800         -43,49151           0,02688
          17,90000        -378,46400         149,57700         -14,93700         -44,19348           0,02051
          17,95000        -378,46300         149,57700         -14,93800         -43,93822           0,00776
          18,00000        -378,46300         149,57700         -14,98600         -43,10862           0,06512
          18,05000        -378,46300         149,57700         -14,98700         -43,55533           0,03963
          18,10000        -378,46300         149,57700         -15,03800         -43,81059          -0,01136
          18,15000        -378,46400         149,57700         -15,03900         -43,61915           0,01413
          18,20000        -378,46300         149,57700         -15,03900         -43,68296           0,00776
          18,25000        -378,46300         149,57600         -15,08800         -43,42770           0,00776
          18,30000        -378,46300         149,57700         -15,08800         -43,04481          -0,01773
          18,35000        -378,46400         149,57700         -15,08800         -43,49151           0,02688
          18,40000        -378,46400         149,57700         -15,13700         -43,49151           0,02688
          18,45000        -378,46300         149,57700         -15,13800         -43,42770           0,04600
          18,50000        -378,46300         149,57600         -15,13900         -43,61915           0,06512
          18,55000        -378,46400         149,57600         -15,18800         -43,87441           0,05237
          18,60000        -378,46300         149,57600         -15,18900         -43,87441           0,03963
          18,65000        -378,46400         149,57700         -15,19700         -43,55533           0,02688
          18,70000        -378,46300         149,57700         -15,23800         -43,17244           0,02051
          18,75000        -378,46300         149,57700         -15,23700         -43,55533           0,01413
          18,80000        -378,46300         149,57700         -15,28800         -43,74678          -0,01136
          18,85000        -378,46400         149,57700         -15,28700         -43,42770           0,03963
          18,90000        -378,46300         149,57600         -15,33700         -43,55533           0,00776
          18,95000        -378,46300         149,57800         -15,33800         -43,93822           0,02051
          19,00000        -378,46400         149,57700         -15,33800         -43,87441           0,04600
          19,05000        -378,46400         149,57800         -15,38700         -43,55533          -0,01773
          19,10000        -378,46400         149,57700         -15,38700         -43,30007          -0,00498
          19,15000        -378,46400         149,57700         -15,38800         -43,04481           0,02051
          19,20000        -378,46300         149,57700         -15,43700         -43,93822          -0,01136
          19,25000        -378,46400         149,57700         -15,43800         -43,68296           0,03325
          19,30000        -378,46400         149,57800         -15,44200         -43,36388           0,07149
          19,35000        -378,46400         149,57700         -15,48600         -43,49151           0,02688
          19,40000        -378,46400         149,57700         -15,48700         -43,74678           0,02051
          19,45000        -378,46400         149,57700         -15,53700         -43,36388           0,02051
          19,50000        -378,46400         149,57700         -15,53700         -43,23625           0,03963
          19,55000        -378,46400         149,57700         -15,53700         -42,91718           0,01413
          19,60000        -378,46400         149,57700         -15,58700         -43,36388           0,03963
          19,65000        -378,46400         149,57700         -15,58700         -43,93822           0,00139
          19,70000        -378,46400         149,57700         -15,58700         -44,00204           0,02051
          19,75000        -378,46400         149,57800         -15,63700         -43,49151          -0,00498
          19,80000        -378,46400         149,57700         -15,63700         -43,10862           0,01413
          19,85000        -378,46400         149,57700         -15,68700         -43,36388           0,03325
          19,90000        -378,46400         149,57700         -15,68800         -43,04481           0,00776
          19,95000        -378,46400         149,57700         -15,68900         -42,91718           0,05237
          20,00000        -378,46400         149,57700         -15,73600         -42,40666           0,00776
          20,05000        -378,46400         149,57700         -15,73700         -43,61915           0,06512
          20,10000        -378,46500         149,57800         -15,78700         -43,93822           0,02051
          20,15000        -378,46400         149,57700         -15,78700         -43,23625           0,03325
          20,20000        -378,46400         149,57700         -15,78700         -42,53429           0,00776
          20,25000        -378,46400         149,57700         -15,83600         -43,36388           0,02688
          20,30000        -378,46400         149,57800         -15,83600         -42,91718           0,03963
          20,35000        -378,46500         149,57800         -15,88600         -43,49151           0,03325
          20,40000        -378,46500         149,57800         -15,88600         -42,98099           0,06512
          20,45000        -378,46500         149,57700         -15,88700         -43,36388           0,03325
          20,50000        -378,46400         149,57700         -15,93500         -43,23625           0,00139
          20,55000        -378,46500         149,57700         -15,93700         -42,85336           0,02688
          20,60000        -378,46400         149,57700         -15,96900         -43,30007           0,05237
          20,65000        -378,46500         149,57700         -15,98600         -43,36388           0,00776
          20,70000        -378,46400         149,57800         -15,98600         -42,59810           0,03325
          20,75000        -378,46500         149,57700         -16,03500         -42,72573           0,02051
          20,80000        -378,46400         149,57700         -16,03600         -42,34284          -0,03047
          20,85000        -378,46400         149,57700         -16,03700         -42,47047           0,03963
          20,90000        -378,46400         149,57700         -16,06700         -42,27903           0,00139
          20,95000        -378,46400         149,57700         -16,08600         -42,15140           0,00139
          21,00000        -378,46400         149,57800         -16,08000         -42,85336           0,05237
          21,05000        -378,46400         149,57700         -16,13600         -43,61915           0,06512
          21,10000        -378,46400         149,57600         -16,13600         -43,61915           0,02051
          21,15000        -378,46300         149,57700         -16,15100         -42,27903           0,01413
          21,20000        -378,46400         149,57700         -16,18800         -40,61984           0,02688
          21,25000        -378,46300         149,57700         -16,18800         -43,42770          -0,00498
          21,30000        -378,46400         149,57700         -16,23700         -43,36388           0,04600
          21,35000        -378,46400         149,57700         -16,23700         -42,72573           0,04600
          21,40000        -378,46500         149,57700         -16,23800         -42,40666           0,05237
          21,45000        -378,46400         149,57700         -16,28600         -40,42839           0,00139
          21,50000        -378,46400         149,57700         -16,28700         -43,10862           0,01413
          21,55000        -378,46300         149,57700         -16,29700         -43,10862          -0,01773
          21,60000        -378,46400         149,57700         -16,33600         -42,78955           0,03325
          21,65000        -378,46400         149,57700         -16,33600         -42,34284           0,02688
          21,70000        -378,46400         149,57700         -16,36300         -39,53498           0,02051
          21,75000        -378,46400         149,57700         -16,38600         -42,72573          -0,01136
          21,80000        -378,46400         149,57700         -16,38600         -42,66192           0,00139
          21,85000        -378,46400         149,57600         -16,43600         -42,21521           0,00776
          21,90000        -378,46400         149,57700         -16,43600         -42,85336           0,01413
          21,95000        -378,46400         149,57700         -16,43700         -37,93960           0,02688
          22,00000        -378,46400         149,57800         -16,48600         -42,47047           0,01413
          22,05000        -378,46400         149,57700         -16,48600         -42,53429           0,03963
          22,10000        -378,46400         149,57700         -16,53800         -42,34284          -0,02410
          22,15000        -378,46400         149,57800         -16,53700         -42,02377          -0,00498
          22,20000        -378,46400         149,57700         -16,53800         -42,08758           0,04600
          22,25000        -378,46400         149,57700         -16,57800         -42,53429           0,00776
          22,30000        -378,46400         149,57700         -16,58800         -42,27903           0,03963
          22,35000        -378,46400         149,57700         -16,58800         -36,98238           0,02688
          22,40000        -378,46400         149,57800         -16,63700         -40,93891          -0,01136
          22,45000        -378,46400         149,57800         -16,63800         -42,08758           0,01413
          22,50000        -378,46400         149,57700         -16,63800         -41,70469           0,02688
          22,55000        -378,46400         149,57700         -16,68600         -42,02377           0,03963
          22,60000        -378,46400         149,57700         -16,68700         -37,68434           0,00776
          22,65000        -378,46500         149,57700         -16,73700         -40,81128           0,03963
          22,70000        -378,46400         149,57700         -16,73700         -41,13036          -0,00498
          22,75000        -378,46400         149,57700         -16,73800         -41,83232           0,04600
          22,80000        -378,46500         149,57700         -16,78700         -38,06723           0,05874
          22,85000        -378,46500         149,57700         -16,78800         -37,11001           0,03963
          22,90000        -378,46500         149,57700         -16,83600         -40,42839           0,00776
          22,95000        -378,46400         149,57700         -16,83600         -40,10932           0,01413
          23,00000        -378,46400         149,57700         -16,83600         -38,19486           0,04600
          23,05000        -378,46500         149,57600         -16,83700         -37,62053           0,04600
          23,10000        -378,46400         149,57700         -16,88600         -40,68365          -0,00498
          23,15000        -378,46400         149,57700         -16,88600         -38,13105           0,03963
          23,20000        -378,46300         149,57700         -16,93500         -37,04619          -0,01773
          23,25000        -378,46400         149,57600         -16,93600         -38,45012           0,01413
          23,30000        -378,46400         149,57700         -16,93500         -36,72712           0,02688
          23,35000        -378,46300         149,57700         -16,98400         -41,51325           0,02051
          23,40000        -378,46300         149,57700         -16,98600         -38,13105           0,02051
          23,45000        -378,46300         149,57700         -16,98600         -38,89683           0,00776
          23,50000        -378,46400         149,57700         -17,03600         -37,36527           0,02688
          23,55000        -378,46400         149,57700         -17,03600         -38,64157           0,00139
          23,60000        -378,46400         149,57700         -17,03700         -38,76920           0,02051
          23,65000        -378,46400         149,57700         -17,08600         -37,11001           0,02688
          23,70000        -378,46400         149,57700         -17,08600         -35,45081           0,02051
          23,75000        -378,46400         149,57700         -17,08700         -34,17451           0,01413
          23,80000        -378,46400         149,57700         -17,13700         -32,96203           0,00139
          23,85000        -378,46400         149,57700         -17,13700         -33,60018           0,00776
          23,90000        -378,46400         149,57700         -17,13700         -33,60018           0,00139
          23,95000        -378,46400         149,57800         -17,18500         -32,64295           0,04600
          24,00000        -378,46400         149,57700         -17,18500         -40,23695           0,02688
          24,05000        -378,46400         149,57700         -17,23500         -32,70676           0,02051
          24,10000        -378,46400         149,57700         -17,23500         -34,36596           0,05237
          24,15000        -378,46400         149,57700         -17,23500         -36,59949           0,00776
          24,20000        -378,46400         149,57700         -17,28600         -36,91856           0,05237
          24,25000        -378,46400         149,57700         -17,28600         -40,81128          -0,03047
          24,30000        -378,46400         149,57700         -17,32100         -36,21659          -0,00498
          24,35000        -378,46400         149,57700         -17,33700         -38,19486          -0,01773
          24,40000        -378,46400         149,57700         -17,33600         -36,85475           0,05874
          24,45000        -378,46500         149,57700         -17,38500         -36,79093           0,02051
          24,50000        -378,46400         149,57700         -17,38700         -41,83232           0,00139
          24,55000        -378,46400         149,57600         -17,38800         -37,36527           0,05874
          24,60000        -378,46400         149,57700         -17,43600         -35,64226           0,00776
          24,65000        -378,46400         149,57700         -17,43600         -37,23764           0,00139
          24,70000        -378,46300         149,57700         -17,43600         -35,51463           0,02051
          24,75000        -378,46400         149,57700         -17,48600         -40,49221           0,04600
          24,80000        -378,46400         149,57700         -17,48700         -41,64088           0,03963
          24,85000        -378,46400         149,57700         -17,53600         -40,87510          -0,00498
          24,90000        -378,46300         149,57700         -17,53600         -41,95995           0,02051
          24,95000        -378,46300         149,57800         -17,53700         -40,93891          -0,01773
          25,00000        -378,46300         149,57700         -17,58500         -40,23695           0,00139
          25,05000        -378,46300         149,57700         -17,58700         -40,10932           0,03325
          25,10000        -378,46400         149,57700         -17,58700         -35,76989           0,00139
          25,15000        -378,46400         149,57700         -17,63700         -36,34422           0,04600
          25,20000        -378,46400         149,57700         -17,63800         -41,13036           0,00776
          25,25000        -378,46500         149,57700         -17,63800         -36,98238           0,00776
          25,30000        -378,46500         149,57800         -17,68600         -33,15347          -0,01773
          25,35000        -378,46400         149,57700         -17,68600         -37,42908           0,03325
          25,40000        -378,46400         149,57700         -17,68700         -35,19555           0,02051
          25,45000        -378,46400         149,57700         -17,73800         -36,21659          -0,02410
          25,50000        -378,46500         149,57800         -17,73800         -42,78955           0,00776
          25,55000        -378,46500         149,57700         -17,73900         -37,11001           0,00139
          25,60000        -378,46500         149,57700         -17,78700         -35,64226           0,02688
          25,65000        -378,46500         149,57800         -17,78600         -41,44943           0,01413
          25,70000        -378,46400         149,57700         -17,83500         -42,21521           0,03325
          25,75000        -378,46500         149,57700         -17,83600         -41,38562           0,00139
          25,80000        -378,46500         149,57800         -17,83600         -34,30214           0,02688
          25,85000        -378,46500         149,57700         -17,88700         -27,79300           0,01413
          25,90000        -378,46400         149,57700         -17,88700         -41,64088           0,05237
          25,95000        -378,46400         149,57700         -17,93400         -37,42908           0,00776
          26,00000        -378,46400         149,57800         -17,93500         -34,62122           0,03963
          26,05000        -378,46500         149,57700         -17,93600         -38,32249           0,00139
          26,10000        -378,46300         149,57700         -17,96000         -33,53636          -0,01773
          26,15000        -378,46500         149,57700         -17,98700         -38,13105           0,02051
          26,20000        -378,46500         149,57700         -17,98800         -41,32180           0,01413
          26,25000        -378,46500         149,57700         -18,03600         -31,49428           0,04600
          26,30000        -378,46400         149,57700         -18,03600         -26,13381           0,02688
          26,35000        -378,46400         149,57700         -18,03700         -18,98652           0,03963
          26,40000        -378,46400         149,57700         -18,08500         -23,77265           0,01413
          26,45000        -378,46500         149,57700         -18,08600         -30,53705          -0,01136
          26,50000        -378,46500         149,57700         -18,08600         -40,42839           0,02688
          26,55000        -378,46400         149,57700         -18,13700         -28,36734           0,02051
          26,60000        -378,46400         149,57700         -18,13700         -41,06654           0,01413
          26,65000        -378,46400         149,57700         -18,18600         -40,30076           0,02688
          26,70000        -378,46500         149,57700         -18,18600         -39,15209           0,03325
          26,75000        -378,46400         149,57600         -18,18600         -40,74747           0,01413
          26,80000        -378,46400         149,57700         -18,23400         -20,58190           0,02688
          26,85000        -378,46400         149,57700         -18,23700         -39,15209           0,03325
          26,90000        -378,46400         149,57700         -18,23600         -39,98168           0,03963
          26,95000        -378,46400         149,57700         -18,28500         -41,44943           0,02051
          27,00000        -378,46500         149,57700         -18,28600         -41,25799           0,00776
          27,05000        -378,46500         149,57700         -18,30100           8,07108           0,05237
          27,10000        -378,46500         149,57700         -18,33700         -38,00342           0,00139
          27,15000        -378,46400         149,57700         -18,33700         -40,93891           0,03325
          27,20000        -378,46500         149,57700         -18,38500         -40,17313           0,00776
          27,25000        -378,46400         149,57700         -18,38600         -41,70469           0,02051
          27,30000        -378,46400         149,57700         -18,38600         -10,05241           0,00139
          27,35000        -378,46400         149,57700         -18,43700         -29,38838          -0,01136
          27,40000        -378,46400         149,57700         -18,43800         -35,38700           0,02051
          27,45000        -378,46400         149,57700         -18,43800         -41,06654           0,01413
          27,50000        -378,46400         149,57700         -18,48800         -41,44943          -0,01773
          27,55000        -378,46400         149,57700         -18,48800          22,04658           0,00776
          27,60000        -378,46500         149,57700         -18,53600         -40,42839           0,02051
          27,65000        -378,46500         149,57700         -18,53700         -14,64709           0,04600
          27,70000        -378,46500         149,57600         -18,53700          28,23665           0,02051
          27,75000        -378,46500         149,57700         -18,58500         -37,23764          -0,00498
          27,80000        -378,46500         149,57600         -18,58600          35,95827           0,03325
          27,85000        -378,46500         149,57700         -18,58700         -34,42977           0,03963
          27,90000        -378,46400         149,57700         -18,58300         -40,04550           0,02688
          27,95000        -378,46500         149,57600         -18,63600          35,44775           0,02051
          28,00000        -378,46400         149,57700         -18,63600         -39,66261           0,03963
          28,05000        -378,46500         149,57700         -18,68600         -21,98583           0,03325
          28,10000        -378,46500         149,57700         -18,68600           9,53882           0,03963
          28,15000        -378,46500         149,57700         -18,68600         -40,10932           0,01413
          28,20000        -378,46400         149,57700         -18,73700         -39,27972           0,00139
          28,25000        -378,46400         149,57700         -18,73800         -38,32249           0,00776
          28,30000        -378,46500         149,57700         -18,74400         -38,25868           0,01413
          28,35000        -378,46400         149,57700         -18,78800         -30,85613          -0,00498
          28,40000        -378,46500         149,57700         -18,78800          22,49329          -0,01773
          28,45000        -378,46500         149,57700         -18,83600          40,74440           0,02051
          28,50000        -378,46400         149,57600         -18,83700         -40,74747          -0,00498
          28,55000        -378,46500         149,57700         -18,83700         -40,30076           0,05874
          28,60000        -378,46400         149,57700         -18,88600         -40,23695           0,03325
          28,65000        -378,46500         149,57800         -18,88600         -40,17313           0,05874
          28,70000        -378,46500         149,57700         -18,88700          52,93308           0,00776
          28,75000        -378,46500         149,57700         -18,93700         -39,98168           0,01413
          28,80000        -378,46400         149,57700         -18,93700         -40,61984          -0,01773
          28,85000        -378,46400         149,57700         -18,93800         -37,74816           0,02051
          28,90000        -378,46500         149,57700         -18,98800         -39,85405           0,02688
          28,95000        -378,46500         149,57700         -18,98800         140,23213           0,03963
          29,00000        -378,46400         149,57700         -19,03800         -40,17313           0,05874
          29,05000        -378,46400         149,57700         -19,03800         -40,04550           0,01413
          29,10000        -378,46500         149,57700         -19,03900         -32,57913           0,02688
          29,15000        -378,46500         149,57800         -19,07400         -24,72988           0,00139
          29,20000        -378,46500         149,57700         -19,08900         -36,15278           0,02051
          29,25000        -378,46500         149,57700         -19,08800         -42,15140           0,04600
          29,30000        -378,46400         149,57700         -19,08900         -43,42770           0,00139
          29,35000        -378,46400         149,57700         -19,13800         -27,28248           0,03325
          29,40000        -378,46400         149,57700         -19,18600         -25,68710           0,03963
          29,45000        -378,46500         149,57700         -19,18900         -46,42701           0,03325
          29,50000        -378,46500         149,57700         -19,18800         -33,34492           0,01413
          29,55000        -378,46500         149,57700         -19,18900         -45,21452          -0,01136
          29,60000        -378,46500         149,57700         -19,23900         107,23973           0,02051
          29,65000        -378,46500         149,57700         -19,23900         -28,55878           0,03325
          29,70000        -378,46400         149,57700         -19,23900         -15,22143          -0,00498
          29,75000        -378,46500         149,57700         -19,28700          49,99759           0,01413
          29,80000        -378,46500         149,57700         -19,28800          69,52501           0,05237
          29,85000        -378,46600         149,57700         -19,29700         189,05067           0,03963
          29,90000        -378,46500         149,57700         -19,33800         179,79748           0,00776
          29,95000        -378,46500         149,57700         -19,33800         136,65848           0,01413
          30,00000        -378,46500         149,57700         -19,38800         220,83058          -0,01773
          30,05000        -378,46500         149,57700         -19,38900         159,82336           0,03325
          30,10000        -378,46600         149,57700         -19,41600         -38,13105           0,02051
          30,15000        -378,46500         149,57700         -19,43800         -34,87648           0,05874
          30,20000        -378,46500         149,57700         -19,43900         -41,64088           0,05237
          30,25000        -378,46500         149,57700         -19,48900          -7,30836           0,07786
          30,30000        -378,46400         149,57800         -19,48900         263,65051           0,05237
          30,35000        -378,46400         149,57700         -19,49000         215,21486           0,02051
          30,40000        -378,46500         149,57700         -19,53900         169,90614           0,00776
          30,45000        -378,46500         149,57700         -19,53900         221,97926           0,02051
          30,50000        -378,46500         149,57700         -19,53900         238,95407           0,00776
          30,55000        -378,46500         149,57700         -19,58700         292,43111           0,03325
          30,60000        -378,46400         149,57700         -19,58800         314,38351           0,03963
          30,65000        -378,46500         149,57700         -19,58800         350,37522          -0,00498
          30,70000        -378,46400         149,57700         -19,63700         324,40247           0,03963
          30,75000        -378,46400         149,57700         -19,63900         -41,83232           0,02688
          30,80000        -378,46400         149,57700         -19,68800         423,57112           0,05874
          30,85000        -378,46400         149,57700         -19,68800         328,61427           0,06512
          30,90000        -378,46400         149,57700         -19,68900         370,47697           0,00776
          30,95000        -378,46400         149,57700         -19,73700         381,64461           0,03963
          31,00000        -378,46500         149,57700         -19,73700         365,56321           0,03963
          31,05000        -378,46500         149,57800         -19,78900         390,77017          -0,01136
          31,10000        -378,46500         149,57700         -19,78900          -9,47807           0,03963
          31,15000        -378,46500         149,57700         -19,79000         177,50014           0,00139
          31,20000        -378,46500         149,57700         -19,84100         520,82532           0,05237
          31,25000        -378,46500         149,57700         -19,83800         179,79748           0,02688
          31,30000        -378,46500         149,57700         -19,88100         161,48255          -0,01136
          31,35000        -378,46500         149,57700         -19,88800         246,61188           0,03325
          31,40000        -378,46500         149,57700         -19,88800         131,36183           0,00776
          31,45000        -378,46400         149,57700         -19,88900         196,00651           0,02051
          31,50000        -378,46400         149,57700         -19,93800         333,52803           0,01413
          31,55000        -378,46500         149,57700         -19,93800         354,52320           0,03963
          31,60000        -378,46400         149,57700         -19,98900         295,17516           0,00776
          31,65000        -378,46400         149,57700         -19,98900         384,45247           0,01413
          31,70000        -378,46500         149,57700         -19,98900         298,04684           0,02051
          31,75000        -378,46500         149,57800         -20,03700         465,94434           0,03963
          31,80000        -378,46400         149,57800         -20,03900         375,90125           0,00139
          31,85000        -378,46500         149,57700         -20,03900         479,91985           0,00139
          31,90000        -378,46600         149,57800         -20,08500         469,90088           0,02688
          31,95000        -378,46500         149,57700         -20,08800         610,67696           0,04600
          32,00000        -378,46500         149,57700         -20,08900         498,87293           0,02051
          32,05000        -378,46500         149,57700         -20,13900         320,38212           0,01413
          32,10000        -378,46500         149,57700         -20,14000         272,96751           0,04600
          32,15000        -378,46600         149,57700         -20,17200         919,73344           0,05237
          32,20000        -378,46500         149,57700         -20,19000         373,15720           0,00776
          32,25000        -378,46400         149,57700         -20,18900         931,53923           0,01413
          32,30000        -378,46400         149,57700         -20,19000         363,26586           0,03963
          32,35000        -378,46500         149,57700         -20,19100         945,96144           0,00139
          32,40000        -378,46300         149,57600         -17,25900         -44,12967           0,02688
          32,45000        -378,46300         149,57500         -10,07200         -44,64019           0,00139
          32,50000        -378,46200         149,57500         -10,07200         -44,00204           0,04600
          32,55000        -378,46200         149,57500         -10,07200         -43,49151           0,02688
          32,60000        -378,46200         149,57400         -10,07200         -43,93822           0,00139
          32,65000        -378,46300         149,57500         -10,07300         -44,57637           0,00139
          32,70000        -378,46300         149,57400         -10,07200         -44,57637          -0,00498
          32,75000        -378,46200         149,57400         -10,07300         -44,12967           0,03963
          32,80000        -378,46200         149,57400         -10,07200         -42,98099           0,03325
          32,85000        -378,46200         149,57500         -10,07200         -43,74678           0,04600
          32,90000        -378,46300         149,57500         -10,07200         -44,38493           0,03325
          32,95000        -378,46300         149,57500         -10,07300         -44,64019          -0,01136
          33,00000        -378,46200         149,57500         -10,07300         -44,89545           0,04600
          33,05000        -378,46200         149,57400         -10,07300         -44,06585           0,02051
          33,10000        -378,46300         149,57500         -10,07300         -43,49151           0,00139
          33,15000        -378,46200         149,57500         -10,07200         -43,87441           0,03963
          33,20000        -378,46200         149,57400         -10,07200         -44,12967           0,05237
          33,25000        -378,46300         149,57500         -10,07300         -44,44874           0,01413
          33,30000        -378,46200         149,57500         -10,07200         -44,89545           0,03963
          33,35000        -378,46300         149,57500         -10,07200         -43,81059           0,01413
          33,40000        -378,46300         149,57400         -10,07300         -43,74678           0,02051
          33,45000        -378,46200         149,57500         -10,07200         -44,32111           0,00776
          33,50000        -378,46300         149,57500         -10,07200         -44,95926           0,01413
          33,55000        -378,46200         149,57500         -10,07200         -44,32111          -0,02410
          33,60000        -378,46200         149,57400         -10,07300         -43,93822           0,01413
          33,65000        -378,46200         149,57400         -10,07200         -44,12967          -0,01773
          33,70000        -378,46200         149,57500         -10,07200         -44,06585          -0,02410
          33,75000        -378,46300         149,57400         -10,07200         -44,38493           0,00139
          33,80000        -378,46200         149,57500         -10,07200         -44,19348           0,02051
          33,85000        -378,46200         149,57500         -10,07300         -44,06585           0,00139
          33,90000        -378,46300         149,57500         -10,07200         -44,00204           0,03325
          33,95000        -378,46200         149,57500         -10,07300         -44,25730           0,02688
          34,00000        -378,46300         149,57400         -10,07300         -44,44874          -0,04322
          34,05000        -378,46200         149,57500         -10,07200         -44,25730           0,05874
          34,10000        -378,46300         149,57500         -10,07300         -44,06585           0,02051
          34,15000        -378,46200         149,57400         -10,07300         -43,93822           0,00776
          34,20000        -378,46300         149,57400         -10,07200         -44,51256           0,02688
          34,25000        -378,46200         149,57400         -10,07200         -44,38493           0,02688
          34,30000        -378,46300         149,57400         -10,07300         -44,25730           0,00776
          34,35000        -378,46200         149,57400         -10,07200         -44,76782           0,00139
          34,40000        -378,46200         149,57400         -10,07300         -44,51256           0,01413
          34,45000        -378,46200         149,57400         -10,07200         -44,19348           0,07149
          34,50000        -378,46200         149,57400         -10,07300         -44,51256           0,02688
          34,55000        -378,46200         149,57500         -10,07300         -43,61915           0,04600
          34,60000        -378,46200         149,57400         -10,07300         -44,70400           0,01413
          34,65000        -378,46200         149,57500         -10,07200         -44,38493           0,00776
          34,70000        -378,46300         149,57400         -10,07200         -43,68296          -0,00498
          34,75000        -378,46300         149,57400         -10,07200         -44,57637          -0,00498
          34,80000        -378,46300         149,57500         -10,07300         -44,06585           0,01413
          34,85000        -378,46200         149,57400         -10,07300         -44,12967           0,02051
          34,90000        -378,46200         149,57400         -10,07200         -44,83163           0,00139
          34,95000        -378,46300         149,57400         -10,07200         -44,25730           0,02688
          35,00000        -378,46200         149,57500         -10,07300         -44,44874          -0,01136
          35,05000        -378,46200         149,57400         -10,07200         -44,19348           0,02688
          35,10000        -378,46300         149,57500         -10,07200         -44,06585           0,01413
