
// =========================================================================================================
// 2026-04-17, 18:10:13
//        Time [s]        Pos X [um]        Pos Y [um]        Pos Z [um]      Force A [uN]      Force B [uN]
// =========================================================================================================
           0,00000       -6661,07400        -300,20300          -8,15100         -52,87233          -0,02410
           0,05000       -6661,07300        -300,20300          -8,15100         -53,51048          -0,02410
           0,10000       -6661,07300        -300,20200          -8,15100         -53,12759           0,05874
           0,15000       -6661,07300        -300,20300          -8,15000         -53,12759           0,04600
           0,20000       -6661,07300        -300,20300          -8,15100         -53,25522           0,05237
           0,25000       -6661,07400        -300,20300          -8,15100         -53,12759           0,05237
           0,30000       -6661,07300        -300,20300          -8,15100         -52,55326           0,03325
           0,35000       -6661,07400        -300,20400          -8,15100         -53,06378           0,00139
           0,40000       -6661,07300        -300,20300          -8,15100         -52,93615           0,00776
           0,45000       -6661,07300        -300,20300          -8,15100         -52,74470           0,01413
           0,50000       -6661,07300        -300,20200          -8,15100         -53,06378           0,06512
           0,55000       -6661,07300        -300,20200          -8,15100         -52,23418           0,01413
           0,60000       -6661,07300        -300,20300          -8,15000         -52,48944           0,01413
           0,65000       -6661,07300        -300,20300          -8,15100         -52,55326           0,02051
           0,70000       -6661,07400        -300,20300          -8,15100         -52,93615           0,05237
           0,75000       -6661,07300        -300,20400          -8,15100         -52,42563           0,07149
           0,80000       -6661,07300        -300,20300          -8,15000         -52,55326           0,01413
           0,85000       -6661,07300        -300,20300          -8,15100         -52,99996           0,04600
           0,90000       -6661,07300        -300,20300          -8,15000         -53,57430           0,04600
           0,95000       -6661,07300        -300,20300          -8,15000         -53,06378           0,05874
           1,00000       -6661,07300        -300,20300          -8,15000         -52,55326           0,02051
           1,05000       -6661,07200        -300,20300          -8,15100         -52,80852           0,00139
           1,10000       -6661,07300        -300,20300          -8,15000         -52,74470           0,00139
           1,15000       -6661,07300        -300,20300          -8,15000         -53,25522           0,00776
           1,20000       -6661,07300        -300,20300          -8,14900         -52,74470           0,04600
           1,25000       -6661,07300        -300,20300          -8,14900         -52,99996           0,03325
           1,30000       -6661,07300        -300,20300          -8,14900         -52,74470           0,02051
           1,35000       -6661,07300        -300,20300          -8,14900         -53,06378           0,01413
           1,40000       -6661,07300        -300,20300          -8,15000         -53,31904           0,01413
           1,45000       -6661,07300        -300,20200          -8,14900         -53,25522           0,00139
           1,50000       -6661,07300        -300,20200          -8,15000         -53,19141           0,02688
           1,55000       -6661,07300        -300,20300          -8,15100         -52,87233           0,04600
           1,60000       -6661,07300        -300,20300          -8,15000         -52,61707           0,03325
           1,65000       -6661,07300        -300,20300          -8,15000         -52,36181           0,03963
           1,70000       -6661,07300        -300,20400          -8,15000         -52,68089           0,01413
           1,75000       -6661,07300        -300,20300          -8,15000         -53,19141           0,03325
           1,80000       -6661,07300        -300,20300          -8,15000         -52,87233           0,03963
           1,85000       -6661,07300        -300,20300          -8,15000         -52,23418           0,05237
           1,90000       -6661,07300        -300,20300          -8,15000         -53,06378           0,00139
           1,95000       -6661,07400        -300,20300          -8,15000         -52,99996           0,04600
           2,00000       -6661,07300        -300,20300          -8,15000         -52,99996           0,00139
           2,05000       -6661,07300        -300,20300          -8,15000         -52,87233           0,00139
           2,10000       -6661,07400        -300,20300          -8,15000         -52,80852           0,06512
           2,15000       -6661,07300        -300,20200          -8,15100         -52,93615           0,03963
           2,20000       -6661,07300        -300,20300          -8,15000         -52,68089           0,02051
           2,25000       -6661,07300        -300,20300          -8,15100         -52,74470           0,03325
           2,30000       -6661,07300        -300,20300          -8,15100         -52,80852           0,00139
           2,35000       -6661,07300        -300,20300          -8,15000         -52,23418           0,03325
           2,40000       -6661,07200        -300,20300          -8,15000         -52,55326           0,00139
           2,45000       -6661,07200        -300,20300          -8,15000         -52,61707           0,00776
           2,50000       -6661,07300        -300,20200          -8,15000         -52,55326           0,03325
           2,55000       -6661,07300        -300,20300          -8,14900         -52,61707           0,02051
           2,60000       -6661,07300        -300,20300          -8,15000         -52,93615           0,03963
           2,65000       -6661,07400        -300,20200          -8,14800         -52,42563           0,00139
           2,70000       -6661,07300        -300,20300          -8,15000         -52,68089           0,03963
           2,75000       -6661,07300        -300,20200          -8,14900         -52,99996          -0,00498
           2,80000       -6661,07300        -300,20300          -8,14900         -52,23418           0,00776
           2,85000       -6661,07400        -300,20200          -8,15000         -53,25522           0,03325
           2,90000       -6661,07400        -300,20300          -8,15000         -52,99996          -0,00498
           2,95000       -6661,07400        -300,20200          -8,15000         -52,80852           0,03963
           3,00000       -6661,07400        -300,20200          -8,14900         -52,55326           0,00139
           3,05000       -6661,07300        -300,20200          -8,15000         -52,36181           0,03325
           3,10000       -6661,07400        -300,20200          -8,15000         -52,99996          -0,01136
           3,15000       -6661,07300        -300,20200          -8,52700         -52,87233          -0,01136
           3,20000       -6661,07400        -300,20200          -8,53200         -52,42563           0,04600
           3,25000       -6661,07300        -300,20200          -8,53600         -52,68089           0,03963
           3,30000       -6661,07400        -300,20300          -8,55800         -52,48944           0,00139
           3,35000       -6661,07300        -300,20200          -8,56000         -53,25522           0,03963
           3,40000       -6661,07300        -300,20200          -8,55500         -52,36181           0,00139
           3,45000       -6661,07300        -300,20200          -8,56800         -52,80852           0,01413
           3,50000       -6661,07300        -300,20200          -8,56900         -52,55326           0,00139
           3,55000       -6661,07300        -300,20300          -8,57000         -52,99996           0,02688
           3,60000       -6661,07300        -300,20200          -8,57300         -53,51048          -0,01136
           3,65000       -6661,07300        -300,20300          -8,57300         -52,99996           0,00776
           3,70000       -6661,07300        -300,20300          -8,57500         -52,74470           0,03963
           3,75000       -6661,07400        -300,20200          -8,57500         -52,55326           0,02688
           3,80000       -6661,07300        -300,20300          -8,57600         -52,61707           0,02051
           3,85000       -6661,07300        -300,20300          -8,57000         -52,93615           0,00776
           3,90000       -6661,07300        -300,20300          -8,57800         -52,74470           0,03963
           3,95000       -6661,07200        -300,20300          -8,57900         -52,99996           0,03325
           4,00000       -6661,07300        -300,20200          -8,58100         -53,12759           0,03325
           4,05000       -6661,07300        -300,20300          -8,58100         -52,68089           0,04600
           4,10000       -6661,07300        -300,20200          -8,58300         -52,42563           0,02051
           4,15000       -6661,07300        -300,20200          -8,58200         -53,44667           0,03963
           4,20000       -6661,07300        -300,20300          -8,58300         -53,12759           0,05874
           4,25000       -6661,07300        -300,20300          -8,58300         -52,93615           0,04600
           4,30000       -6661,07300        -300,20300          -8,58500         -52,17037           0,04600
           4,35000       -6661,07300        -300,20200          -8,58500         -52,68089           0,02688
           4,40000       -6661,07300        -300,20300          -8,58700         -53,06378           0,00139
           4,45000       -6661,07300        -300,20300          -8,58800         -53,06378           0,02051
           4,50000       -6661,07300        -300,20300          -8,59200         -52,80852           0,07149
           4,55000       -6661,07300        -300,20200          -8,59300         -52,48944          -0,01136
           4,60000       -6661,07300        -300,20200          -8,59400         -52,93615           0,03325
           4,65000       -6661,07300        -300,20200          -8,60300         -53,19141           0,02051
           4,70000       -6661,07400        -300,20200          -8,60300         -53,19141          -0,01773
           4,75000       -6661,07300        -300,20200          -8,60300         -52,99996           0,02688
           4,80000       -6661,07300        -300,20200          -8,62800         -52,42563           0,00776
           4,85000       -6661,07400        -300,20200          -8,62900         -52,87233           0,02051
           4,90000       -6661,07300        -300,20300          -8,63100         -53,12759           0,02051
           4,95000       -6661,07300        -300,20200          -8,66400         -52,29800           0,03963
           5,00000       -6661,07300        -300,20200          -8,66400         -53,25522           0,03325
           5,05000       -6661,07300        -300,20200          -8,70300         -52,93615           0,00139
           5,10000       -6661,07300        -300,20200          -8,70400         -53,51048           0,03325
           5,15000       -6661,07400        -300,20200          -8,72400         -53,25522           0,03963
           5,20000       -6661,07300        -300,20300          -8,74500         -52,68089          -0,01136
           5,25000       -6661,07300        -300,20200          -8,74600         -52,55326           0,03325
           5,30000       -6661,07300        -300,20200          -8,74800         -52,87233          -0,00498
           5,35000       -6661,07300        -300,20200          -8,79200         -52,87233          -0,00498
           5,40000       -6661,07400        -300,20300          -8,79200         -52,93615           0,02051
           5,45000       -6661,07200        -300,20200          -8,83900         -52,61707           0,03325
           5,50000       -6661,07300        -300,20200          -8,84000         -52,74470           0,05237
           5,55000       -6661,07300        -300,20200          -8,84100         -52,55326           0,01413
           5,60000       -6661,07300        -300,20300          -8,88800         -52,36181           0,05237
           5,65000       -6661,07300        -300,20200          -8,89000         -52,48944           0,01413
           5,70000       -6661,07300        -300,20200          -8,92800         -52,99996           0,05237
           5,75000       -6661,07300        -300,20200          -8,94000         -52,36181           0,03963
           5,80000       -6661,07300        -300,20200          -8,94000         -52,29800           0,02051
           5,85000       -6661,07300        -300,20200          -8,99000         -52,61707           0,01413
           5,90000       -6661,07300        -300,20200          -8,99200         -52,87233           0,02051
           5,95000       -6661,07300        -300,20300          -9,04100         -52,48944           0,03963
           6,00000       -6661,07300        -300,20200          -9,04100         -51,91511           0,01413
           6,05000       -6661,07300        -300,20200          -9,04100         -51,97892          -0,01773
           6,10000       -6661,07300        -300,20100          -9,06100         -52,93615           0,05874
           6,15000       -6661,07300        -300,20300          -9,09200         -52,68089           0,03325
           6,20000       -6661,07300        -300,20200          -9,14200         -52,68089           0,01413
           6,25000       -6661,07300        -300,20200          -9,14300         -52,61707           0,03963
           6,30000       -6661,07300        -300,20200          -9,14400         -52,93615          -0,00498
           6,35000       -6661,07400        -300,20200          -9,19300         -52,80852          -0,02410
           6,40000       -6661,07300        -300,20300          -9,19400         -52,42563           0,02688
           6,45000       -6661,07200        -300,20100          -9,21200         -53,06378           0,00776
           6,50000       -6661,07300        -300,20200          -9,24600         -53,12759           0,02051
           6,55000       -6661,07300        -300,20200          -9,24600         -52,61707           0,01413
           6,60000       -6661,07200        -300,20200          -9,24700         -51,59603           0,03963
           6,65000       -6661,07300        -300,20300          -9,29800         -52,80852           0,00139
           6,70000       -6661,07300        -300,20300          -9,29900         -52,17037           0,02051
           6,75000       -6661,07400        -300,20200          -9,29900         -53,12759          -0,01773
           6,80000       -6661,07400        -300,20200          -9,35000         -52,36181          -0,00498
           6,85000       -6661,07300        -300,20300          -9,35000         -52,61707           0,00139
           6,90000       -6661,07400        -300,20200          -9,40100         -52,48944           0,02688
           6,95000       -6661,07300        -300,20200          -9,40000         -52,99996           0,02051
           7,00000       -6661,07300        -300,20200          -9,40000         -52,42563           0,02688
           7,05000       -6661,07400        -300,20200          -9,45100         -52,55326           0,00139
           7,10000       -6661,07400        -300,20200          -9,45200         -52,74470           0,02688
           7,15000       -6661,07300        -300,20200          -9,45200         -52,87233           0,02051
           7,20000       -6661,07300        -300,20100          -9,50200         -52,87233           0,01413
           7,25000       -6661,07300        -300,20200          -9,50200         -52,36181           0,03963
           7,30000       -6661,07300        -300,20100          -9,50300         -52,74470           0,01413
           7,35000       -6661,07200        -300,20100          -9,55300         -52,93615           0,00776
           7,40000       -6661,07300        -300,20200          -9,55300         -51,97892           0,00776
           7,45000       -6661,07200        -300,20200          -9,60200         -52,42563           0,05874
           7,50000       -6661,07300        -300,20200          -9,60400         -52,99996           0,00776
           7,55000       -6661,07400        -300,20200          -9,60400         -52,61707           0,01413
           7,60000       -6661,07300        -300,20200          -9,65400         -52,68089           0,04600
           7,65000       -6661,07300        -300,20200          -9,65400         -52,80852           0,00139
           7,70000       -6661,07300        -300,20200          -9,65400         -52,61707           0,02051
           7,75000       -6661,07300        -300,20300          -9,70600         -52,61707           0,05874
           7,80000       -6661,07300        -300,20200          -9,70600         -53,06378           0,00776
           7,85000       -6661,07300        -300,20200          -9,75000         -52,74470           0,05874
           7,90000       -6661,07200        -300,20200          -9,75500         -52,42563           0,03325
           7,95000       -6661,07200        -300,20200          -9,75500         -52,55326           0,01413
           8,00000       -6661,07200        -300,20200          -9,78700         -52,10655          -0,00498
           8,05000       -6661,07200        -300,20200          -9,80700         -52,61707          -0,01773
           8,10000       -6661,07200        -300,20200          -9,80700         -53,19141           0,00139
           8,15000       -6661,07200        -300,20100          -9,80700         -52,55326          -0,01136
           8,20000       -6661,07300        -300,20200          -9,85900         -52,42563           0,02688
           8,25000       -6661,07200        -300,20300          -9,85900         -52,55326           0,00139
           8,30000       -6661,07200        -300,20200          -9,90700         -52,74470          -0,03047
           8,35000       -6661,07200        -300,20300          -9,90800         -52,17037           0,01413
           8,40000       -6661,07200        -300,20200          -9,90800         -52,74470           0,02688
           8,45000       -6661,07300        -300,20200          -9,95700         -52,23418           0,00776
           8,50000       -6661,07200        -300,20200          -9,95800         -52,61707           0,05237
           8,55000       -6661,07400        -300,20100          -9,96200         -52,74470           0,01413
           8,60000       -6661,07200        -300,20200         -10,00700         -52,17037           0,02688
           8,65000       -6661,07200        -300,20200         -10,00800         -52,68089           0,03325
           8,70000       -6661,07300        -300,20200         -10,02300         -52,48944           0,00139
           8,75000       -6661,07300        -300,20100         -10,06000         -52,55326           0,01413
           8,80000       -6661,07200        -300,20200         -10,06000         -52,61707           0,02688
           8,85000       -6661,07200        -300,20200         -10,10800         -52,61707           0,03325
           8,90000       -6661,07300        -300,20200         -10,11000         -52,61707           0,06512
           8,95000       -6661,07200        -300,20200         -10,11000         -52,61707           0,00139
           9,00000       -6661,07300        -300,20200         -10,16100         -52,99996           0,03325
           9,05000       -6661,07300        -300,20200         -10,16100         -52,61707           0,00139
           9,10000       -6661,07300        -300,20400         -10,19700         -52,87233           0,05237
           9,15000       -6661,07300        -300,20200         -10,21100         -53,12759           0,03963
           9,20000       -6661,07300        -300,20200         -10,21200         -52,36181           0,03325
           9,25000       -6661,07300        -300,20200         -10,25900         -52,61707           0,00776
           9,30000       -6661,07200        -300,20200         -10,26000         -52,87233           0,04600
           9,35000       -6661,07200        -300,20200         -10,26000         -52,68089           0,03963
           9,40000       -6661,07300        -300,20200         -10,31000         -52,87233           0,03963
           9,45000       -6661,07300        -300,20200         -10,31000         -52,68089           0,05237
           9,50000       -6661,07200        -300,20200         -10,31000         -52,04274           0,02688
           9,55000       -6661,07200        -300,20200         -10,36000         -52,29800           0,02688
           9,60000       -6661,07300        -300,20200         -10,36000         -52,29800           0,04600
           9,65000       -6661,07200        -300,20100         -10,40600         -52,48944           0,01413
           9,70000       -6661,07200        -300,20200         -10,40900         -52,42563           0,02688
           9,75000       -6661,07200        -300,20200         -10,41000         -53,19141          -0,01773
           9,80000       -6661,07200        -300,20200         -10,40900         -52,74470          -0,00498
           9,85000       -6661,07200        -300,20200         -10,46000         -52,29800           0,03963
           9,90000       -6661,07200        -300,20200         -10,46000         -52,87233           0,02051
           9,95000       -6661,07300        -300,20200         -10,46600         -52,80852           0,03963
          10,00000       -6661,07200        -300,20300         -10,51100         -52,55326           0,03325
          10,05000       -6661,07300        -300,20200         -10,51100         -52,10655          -0,01136
          10,10000       -6661,07300        -300,20200         -10,52700         -52,36181           0,03963
          10,15000       -6661,07100        -300,20300         -10,56200         -52,29800           0,03325
          10,20000       -6661,07100        -300,20300         -10,56200         -52,99996           0,03963
          10,25000       -6661,07000        -300,20200         -10,60800         -52,99996           0,03325
          10,30000       -6661,07200        -300,20200         -10,61000         -52,93615           0,02688
          10,35000       -6661,07200        -300,20200         -10,61000         -51,91511          -0,00498
          10,40000       -6661,07100        -300,20200         -10,66100         -52,42563           0,02051
          10,45000       -6661,07200        -300,20300         -10,66100         -52,74470           0,00776
          10,50000       -6661,07000        -300,20200         -10,67900         -52,04274           0,03963
          10,55000       -6661,07100        -300,20300         -10,71000         -52,74470           0,01413
          10,60000       -6661,07200        -300,20300         -10,71100         -52,80852           0,03325
          10,65000       -6661,07200        -300,20200         -10,76100         -52,55326           0,04600
          10,70000       -6661,07200        -300,20200         -10,76200         -52,99996           0,04600
          10,75000       -6661,07300        -300,20200         -10,76200         -52,87233           0,00776
          10,80000       -6661,07100        -300,20200         -10,81000         -52,80852           0,04600
          10,85000       -6661,07100        -300,20200         -10,81100         -52,48944          -0,00498
          10,90000       -6661,07200        -300,20200         -10,81100         -52,80852           0,03325
          10,95000       -6661,07200        -300,20200         -10,86000         -53,25522           0,03325
          11,00000       -6661,07200        -300,20200         -10,86100         -51,91511           0,02051
          11,05000       -6661,07100        -300,20200         -10,91200         -53,31904          -0,01773
          11,10000       -6661,07200        -300,20200         -10,91300         -53,06378           0,01413
          11,15000       -6661,07200        -300,20200         -10,91300         -52,93615           0,00776
          11,20000       -6661,07200        -300,20200         -10,96100         -52,68089           0,01413
          11,25000       -6661,07100        -300,20200         -10,96200         -51,97892           0,03963
          11,30000       -6661,07300        -300,20000         -10,98900         -53,06378           0,02688
          11,35000       -6661,07200        -300,20200         -11,01100         -52,93615           0,05237
          11,40000       -6661,07200        -300,20200         -11,01100         -52,93615           0,03325
          11,45000       -6661,07300        -300,20300         -11,03300         -53,57430           0,02688
          11,50000       -6661,07200        -300,20200         -11,06100         -53,12759           0,07149
          11,55000       -6661,07200        -300,20200         -11,06100         -52,61707           0,03325
          11,60000       -6661,07200        -300,20200         -11,11100         -52,74470           0,05237
          11,65000       -6661,07200        -300,20200         -11,11200         -52,87233           0,00776
          11,70000       -6661,07200        -300,20200         -11,11200         -52,48944           0,03963
          11,75000       -6661,07200        -300,20300         -11,16200         -52,99996           0,00776
          11,80000       -6661,07300        -300,20200         -11,16200         -53,19141           0,00776
          11,85000       -6661,07200        -300,20200         -11,21200         -52,55326           0,02051
          11,90000       -6661,07300        -300,20200         -11,21200         -53,12759           0,01413
          11,95000       -6661,07200        -300,20200         -11,21200         -53,31904           0,03325
          12,00000       -6661,07100        -300,20200         -11,26100         -52,80852           0,00139
          12,05000       -6661,07200        -300,20200         -11,26100         -52,93615           0,05237
          12,10000       -6661,07200        -300,20100         -11,26100         -52,68089           0,01413
          12,15000       -6661,07300        -300,20200         -11,31000         -52,61707          -0,01136
          12,20000       -6661,07200        -300,20200         -11,31100         -53,31904           0,00776
          12,25000       -6661,07300        -300,20300         -11,35700         -53,25522           0,03325
          12,30000       -6661,07200        -300,20200         -11,36000         -53,06378           0,00139
          12,35000       -6661,07300        -300,20200         -11,36100         -53,19141           0,02688
          12,40000       -6661,07200        -300,20200         -11,41100         -52,93615           0,03963
          12,45000       -6661,07200        -300,20100         -11,41100         -53,12759           0,00776
          12,50000       -6661,07200        -300,20200         -11,41200         -52,61707           0,03963
          12,55000       -6661,07200        -300,20200         -11,46200         -53,06378          -0,00498
          12,60000       -6661,07200        -300,20200         -11,46300         -53,12759          -0,02410
          12,65000       -6661,07300        -300,20200         -11,47100         -52,74470           0,02688
          12,70000       -6661,07100        -300,20200         -11,51200         -52,87233           0,00139
          12,75000       -6661,07200        -300,20200         -11,51300         -53,06378           0,00139
          12,80000       -6661,07200        -300,20200         -11,56100         -52,87233           0,00776
          12,85000       -6661,07200        -300,20200         -11,56200         -52,93615          -0,01136
          12,90000       -6661,07200        -300,20300         -11,56200         -52,80852           0,01413
          12,95000       -6661,07200        -300,20100         -11,61100         -52,80852           0,02051
          13,00000       -6661,07200        -300,20100         -11,61200         -52,93615           0,00776
          13,05000       -6661,07100        -300,20300         -11,63700         -53,06378           0,03963
          13,10000       -6661,07200        -300,20200         -11,66100         -52,42563           0,03325
          13,15000       -6661,07200        -300,20200         -11,66100         -53,25522           0,02051
          13,20000       -6661,07300        -300,20200         -11,71000         -52,99996           0,01413
          13,25000       -6661,07200        -300,20200         -11,71100         -52,87233           0,05874
          13,30000       -6661,07200        -300,20200         -11,71100         -52,99996           0,01413
          13,35000       -6661,07200        -300,20300         -11,75900         -52,99996           0,00776
          13,40000       -6661,07200        -300,20200         -11,76000         -53,25522           0,04600
          13,45000       -6661,07200        -300,20200         -11,76000         -53,19141           0,02051
          13,50000       -6661,07200        -300,20300         -11,81300         -53,25522           0,02051
          13,55000       -6661,07200        -300,20200         -11,81000         -52,23418          -0,01773
          13,60000       -6661,07200        -300,20200         -11,81000         -52,42563           0,02688
          13,65000       -6661,07200        -300,20200         -11,86000         -52,61707           0,00139
          13,70000       -6661,07200        -300,20200         -11,86000         -53,38285           0,03963
          13,75000       -6661,07200        -300,20200         -11,86100         -52,29800           0,00139
          13,80000       -6661,07200        -300,20200         -11,91000         -52,87233           0,03963
          13,85000       -6661,07200        -300,20200         -11,91000         -52,80852          -0,00498
          13,90000       -6661,07300        -300,20200         -11,96000         -53,38285           0,03963
          13,95000       -6661,07200        -300,20200         -11,96000         -52,87233           0,02051
          14,00000       -6661,07200        -300,20200         -11,96100         -52,68089           0,03325
          14,05000       -6661,07300        -300,20200         -12,00900         -52,61707           0,02051
          14,10000       -6661,07300        -300,20100         -12,01000         -52,23418           0,03325
          14,15000       -6661,07200        -300,20100         -12,01000         -52,68089           0,01413
          14,20000       -6661,07200        -300,20100         -12,05900         -52,87233           0,03325
          14,25000       -6661,07200        -300,20200         -12,06100         -52,93615           0,03325
          14,30000       -6661,07200        -300,20100         -12,06000         -52,36181           0,02051
          14,35000       -6661,07200        -300,20200         -12,10900         -52,87233           0,03963
          14,40000       -6661,07200        -300,20200         -12,11000         -52,23418           0,06512
          14,45000       -6661,07200        -300,20200         -12,11000         -52,17037           0,01413
          14,50000       -6661,07200        -300,20200         -12,13700         -51,97892           0,03963
          14,55000       -6661,07200        -300,20200         -12,15800         -52,29800          -0,00498
          14,60000       -6661,07200        -300,20200         -12,15800         -52,36181           0,00776
          14,65000       -6661,07200        -300,20200         -12,17200         -52,04274           0,03325
          14,70000       -6661,07200        -300,20200         -12,20900         -52,99996          -0,00498
          14,75000       -6661,07200        -300,20200         -12,26000         -51,46840           0,03963
          14,80000       -6661,07100        -300,20200         -12,26100         -52,10655           0,08424
          14,85000       -6661,07100        -300,20200         -12,26100         -52,42563          -0,00498
          14,90000       -6661,07200        -300,20100         -12,26300         -52,29800           0,02688
          14,95000       -6661,07200        -300,20100         -12,30900         -52,23418           0,03325
          15,00000       -6661,07300        -300,20200         -12,32100         -52,10655           0,01413
          15,05000       -6661,07200        -300,20200         -12,35900         -51,91511           0,04600
          15,10000       -6661,07200        -300,20200         -12,36000         -51,53222           0,04600
          15,15000       -6661,07200        -300,20200         -12,36700         -53,12759           0,00776
          15,20000       -6661,07200        -300,20200         -12,41000         -52,42563           0,03963
          15,25000       -6661,07100        -300,20200         -12,41100         -51,78748          -0,00498
          15,30000       -6661,07200        -300,20200         -12,46000         -51,65985           0,03963
          15,35000       -6661,07200        -300,20200         -12,46000         -52,74470          -0,00498
          15,40000       -6661,07200        -300,20200         -12,48100         -52,10655           0,04600
          15,45000       -6661,07200        -300,20200         -12,51100         -51,21314           0,02688
          15,50000       -6661,07200        -300,20200         -12,51300         -50,89407          -0,00498
          15,55000       -6661,07200        -300,20200         -12,56200         -50,89407           0,02688
          15,60000       -6661,07200        -300,20200         -12,56300         -51,91511           0,01413
          15,65000       -6661,07200        -300,20200         -12,56300         -52,80852           0,01413
          15,70000       -6661,07200        -300,20200         -12,61200         -51,85129          -0,00498
          15,75000       -6661,07100        -300,20200         -12,61300         -50,95788           0,05237
          15,80000       -6661,07200        -300,20300         -12,61300         -50,95788          -0,01136
          15,85000       -6661,07200        -300,20300         -12,66100         -49,68158           0,04600
          15,90000       -6661,07200        -300,20200         -12,66100         -50,95788           0,03325
          15,95000       -6661,07200        -300,20200         -12,66100         -49,55395           0,00139
          16,00000       -6661,07200        -300,20100         -12,71100         -50,57499           0,02688
          16,05000       -6661,07200        -300,20100         -12,71200         -49,93684           0,02051
          16,10000       -6661,07200        -300,20100         -12,71200         -50,83025           0,02051
          16,15000       -6661,07100        -300,20200         -12,76100         -51,97892           0,02688
          16,20000       -6661,07100        -300,20100         -12,76200         -50,95788           0,05237
          16,25000       -6661,07200        -300,20200         -12,78300         -49,93684          -0,01136
          16,30000       -6661,07200        -300,20200         -12,81300         -48,08620           0,03963
          16,35000       -6661,07100        -300,20200         -12,81300         -51,85129           0,02688
          16,40000       -6661,07100        -300,20100         -12,86400         -51,21314           0,00776
          16,45000       -6661,07200        -300,20100         -12,86400         -51,27696           0,04600
          16,50000       -6661,07100        -300,20200         -12,86400         -51,27696          -0,03685
          16,55000       -6661,07100        -300,20200         -12,91200         -51,40459           0,02051
          16,60000       -6661,07100        -300,20200         -12,91300         -50,83025           0,04600
          16,65000       -6661,07200        -300,20100         -12,96400         -50,95788           0,07149
          16,70000       -6661,07200        -300,20200         -12,96500         -46,49082           0,01413
          16,75000       -6661,07200        -300,20200         -12,96300         -52,23418           0,02688
          16,80000       -6661,07200        -300,20200         -13,01300         -50,83025          -0,00498
          16,85000       -6661,07100        -300,20100         -13,01400         -50,12828           0,05237
          16,90000       -6661,07200        -300,20200         -13,06400         -50,57499           0,03325
          16,95000       -6661,07100        -300,20200         -13,06500         -51,08551           0,02688
          17,00000       -6661,07100        -300,20200         -13,06400         -51,53222           0,00776
          17,05000       -6661,07100        -300,20200         -13,11300         -52,36181           0,03963
          17,10000       -6661,07200        -300,20200         -13,11400         -49,49013           0,03325
          17,15000       -6661,07200        -300,20100         -13,16300         -48,46909           0,04600
          17,20000       -6661,07200        -300,20200         -13,16400         -50,12828           0,01413
          17,25000       -6661,07100        -300,20100         -13,16400         -51,78748           0,00139
          17,30000       -6661,07100        -300,20200         -13,17100         -50,76643           0,01413
          17,35000       -6661,07200        -300,20200         -13,21400         -51,21314           0,03963
          17,40000       -6661,07200        -300,20200         -13,21300         -51,34077           0,03325
          17,45000       -6661,07100        -300,20200         -13,20700         -51,78748          -0,01136
          17,50000       -6661,07100        -300,20100         -13,26300         -45,46978           0,06512
          17,55000       -6661,07100        -300,20200         -13,26300         -50,57499           0,03325
          17,60000       -6661,07200        -300,20200         -13,31300         -50,44736           0,02051
          17,65000       -6661,07100        -300,20200         -13,31400         -48,46909           0,02688
          17,70000       -6661,07200        -300,20200         -13,31300         -46,42701           0,04600
          17,75000       -6661,07100        -300,20200         -13,36300         -51,46840           0,03325
          17,80000       -6661,07100        -300,20200         -13,36400         -51,14933          -0,01136
          17,85000       -6661,07100        -300,20200         -13,41400         -49,36250          -0,01136
          17,90000       -6661,07100        -300,20200         -13,41600         -51,08551           0,00139
          17,95000       -6661,07100        -300,20200         -13,41500         -50,00065           0,05237
          18,00000       -6661,07100        -300,20200         -13,46400         -43,81059           0,04600
          18,05000       -6661,07100        -300,20200         -13,46500         -51,78748           0,02051
          18,10000       -6661,07100        -300,20200         -13,46900         -50,57499           0,04600
          18,15000       -6661,07100        -300,20200         -13,51400         -46,04412           0,00776
          18,20000       -6661,07200        -300,20200         -13,51500         -50,44736           0,02051
          18,25000       -6661,07100        -300,20200         -13,56400         -51,85129           0,02688
          18,30000       -6661,07100        -300,20200         -13,56400         -52,04274           0,01413
          18,35000       -6661,07100        -300,20200         -13,56400         -52,48944           0,00139
          18,40000       -6661,07100        -300,20100         -13,61200         -52,10655           0,00776
          18,45000       -6661,07100        -300,20200         -13,61400         -52,36181          -0,00498
          18,50000       -6661,07100        -300,20100         -13,64300         -44,89545           0,01413
          18,55000       -6661,07200        -300,20200         -13,66500         -52,93615           0,00139
          18,60000       -6661,07200        -300,20200         -13,66500         -52,29800           0,01413
          18,65000       -6661,07000        -300,20200         -13,66500         -52,04274           0,00776
          18,70000       -6661,07100        -300,20200         -13,71400         -52,61707           0,00776
          18,75000       -6661,07000        -300,20200         -13,71400         -52,29800           0,02051
          18,80000       -6661,07000        -300,20200         -13,71500         -51,78748          -0,00498
          18,85000       -6661,07100        -300,20200         -13,76400         -52,74470           0,04600
          18,90000       -6661,07100        -300,20200         -13,76500         -49,55395           0,00776
          18,95000       -6661,07100        -300,20200         -13,81400         -49,80921           0,02688
          19,00000       -6661,07100        -300,20200         -13,81500         -51,40459           0,01413
          19,05000       -6661,07100        -300,20200         -13,81500         -42,85336           0,03963
          19,10000       -6661,07200        -300,20200         -13,86500         -52,17037          -0,00498
          19,15000       -6661,07100        -300,20200         -13,86500         -52,87233           0,06512
          19,20000       -6661,07100        -300,20200         -13,91500         -52,42563           0,03325
          19,25000       -6661,07100        -300,20200         -13,91600         -53,25522           0,03963
          19,30000       -6661,07100        -300,20200         -13,91500         -52,87233           0,04600
          19,35000       -6661,07100        -300,20300         -13,96500         -52,55326           0,01413
          19,40000       -6661,07100        -300,20200         -13,96600         -36,28041           0,01413
          19,45000       -6661,07200        -300,20300         -14,01300         -51,97892           0,00776
          19,50000       -6661,07100        -300,20200         -14,01600         -50,12828           0,00776
          19,55000       -6661,07100        -300,20200         -14,01600         -35,76989           0,02688
          19,60000       -6661,07200        -300,20300         -14,06500         -48,02239           0,05874
          19,65000       -6661,07200        -300,20100         -14,06600         -53,25522           0,00139
          19,70000       -6661,07200        -300,20300         -14,08800         -52,55326           0,01413
          19,75000       -6661,07200        -300,20200         -14,11600         -51,85129           0,02688
          19,80000       -6661,07200        -300,20200         -14,11700         -49,29869           0,05237
          19,85000       -6661,07300        -300,20300         -14,14600         -45,53360          -0,03047
          19,90000       -6661,07200        -300,20200         -14,16500         -48,78817           0,00776
          19,95000       -6661,07200        -300,20200         -14,16600         -51,97892           0,01413
          20,00000       -6661,07200        -300,20300         -14,21300         -53,12759           0,01413
          20,05000       -6661,07200        -300,20100         -14,21500         -50,63880           0,01413
          20,10000       -6661,07100        -300,20200         -14,21500         -52,61707           0,03963
          20,15000       -6661,07200        -300,20100         -14,26500         -51,59603           0,01413
          20,20000       -6661,07100        -300,20200         -14,26600         -52,17037           0,02051
          20,25000       -6661,07200        -300,20200         -14,26600         -51,97892           0,02051
          20,30000       -6661,07100        -300,20100         -14,31600         -45,02308           0,05237
          20,35000       -6661,07200        -300,20200         -14,31700         -56,12690           0,05237
          20,40000       -6661,07200        -300,20000         -14,31600         -52,42563           0,00139
          20,45000       -6661,07200        -300,20200         -14,36500         -49,17106           0,04600
          20,50000       -6661,07100        -300,20200         -14,36700         -37,04619           0,02051
          20,55000       -6661,07200        -300,20200         -14,39500         -56,31835           0,00776
          20,60000       -6661,07100        -300,20200         -14,41700         -51,08551           0,02051
          20,65000       -6661,07100        -300,20200         -14,41700         -52,17037          -0,00498
          20,70000       -6661,07200        -300,20300         -14,46500         -55,48875           0,00139
          20,75000       -6661,07200        -300,20200         -14,46500         -56,89268          -0,00498
          20,80000       -6661,07100        -300,20300         -14,46700           7,43293           0,04600
          20,85000       -6661,07100        -300,20200         -14,51700         -50,89407           0,03325
          20,90000       -6661,07100        -300,20200         -14,51600         -52,42563           0,05874
          20,95000       -6661,07200        -300,20200         -14,56300         -54,78679           0,03325
          21,00000       -6661,07100        -300,20200         -14,56400         -55,55257           0,02051
          21,05000       -6661,07100        -300,20100         -14,56400         -51,59603           0,05237
          21,10000       -6661,07200        -300,20300         -14,61600         -49,42632           0,05874
          21,15000       -6661,07100        -300,20200         -14,61400         -18,60363           0,05237
          21,20000       -6661,07100        -300,20200         -14,61400          73,73680           0,01413
          21,25000       -6661,07100        -300,20100         -14,66400         -59,63673          -0,01136
          21,30000       -6661,07200        -300,20100         -14,66500         -67,10310          -0,01773
          21,35000       -6661,07100        -300,20200         -14,66500         -77,56877          -0,00498
          21,40000       -6661,07100        -300,20200         -14,71300          59,63367           0,02688
          21,45000       -6661,07100        -300,20100         -14,71500         -27,92063           0,02688
          21,50000       -6661,07100        -300,20200         -14,76500         169,65088           0,02688
          21,55000       -6661,07100        -300,20200         -14,76600         104,75094           0,04600
          21,60000       -6661,07200        -300,20100         -14,76600         184,07309           0,02688
          21,65000       -6661,07100        -300,20300         -14,76700         167,22591           0,02688
          21,70000       -6661,07200        -300,20200         -14,81500         168,69366           0,06512
          21,75000       -6661,07100        -300,20200         -14,86700         366,39280           0,05237
          21,80000       -6661,07100        -300,20200         -14,86600         -23,58121           0,02688
          21,85000       -6661,07100        -300,20100         -14,86600         -38,89683           0,00139
          21,90000       -6661,07200        -300,20100         -14,86700         284,70949           0,02688
          21,95000       -6661,07100        -300,20100         -14,91500         -59,31766           0,00776
          22,00000       -6661,07200        -300,20200         -14,91600         402,44833           0,05874
          22,05000       -6661,07100        -300,20200         -14,96600         490,64078           0,02051
          22,10000       -6661,07000        -300,20300         -14,96600         443,86432           0,00139
          22,15000       -6661,07100        -300,20200         -14,96600         471,11336           0,00139
          22,20000       -6661,07100        -300,20200         -15,01600           0,22182          -0,03047
          22,25000       -6661,07200        -300,20300         -15,01700         477,55869           0,02688
          22,30000       -6661,07200        -300,20200         -15,01700         522,03781           0,00776
          22,35000       -6661,07100        -300,20300         -15,06500         606,72043           0,03325
          22,40000       -6661,07100        -300,20200         -15,06600         597,65869           0,04600
          22,45000       -6661,07100        -300,20300         -15,06600         454,26618           0,03963
          22,50000       -6661,07100        -300,20200         -15,11400         262,94854          -0,00498
          22,55000       -6661,07100        -300,20200         -15,11500         139,14727           0,02688
          22,60000       -6661,07100        -300,20200         -15,11700         438,88674           0,03325
          22,65000       -6661,07100        -300,20200         -15,16500         703,84699           0,02051
          22,70000       -6661,07200        -300,20300         -15,16500         717,69487           0,00776
          22,75000       -6661,07100        -300,20200         -15,16600         757,32404           0,02688
          22,80000       -6661,07100        -300,20200         -15,21600         802,37749           0,02051
          22,85000       -6661,07100        -300,20200         -15,21700         318,65912          -0,02410
          22,90000       -6661,07100        -300,20300         -15,26500         682,85183           0,02051
          22,95000       -6661,07100        -300,20300         -15,26500         442,14131          -0,00498
          23,00000       -6661,07100        -300,20200         -15,26500         820,18190           0,01413
          23,05000       -6661,07100        -300,20200         -15,26500         349,35417          -0,01136
          23,10000       -6661,07100        -300,20300         -14,24200         -52,99996           0,00776
          23,15000       -6661,07300        -300,20300          -8,14900         -52,61707           0,00139
          23,20000       -6661,07400        -300,20400          -8,14900         -52,55326           0,03325
          23,25000       -6661,07300        -300,20300          -8,15000         -52,55326           0,02688
          23,30000       -6661,07400        -300,20300          -8,15000         -52,23418           0,03325
          23,35000       -6661,07300        -300,20400          -8,14900         -52,48944           0,01413
          23,40000       -6661,07300        -300,20400          -8,15000         -52,68089           0,04600
          23,45000       -6661,07300        -300,20300          -8,14900         -52,80852           0,05237
          23,50000       -6661,07300        -300,20300          -8,14900         -52,68089           0,02051
          23,55000       -6661,07400        -300,20400          -8,14900         -52,74470           0,01413
          23,60000       -6661,07300        -300,20400          -8,15000         -52,61707           0,01413
          23,65000       -6661,07300        -300,20300          -8,15000         -52,48944          -0,01773
          23,70000       -6661,07400        -300,20400          -8,14900         -52,93615           0,03963
          23,75000       -6661,07400        -300,20400          -8,15000         -52,68089           0,02688
          23,80000       -6661,07300        -300,20300          -8,14900         -52,55326          -0,00498
          23,85000       -6661,07400        -300,20300          -8,14900         -52,42563           0,01413
          23,90000       -6661,07400        -300,20400          -8,15000         -52,42563           0,00139
          23,95000       -6661,07400        -300,20400          -8,14900         -52,80852           0,00139
          24,00000       -6661,07400        -300,20400          -8,14900         -52,04274           0,01413
          24,05000       -6661,07300        -300,20300          -8,15000         -52,74470           0,01413
          24,10000       -6661,07400        -300,20300          -8,15000         -52,74470           0,04600
          24,15000       -6661,07400        -300,20300          -8,15000         -53,25522           0,00776
          24,20000       -6661,07300        -300,20400          -8,15000         -52,48944           0,05237
          24,25000       -6661,07300        -300,20300          -8,14900         -52,87233          -0,01136
          24,30000       -6661,07300        -300,20300          -8,15000         -52,55326           0,01413
          24,35000       -6661,07400        -300,20400          -8,15000         -52,61707           0,01413
          24,40000       -6661,07300        -300,20400          -8,14900         -52,61707           0,01413
          24,45000       -6661,07400        -300,20300          -8,15000         -52,61707           0,02051
          24,50000       -6661,07300        -300,20300          -8,15000         -52,87233           0,00776
          24,55000       -6661,07400        -300,20400          -8,14900         -52,93615           0,03325
          24,60000       -6661,07300        -300,20400          -8,14900         -52,99996           0,03325
          24,65000       -6661,07400        -300,20400          -8,14900         -52,29800          -0,00498
          24,70000       -6661,07300        -300,20400          -8,15000         -52,36181           0,00776
          24,75000       -6661,07400        -300,20300          -8,15000         -52,23418           0,03963
          24,80000       -6661,07400        -300,20400          -8,15000         -52,42563           0,06512
          24,85000       -6661,07300        -300,20300          -8,15000         -51,78748           0,02051
          24,90000       -6661,07300        -300,20300          -8,14900         -52,42563           0,03963
