
// =========================================================================================================
// 2026-04-17, 16:24:37
//        Time [s]        Pos X [um]        Pos Y [um]        Pos Z [um]      Force A [uN]      Force B [uN]
// =========================================================================================================
           0,00000       -2913,06900          46,74200         -10,97900         -54,53153          -0,00498
           0,05000       -2913,06900          46,74100         -10,98000         -54,34008           0,02051
           0,10000       -2913,07000          46,74200         -10,97900         -54,27626           0,02051
           0,15000       -2913,06900          46,74200         -10,97900         -54,21245           0,00776
           0,20000       -2913,07000          46,74200         -10,98000         -54,27626           0,03325
           0,25000       -2913,06900          46,74200         -10,98000         -54,27626           0,07149
           0,30000       -2913,06900          46,74200         -10,98000         -54,34008          -0,00498
           0,35000       -2913,06900          46,74200         -10,98000         -54,27626           0,03963
           0,40000       -2913,06900          46,74200         -10,98100         -54,27626           0,01413
           0,45000       -2913,06800          46,74100         -10,98000         -54,59534           0,01413
           0,50000       -2913,06800          46,74200         -10,98000         -54,72297           0,02051
           0,55000       -2913,06900          46,74100         -10,98000         -53,70193           0,05874
           0,60000       -2913,06900          46,74200         -10,97900         -54,08482           0,03325
           0,65000       -2913,06900          46,74100         -10,98000         -53,76574           0,00139
           0,70000       -2913,06900          46,74200         -10,98000         -53,89337           0,05237
           0,75000       -2913,06900          46,74100         -10,98000         -54,53153           0,02051
           0,80000       -2913,06900          46,74100         -10,98000         -54,14863           0,00776
           0,85000       -2913,06900          46,74100         -10,98000         -54,46771           0,01413
           0,90000       -2913,06800          46,74200         -10,98000         -54,34008           0,05237
           0,95000       -2913,06900          46,74100         -10,97900         -53,76574           0,02051
           1,00000       -2913,06900          46,74200         -10,98000         -54,53153           0,04600
           1,05000       -2913,06900          46,74200         -10,98000         -54,08482           0,05874
           1,10000       -2913,06900          46,74200         -10,98000         -54,65916           0,03963
           1,15000       -2913,06900          46,74200         -10,98000         -54,46771           0,03963
           1,20000       -2913,06900          46,74100         -10,98000         -54,46771           0,01413
           1,25000       -2913,06900          46,74100         -10,98000         -54,59534           0,04600
           1,30000       -2913,06900          46,74100         -10,98000         -53,51048          -0,01773
           1,35000       -2913,06900          46,74200         -10,98000         -54,02100          -0,01136
           1,40000       -2913,06900          46,74200         -10,98000         -53,76574           0,00776
           1,45000       -2913,06800          46,74200         -10,98000         -54,14863          -0,00498
           1,50000       -2913,06900          46,74200         -10,98000         -53,63811           0,02688
           1,55000       -2913,06800          46,74100         -10,98000         -54,46771           0,00776
           1,60000       -2913,06800          46,74100         -10,97900         -54,27626           0,04600
           1,65000       -2913,06900          46,74200         -10,98000         -53,89337           0,02688
           1,70000       -2913,06800          46,74100         -10,98000         -54,27626           0,01413
           1,75000       -2913,06900          46,74200         -10,98000         -54,14863           0,05237
           1,80000       -2913,07000          46,74200         -10,98100         -53,95719           0,00776
           1,85000       -2913,06900          46,74100         -10,98000         -53,89337          -0,00498
           1,90000       -2913,06900          46,74200         -10,98000         -54,02100           0,02688
           1,95000       -2913,06900          46,74200         -10,98100         -54,08482           0,00139
           2,00000       -2913,06900          46,74200         -10,98000         -54,02100          -0,00498
           2,05000       -2913,06900          46,74200         -10,98000         -54,53153           0,06512
           2,10000       -2913,06900          46,74100         -10,98000         -54,02100           0,00139
           2,15000       -2913,06800          46,74100         -10,98000         -54,46771           0,01413
           2,20000       -2913,06900          46,74100         -10,98000         -54,53153           0,00139
           2,25000       -2913,06800          46,74100         -10,97900         -54,34008           0,03325
           2,30000       -2913,06900          46,74200         -10,98000         -53,70193           0,02051
           2,35000       -2913,06800          46,74100         -10,98000         -54,14863           0,01413
           2,40000       -2913,06900          46,74200         -10,98000         -54,27626           0,04600
           2,45000       -2913,06800          46,74100         -10,98000         -54,08482           0,03325
           2,50000       -2913,06800          46,74100         -10,98000         -53,89337           0,05874
           2,55000       -2913,06900          46,74100         -10,98000         -53,76574           0,02051
           2,60000       -2913,06800          46,74100         -10,97900         -54,40390           0,03325
           2,65000       -2913,06900          46,74200         -10,98000         -53,89337           0,03963
           2,70000       -2913,06800          46,74100         -10,98000         -54,08482           0,01413
           2,75000       -2913,06900          46,74200         -10,98000         -54,34008           0,00776
           2,80000       -2913,06900          46,74200         -10,98000         -53,57430           0,00776
           2,85000       -2913,06800          46,74200         -10,98000         -53,63811          -0,03047
           2,90000       -2913,06800          46,74200         -10,98000         -54,21245           0,04600
           2,95000       -2913,06900          46,74200         -10,98000         -54,65916          -0,00498
           3,00000       -2913,06900          46,74200         -10,98000         -54,40390          -0,01136
           3,05000       -2913,06900          46,74200         -10,98000         -54,08482           0,01413
           3,10000       -2913,06900          46,74200         -10,98000         -54,59534          -0,03047
           3,15000       -2913,06900          46,74200         -10,98000         -53,95719           0,00139
           3,20000       -2913,06800          46,74100         -10,97900         -53,95719           0,03325
           3,25000       -2913,06800          46,74200         -10,98000         -54,02100           0,02051
           3,30000       -2913,06800          46,74200         -10,98000         -54,46771           0,02051
           3,35000       -2913,06900          46,74200         -10,97900         -53,89337           0,00776
           3,40000       -2913,06900          46,74200         -10,98000         -53,63811           0,03963
           3,45000       -2913,06900          46,74200         -10,98000         -53,63811           0,03325
           3,50000       -2913,06900          46,74200         -10,97900         -54,02100           0,01413
           3,55000       -2913,06900          46,74200         -10,98000         -53,89337          -0,03685
           3,60000       -2913,06900          46,74100         -10,98000         -54,21245           0,03325
           3,65000       -2913,06900          46,74200         -10,98000         -54,08482           0,03325
           3,70000       -2913,06900          46,74200         -10,97900         -54,53153           0,03963
           3,75000       -2913,06900          46,74200         -10,98000         -54,40390           0,00139
           3,80000       -2913,06900          46,74200         -10,98000         -54,08482           0,00776
           3,85000       -2913,06900          46,74200         -10,98000         -54,27626          -0,01773
           3,90000       -2913,06800          46,74200         -10,98000         -54,72297           0,03963
           3,95000       -2913,06900          46,74200         -10,98000         -54,21245          -0,00498
           4,00000       -2913,06900          46,74100         -10,98100         -54,46771           0,02051
           4,05000       -2913,06900          46,74200         -10,98000         -54,14863           0,04600
           4,10000       -2913,06900          46,74200         -10,98000         -53,82956          -0,00498
           4,15000       -2913,06900          46,74200         -10,98000         -54,21245          -0,00498
           4,20000       -2913,06900          46,74100         -10,98000         -54,34008           0,02688
           4,25000       -2913,06900          46,74200         -10,97900         -53,95719           0,02688
           4,30000       -2913,06900          46,74100         -10,98000         -54,40390          -0,00498
           4,35000       -2913,06900          46,74200         -10,97900         -54,59534           0,02688
           4,40000       -2913,06900          46,74200         -10,97900         -54,46771          -0,00498
           4,45000       -2913,06900          46,74200         -10,98000         -54,46771           0,00776
           4,50000       -2913,06900          46,74200         -10,98000         -53,63811           0,02688
           4,55000       -2913,06900          46,74200         -10,98000         -54,08482          -0,01136
           4,60000       -2913,06800          46,74200         -10,98000         -54,78679           0,01413
           4,65000       -2913,06900          46,74200         -10,98000         -53,95719           0,05237
           4,70000       -2913,06900          46,74200         -10,98000         -54,34008           0,02688
           4,75000       -2913,06900          46,74200         -10,98100         -53,82956           0,01413
           4,80000       -2913,06900          46,74200         -10,98000         -53,89337           0,03325
           4,85000       -2913,06900          46,74200         -10,98000         -54,08482           0,00139
           4,90000       -2913,06900          46,74200         -10,98000         -54,02100           0,00139
           4,95000       -2913,06900          46,74200         -10,98000         -54,34008           0,00776
           5,00000       -2913,06900          46,74100         -10,98000         -53,89337           0,06512
           5,05000       -2913,06900          46,74100         -10,98000         -53,89337           0,01413
           5,10000       -2913,06900          46,74200         -10,98000         -54,72297           0,02051
           5,15000       -2913,06900          46,74100         -10,98000         -54,21245           0,03963
           5,20000       -2913,06800          46,74000         -10,81500         -54,14863          -0,01136
           5,25000       -2913,06800          46,74000         -10,81500         -54,46771           0,03325
           5,30000       -2913,06800          46,74100         -10,81700         -54,21245           0,02688
           5,35000       -2913,06800          46,74000         -10,81600         -54,65916          -0,01136
           5,40000       -2913,06900          46,74000         -10,81800         -54,40390           0,00776
           5,45000       -2913,06900          46,74000         -10,81600         -54,02100           0,04600
           5,50000       -2913,06900          46,74100         -10,81700         -54,59534           0,00139
           5,55000       -2913,06900          46,74000         -10,81700         -53,82956           0,05874
           5,60000       -2913,06800          46,74000         -10,81800         -53,89337          -0,01136
           5,65000       -2913,06900          46,74000         -10,81500         -53,95719           0,01413
           5,70000       -2913,06800          46,74000         -10,81600         -53,95719           0,03325
           5,75000       -2913,06900          46,74100         -10,81300         -54,14863           0,02688
           5,80000       -2913,06800          46,74100         -10,81400         -53,76574           0,03325
           5,85000       -2913,06800          46,74100         -10,81300         -54,14863           0,05237
           5,90000       -2913,06900          46,74000         -10,81100         -54,46771           0,04600
           5,95000       -2913,06900          46,74000         -10,81200         -54,14863           0,02688
           6,00000       -2913,06900          46,73900         -10,81000         -53,70193           0,02688
           6,05000       -2913,06800          46,74100         -10,81100         -54,21245           0,03325
           6,10000       -2913,06900          46,74000         -10,81100         -54,46771           0,03325
           6,15000       -2913,06900          46,74000         -10,80800         -54,34008          -0,01136
           6,20000       -2913,06900          46,73900         -10,80900         -54,21245          -0,00498
           6,25000       -2913,06900          46,73900         -10,80900         -53,89337           0,05874
           6,30000       -2913,06900          46,74000         -10,80700         -53,95719           0,03963
           6,35000       -2913,06900          46,74000         -10,80800         -54,34008           0,04600
           6,40000       -2913,06900          46,74000         -10,80500         -54,27626           0,00776
           6,45000       -2913,06800          46,73900         -10,80600         -54,08482           0,04600
           6,50000       -2913,06900          46,74000         -10,80700         -53,82956           0,02051
           6,55000       -2913,06900          46,74000         -10,80800         -54,14863           0,00776
           6,60000       -2913,06800          46,74000         -10,80900         -54,21245           0,05874
           6,65000       -2913,06900          46,74000         -10,80900         -53,63811           0,02688
           6,70000       -2913,06900          46,74000         -10,82900         -53,95719           0,02688
           6,75000       -2913,06900          46,74000         -10,83000         -53,95719           0,03963
           6,80000       -2913,06800          46,74000         -10,85400         -53,82956          -0,01773
           6,85000       -2913,06900          46,74000         -10,86900         -54,34008          -0,01136
           6,90000       -2913,06800          46,74000         -10,86900         -54,14863           0,01413
           6,95000       -2913,06900          46,74000         -10,91400         -54,21245           0,05237
           7,00000       -2913,06800          46,74000         -10,91400         -54,46771           0,04600
           7,05000       -2913,06900          46,74000         -10,91500         -54,46771           0,02051
           7,10000       -2913,06900          46,73900         -10,96100         -53,63811           0,00776
           7,15000       -2913,06900          46,73900         -10,96100         -54,21245           0,00776
           7,20000       -2913,06900          46,74000         -10,98100         -54,27626           0,01413
           7,25000       -2913,06900          46,74000         -11,01000         -54,02100          -0,01136
           7,30000       -2913,06900          46,74000         -11,01100         -53,44667           0,02688
           7,35000       -2913,06900          46,74100         -11,05300         -54,27626           0,03963
           7,40000       -2913,06900          46,74000         -11,06000         -54,59534           0,05874
           7,45000       -2913,06900          46,73900         -11,06100         -53,95719           0,00139
           7,50000       -2913,06900          46,74000         -11,11300         -54,34008           0,02051
           7,55000       -2913,07000          46,74000         -11,11200         -54,27626           0,04600
           7,60000       -2913,06900          46,74100         -11,11100         -54,59534           0,04600
           7,65000       -2913,06900          46,74000         -11,16100         -54,02100           0,03325
           7,70000       -2913,07000          46,74000         -11,16300         -54,59534          -0,00498
           7,75000       -2913,06900          46,74000         -11,19700         -54,40390           0,06512
           7,80000       -2913,07000          46,74000         -11,21400         -54,34008           0,00139
           7,85000       -2913,06900          46,74000         -11,21500         -53,70193           0,03963
           7,90000       -2913,06900          46,73900         -11,26300         -53,76574           0,00139
           7,95000       -2913,06900          46,74000         -11,26500         -54,34008           0,03963
           8,00000       -2913,06900          46,74000         -11,31500         -54,02100           0,04600
           8,05000       -2913,06900          46,74000         -11,31800         -54,40390           0,04600
           8,10000       -2913,07000          46,74000         -11,31800         -54,14863           0,02051
           8,15000       -2913,06800          46,73900         -11,32300         -53,82956           0,02688
           8,20000       -2913,06900          46,74000         -11,36800         -53,82956           0,00139
           8,25000       -2913,06900          46,74000         -11,36800         -53,95719           0,00139
           8,30000       -2913,06900          46,74000         -11,41900         -54,65916           0,02688
           8,35000       -2913,06800          46,74000         -11,41900         -54,02100           0,07786
           8,40000       -2913,06900          46,73900         -11,41900         -54,27626           0,00776
           8,45000       -2913,06900          46,74000         -11,47200         -54,08482           0,05874
           8,50000       -2913,06900          46,74000         -11,47300         -53,82956           0,02688
           8,55000       -2913,06800          46,74100         -11,52000         -54,65916           0,02688
           8,60000       -2913,06900          46,74000         -11,52200         -53,95719           0,06512
           8,65000       -2913,06900          46,73900         -11,52300         -54,02100           0,02051
           8,70000       -2913,06900          46,74000         -11,55000         -54,34008           0,00776
           8,75000       -2913,06900          46,74000         -11,57300         -54,14863           0,02051
           8,80000       -2913,06900          46,74000         -11,57400         -54,08482           0,02688
           8,85000       -2913,06900          46,74000         -11,62200         -54,21245           0,04600
           8,90000       -2913,06900          46,74000         -11,62400         -54,27626           0,00139
           8,95000       -2913,06800          46,74000         -11,62400         -54,08482           0,00776
           9,00000       -2913,06900          46,74000         -11,67300         -53,95719           0,02688
           9,05000       -2913,06900          46,74000         -11,67400         -53,70193           0,03963
           9,10000       -2913,06900          46,74000         -11,67500         -54,02100           0,00776
           9,15000       -2913,06900          46,74000         -11,72400         -54,34008           0,00776
           9,20000       -2913,06900          46,74000         -11,72300         -53,95719           0,00776
           9,25000       -2913,06900          46,74000         -11,72400         -53,70193           0,03325
           9,30000       -2913,06900          46,74000         -11,77400         -53,63811           0,02688
           9,35000       -2913,06900          46,74000         -11,77500         -53,63811          -0,01136
           9,40000       -2913,06900          46,73900         -11,82500         -53,57430          -0,03047
           9,45000       -2913,06900          46,74000         -11,82500         -54,27626           0,00776
           9,50000       -2913,06900          46,74000         -11,82600         -54,08482           0,02051
           9,55000       -2913,06900          46,74000         -11,87400         -54,02100           0,02688
           9,60000       -2913,06900          46,74000         -11,87500         -53,57430           0,03963
           9,65000       -2913,06900          46,73900         -11,92500         -53,70193           0,00139
           9,70000       -2913,07000          46,73900         -11,92500         -53,89337           0,01413
           9,75000       -2913,06900          46,74200         -11,92600         -54,40390           0,03963
           9,80000       -2913,06900          46,74000         -11,97400         -53,63811           0,01413
           9,85000       -2913,06900          46,74100         -11,97600         -53,63811           0,03325
           9,90000       -2913,06900          46,74100         -11,97500         -53,76574           0,02051
           9,95000       -2913,07000          46,74100         -12,02600         -54,08482           0,03963
          10,00000       -2913,06900          46,73900         -12,02600         -54,27626           0,03963
          10,05000       -2913,07000          46,74100         -12,07200         -54,34008          -0,01136
          10,10000       -2913,06900          46,74100         -12,07500         -53,70193           0,02051
          10,15000       -2913,06900          46,74000         -12,07500         -53,63811           0,03325
          10,20000       -2913,06900          46,73900         -12,07800         -54,46771          -0,00498
          10,25000       -2913,06900          46,73900         -12,12700         -54,02100           0,02688
          10,30000       -2913,06900          46,74000         -12,12700         -54,21245           0,04600
          10,35000       -2913,07000          46,74000         -12,17600         -53,63811          -0,00498
          10,40000       -2913,06900          46,74000         -12,17700         -53,89337           0,03963
          10,45000       -2913,06900          46,74000         -12,17700         -53,63811           0,02051
          10,50000       -2913,06900          46,74000         -12,22800         -53,95719           0,03325
          10,55000       -2913,06900          46,74000         -12,22700         -53,63811           0,03325
          10,60000       -2913,06900          46,74000         -12,27800         -53,44667          -0,00498
          10,65000       -2913,06900          46,74000         -12,27800         -54,27626          -0,01773
          10,70000       -2913,06900          46,74000         -12,27800         -54,08482           0,00776
          10,75000       -2913,06900          46,74000         -12,32600         -54,02100           0,07149
          10,80000       -2913,06900          46,74100         -12,32800         -53,31904           0,06512
          10,85000       -2913,06900          46,74000         -12,32800         -53,57430           0,02051
          10,90000       -2913,06900          46,74000         -12,37900         -53,95719          -0,00498
          10,95000       -2913,07000          46,74000         -12,37900         -53,70193           0,01413
          11,00000       -2913,06900          46,74100         -12,37900         -54,02100           0,02051
          11,05000       -2913,06900          46,74000         -12,42700         -54,02100           0,03963
          11,10000       -2913,06900          46,74000         -12,42800         -54,02100          -0,01773
          11,15000       -2913,06900          46,74000         -12,42900         -53,51048           0,03963
          11,20000       -2913,06900          46,74100         -12,47900         -53,89337           0,03963
          11,25000       -2913,06900          46,74100         -12,47900         -54,08482          -0,00498
          11,30000       -2913,06900          46,74000         -12,53200         -54,02100           0,02688
          11,35000       -2913,06900          46,74100         -12,53200         -54,40390           0,02688
          11,40000       -2913,06900          46,74100         -12,53300         -54,02100           0,03325
          11,45000       -2913,06900          46,74100         -12,58100         -53,95719          -0,00498
          11,50000       -2913,06900          46,74000         -12,58200         -53,76574           0,00139
          11,55000       -2913,07000          46,74000         -12,58200         -53,06378           0,06512
          11,60000       -2913,07000          46,74000         -12,61800         -54,21245           0,01413
          11,65000       -2913,06900          46,74100         -12,63100         -53,57430           0,04600
          11,70000       -2913,06900          46,74100         -12,66000         -53,95719           0,03963
          11,75000       -2913,06900          46,74000         -12,68100         -53,70193           0,00776
          11,80000       -2913,06800          46,74000         -12,68100         -53,57430           0,04600
          11,85000       -2913,06900          46,74000         -12,73200         -54,34008           0,04600
          11,90000       -2913,06900          46,74000         -12,73100         -54,02100          -0,00498
          11,95000       -2913,06900          46,74000         -12,73200         -53,44667           0,00776
          12,00000       -2913,07000          46,74000         -12,78000         -53,89337           0,02051
          12,05000       -2913,06900          46,74000         -12,78200         -54,02100           0,03963
          12,10000       -2913,06900          46,74000         -12,78200         -54,46771           0,02688
          12,15000       -2913,06900          46,74000         -12,83000         -54,08482          -0,01773
          12,20000       -2913,07000          46,74000         -12,83100         -53,51048           0,05237
          12,25000       -2913,07000          46,74100         -12,83100         -54,53153           0,03325
          12,30000       -2913,06900          46,74000         -12,88000         -53,70193           0,02688
          12,35000       -2913,06900          46,74100         -12,88200         -54,21245           0,02688
          12,40000       -2913,06900          46,74000         -12,93000         -53,44667           0,02688
          12,45000       -2913,06900          46,74100         -12,93100         -54,02100           0,01413
          12,50000       -2913,06900          46,74000         -12,93100         -53,25522           0,01413
          12,55000       -2913,06900          46,73900         -12,98100         -54,21245          -0,00498
          12,60000       -2913,07000          46,74000         -12,98200         -54,02100           0,01413
          12,65000       -2913,06900          46,74000         -12,98300         -54,27626          -0,02410
          12,70000       -2913,06900          46,74000         -13,03200         -53,95719           0,00139
          12,75000       -2913,07000          46,74000         -13,03200         -54,02100           0,02688
          12,80000       -2913,06900          46,74000         -13,03500         -53,25522           0,04600
          12,85000       -2913,07000          46,74000         -13,08100         -54,53153           0,05237
          12,90000       -2913,06900          46,74000         -13,08200         -53,70193           0,03325
          12,95000       -2913,07000          46,74100         -13,08200         -54,40390           0,02051
          13,00000       -2913,07000          46,74000         -13,13000         -53,76574           0,03963
          13,05000       -2913,06900          46,74000         -13,13100         -53,82956          -0,00498
          13,10000       -2913,06900          46,74000         -13,18300         -53,44667           0,00776
          13,15000       -2913,07000          46,74000         -13,18300         -53,70193           0,05874
          13,20000       -2913,06900          46,74100         -13,18400         -53,38285           0,03963
          13,25000       -2913,06900          46,74100         -13,23200         -53,44667           0,00776
          13,30000       -2913,06900          46,74000         -13,23200         -53,82956           0,01413
          13,35000       -2913,07000          46,74000         -13,28400         -52,42563           0,05874
          13,40000       -2913,07000          46,74000         -13,28400         -53,70193           0,02688
          13,45000       -2913,07000          46,74000         -13,28400         -53,95719           0,02688
          13,50000       -2913,07000          46,74000         -13,33200         -53,70193           0,03963
          13,55000       -2913,06900          46,74100         -13,33300         -53,57430          -0,01136
          13,60000       -2913,06900          46,74000         -13,36200         -52,29800           0,00776
          13,65000       -2913,07000          46,74100         -13,38200         -52,68089           0,05874
          13,70000       -2913,06900          46,74000         -13,38300         -52,99996           0,01413
          13,75000       -2913,06800          46,74100         -13,40000         -52,99996           0,02051
          13,80000       -2913,07000          46,74000         -13,43300         -53,95719           0,02051
          13,85000       -2913,06900          46,74000         -13,43300         -52,74470           0,02688
          13,90000       -2913,06900          46,74100         -13,48200         -53,12759          -0,01773
          13,95000       -2913,07000          46,74200         -13,48200         -54,27626          -0,01136
          14,00000       -2913,06900          46,74100         -13,48200         -53,95719          -0,00498
          14,05000       -2913,06900          46,74100         -13,53200         -53,63811           0,00776
          14,10000       -2913,06900          46,74100         -13,53300         -51,46840           0,00776
          14,15000       -2913,06900          46,74100         -13,58300         -51,59603          -0,01136
          14,20000       -2913,07000          46,74100         -13,58500         -53,25522           0,00139
          14,25000       -2913,07000          46,74100         -13,58400         -53,25522           0,02051
          14,30000       -2913,06900          46,74100         -13,63200         -51,65985          -0,01136
          14,35000       -2913,07000          46,74100         -13,63200         -51,78748           0,02688
          14,40000       -2913,06900          46,74200         -13,63300         -53,63811           0,05237
          14,45000       -2913,06900          46,74100         -13,68300         -51,78748           0,03963
          14,50000       -2913,06900          46,74100         -13,68300         -52,10655           0,00776
          14,55000       -2913,06800          46,74100         -13,69800         -52,04274          -0,02410
          14,60000       -2913,06900          46,74000         -13,73200         -52,36181           0,00139
          14,65000       -2913,06900          46,74000         -13,73300         -53,19141           0,03963
          14,70000       -2913,06900          46,74100         -13,78200         -53,44667           0,06512
          14,75000       -2913,06900          46,74100         -13,78300         -51,34077           0,00776
          14,80000       -2913,06900          46,74000         -13,78300         -50,51117          -0,01136
          14,85000       -2913,06900          46,74100         -13,83400         -51,72366           0,00776
          14,90000       -2913,06900          46,74100         -13,83400         -53,19141          -0,01136
          14,95000       -2913,06800          46,74100         -13,83500         -50,83025           0,07786
          15,00000       -2913,06900          46,74100         -13,88500         -52,48944           0,01413
          15,05000       -2913,06900          46,74100         -13,88500         -53,12759           0,02051
          15,10000       -2913,06900          46,74100         -13,88600         -52,61707           0,03963
          15,15000       -2913,06900          46,74100         -13,93400         -52,93615          -0,01136
          15,20000       -2913,07000          46,74100         -13,93700         -50,44736           0,00139
          15,25000       -2913,07000          46,74100         -13,98600         -52,80852           0,04600
          15,30000       -2913,07100          46,74100         -13,98500         -52,93615           0,03963
          15,35000       -2913,07000          46,74100         -13,98600         -52,04274           0,03325
          15,40000       -2913,07000          46,74200         -13,99900         -50,63880           0,03325
          15,45000       -2913,06900          46,74100         -14,03500         -49,80921           0,01413
          15,50000       -2913,06800          46,74100         -14,03500         -52,74470           0,00139
          15,55000       -2913,06900          46,74100         -14,08400         -52,55326           0,02688
          15,60000       -2913,06900          46,74100         -14,08500         -52,04274           0,03963
          15,65000       -2913,06900          46,74200         -14,08500         -52,87233           0,00776
          15,70000       -2913,06900          46,74100         -14,13500         -52,48944           0,02051
          15,75000       -2913,06900          46,74100         -14,13600         -52,55326           0,00139
          15,80000       -2913,06900          46,74100         -14,13500         -52,68089          -0,03685
          15,85000       -2913,06900          46,74100         -14,18400         -49,55395           0,03325
          15,90000       -2913,06900          46,74100         -14,18400         -52,99996           0,00139
          15,95000       -2913,06800          46,74000         -14,19400         -52,23418           0,04600
          16,00000       -2913,06900          46,74100         -14,23500         -52,74470           0,00776
          16,05000       -2913,06900          46,74100         -14,23500         -52,68089           0,02051
          16,10000       -2913,07000          46,74000         -14,22900         -48,97961           0,02051
          16,15000       -2913,07000          46,74100         -14,28400         -51,91511           0,03325
          16,20000       -2913,07000          46,74100         -14,28400         -52,74470           0,02688
          16,25000       -2913,06900          46,74100         -14,33500         -52,87233           0,03963
          16,30000       -2913,07000          46,74100         -14,33500         -51,21314          -0,00498
          16,35000       -2913,07000          46,74100         -14,33500         -52,36181           0,04600
          16,40000       -2913,07000          46,74100         -14,38500         -51,85129           0,00776
          16,45000       -2913,06900          46,74100         -14,38500         -52,10655           0,06512
          16,50000       -2913,07100          46,74100         -14,43600         -51,21314           0,01413
          16,55000       -2913,06900          46,74000         -14,43500         -51,78748           0,00139
          16,60000       -2913,06900          46,74100         -14,43600         -49,87302           0,02051
          16,65000       -2913,06900          46,74100         -14,48400         -52,04274           0,03963
          16,70000       -2913,06900          46,74000         -14,48500         -53,06378           0,02688
          16,75000       -2913,06900          46,74100         -14,48500         -51,85129           0,03963
          16,80000       -2913,06900          46,74100         -14,53500         -49,68158           0,03963
          16,85000       -2913,06900          46,74100         -14,53600         -53,06378           0,02051
          16,90000       -2913,06800          46,74100         -14,58000         -49,68158           0,03325
          16,95000       -2913,06800          46,74100         -14,58300         -49,29869          -0,01773
          17,00000       -2913,06900          46,74100         -14,58400         -50,70262           0,03963
          17,05000       -2913,06900          46,74100         -14,61300         -50,95788           0,03325
          17,10000       -2913,06800          46,74100         -14,63400         -51,91511           0,02688
          17,15000       -2913,06900          46,74000         -14,63500         -50,57499           0,03963
          17,20000       -2913,06900          46,74000         -14,68400         -49,29869           0,02688
          17,25000       -2913,06900          46,74100         -14,68400         -50,76643          -0,00498
          17,30000       -2913,06900          46,74000         -14,68500         -49,61776           0,05237
          17,35000       -2913,06900          46,74000         -14,73600         -51,27696           0,02051
          17,40000       -2913,06900          46,74000         -14,73500         -49,55395           0,03963
          17,45000       -2913,06900          46,74100         -14,78100         -50,57499           0,00776
          17,50000       -2913,06900          46,74100         -14,78600         -52,42563          -0,00498
          17,55000       -2913,07000          46,74100         -14,78600         -53,25522           0,05237
          17,60000       -2913,06900          46,74000         -14,83500         -50,51117           0,00139
          17,65000       -2913,06900          46,74100         -14,83600         -50,31973          -0,01136
          17,70000       -2913,07000          46,74100         -14,83700         -48,85198           0,03963
          17,75000       -2913,06900          46,74100         -14,88500         -51,59603          -0,01773
          17,80000       -2913,06900          46,74100         -14,88600         -52,17037           0,02051
          17,85000       -2913,06900          46,74000         -14,88600         -50,31973           0,02688
          17,90000       -2913,06900          46,74100         -14,93400         -48,08620           0,04600
          17,95000       -2913,06900          46,74100         -14,93500         -50,70262           0,03325
          18,00000       -2913,06900          46,74100         -14,93400         -52,68089           0,03325
          18,05000       -2913,06900          46,74100         -14,98400         -47,57568           0,03963
          18,10000       -2913,06900          46,74100         -14,98500         -48,46909           0,02688
          18,15000       -2913,06900          46,74100         -15,03400         -50,31973           0,00776
          18,20000       -2913,06900          46,74100         -15,03500         -51,59603           0,02051
          18,25000       -2913,06900          46,74100         -15,03500         -51,02170          -0,00498
          18,30000       -2913,06900          46,74100         -15,08400         -51,02170           0,00139
          18,35000       -2913,06900          46,74100         -15,08500         -47,89476           0,01413
          18,40000       -2913,07000          46,74100         -15,10900         -50,95788           0,05874
          18,45000       -2913,06900          46,74100         -15,13500         -52,42563           0,05237
          18,50000       -2913,07000          46,74100         -15,13500         -51,91511          -0,01136
          18,55000       -2913,07000          46,74100         -15,13500         -47,25661           0,01413
          18,60000       -2913,07000          46,74000         -15,18400         -50,31973           0,01413
          18,65000       -2913,07000          46,74100         -15,18400         -51,59603           0,00776
          18,70000       -2913,06900          46,74100         -15,23200         -46,93753          -0,01773
          18,75000       -2913,06900          46,74100         -15,23300         -47,70331           0,05874
          18,80000       -2913,06900          46,74000         -15,23400         -52,42563           0,03963
          18,85000       -2913,06900          46,74100         -15,28200         -51,65985          -0,00498
          18,90000       -2913,07000          46,74100         -15,28400         -49,93684           0,01413
          18,95000       -2913,07000          46,74100         -15,28400         -52,93615           0,03325
          19,00000       -2913,07000          46,74100         -15,33400         -52,04274           0,01413
          19,05000       -2913,07000          46,74000         -15,33500         -52,23418           0,05874
          19,10000       -2913,07000          46,74100         -15,33400         -52,23418           0,04600
          19,15000       -2913,06900          46,74100         -15,38300         -52,29800           0,02051
          19,20000       -2913,06900          46,74000         -15,38300         -49,23487           0,03963
          19,25000       -2913,06800          46,74000         -15,42800         -44,89545           0,03325
          19,30000       -2913,06900          46,74100         -15,43500         -48,97961           0,02688
          19,35000       -2913,06900          46,74100         -15,43300         -51,91511           0,02051
          19,40000       -2913,06900          46,74100         -15,48300         -48,46909           0,01413
          19,45000       -2913,06900          46,74100         -15,48400         -50,70262           0,04600
          19,50000       -2913,06900          46,74000         -15,48400         -50,12828           0,02688
          19,55000       -2913,06900          46,74100         -15,53200         -50,38354           0,05237
          19,60000       -2913,06900          46,74000         -15,53200         -49,74539          -0,01773
          19,65000       -2913,06900          46,74000         -15,53300         -51,65985           0,02051
          19,70000       -2913,06900          46,74100         -15,58400         -50,25591           0,03963
          19,75000       -2913,07000          46,74100         -15,58400         -49,10724           0,02051
          19,80000       -2913,06900          46,74100         -15,58300         -49,42632           0,00776
          19,85000       -2913,06900          46,74100         -15,63300         -48,78817           0,03963
          19,90000       -2913,07100          46,74100         -15,63300         -47,12897           0,02688
          19,95000       -2913,06900          46,74100         -15,63400         -49,04343           0,00139
          20,00000       -2913,06900          46,74100         -15,68400         -46,49082           0,03963
          20,05000       -2913,06900          46,74100         -15,68400         -49,29869           0,03963
          20,10000       -2913,06900          46,74100         -15,73300         -51,34077           0,00776
          20,15000       -2913,06900          46,74100         -15,73400         -51,40459           0,03963
          20,20000       -2913,06900          46,74000         -15,73400         -50,57499           0,05237
          20,25000       -2913,06900          46,74100         -15,77700         -51,72366           0,01413
          20,30000       -2913,06900          46,74000         -15,78400         -43,10862           0,00139
          20,35000       -2913,07000          46,74100         -15,80000         -47,83094          -0,01773
          20,40000       -2913,06900          46,74100         -15,83200         -49,55395           0,01413
          20,45000       -2913,06900          46,74100         -15,83300         -51,78748           0,03325
          20,50000       -2913,06900          46,74000         -15,88200         -51,53222          -0,03047
          20,55000       -2913,06900          46,74100         -15,88300         -40,55602          -0,01136
          20,60000       -2913,07000          46,74200         -15,88300         -48,40528           0,02051
          20,65000       -2913,06900          46,74100         -15,93300         -44,89545           0,00776
          20,70000       -2913,06900          46,74100         -15,93300         -47,83094           0,05237
          20,75000       -2913,06900          46,74100         -15,93300         -46,29938           0,01413
          20,80000       -2913,06900          46,74100         -15,98400         -48,15002           0,01413
          20,85000       -2913,06900          46,74100         -15,98400         -42,34284           0,02688
          20,90000       -2913,07000          46,74200         -16,02300         -44,19348           0,01413
          20,95000       -2913,06900          46,74100         -16,03400         -51,40459           0,05874
          21,00000       -2913,06900          46,74100         -16,03500         -45,40597           0,02688
          21,05000       -2913,06900          46,74100         -16,03500         -42,15140           0,03325
          21,10000       -2913,06900          46,74000         -16,08400         -44,38493           0,00139
          21,15000       -2913,06900          46,74100         -16,08400         -39,40735           0,03325
          21,20000       -2913,06900          46,74200         -16,10100         -50,57499           0,00139
          21,25000       -2913,06900          46,74100         -16,13400         -44,51256           0,06512
          21,30000       -2913,06900          46,74100         -16,13400         -42,08758           0,00139
          21,35000       -2913,06900          46,74200         -16,18200         -45,02308           0,05237
          21,40000       -2913,06900          46,74100         -16,18300         -41,19417           0,00139
          21,45000       -2913,07000          46,74100         -16,18400         -50,51117           0,01413
          21,50000       -2913,06900          46,74100         -16,23300         -36,28041           0,02688
          21,55000       -2913,06900          46,74100         -16,23400         -39,72642           0,03325
          21,60000       -2913,06900          46,74100         -16,23400         -33,66399           0,03325
          21,65000       -2913,06900          46,74100         -16,28300         -40,93891           0,04600
          21,70000       -2913,06900          46,74100         -16,28500         -50,00065           0,02688
          21,75000       -2913,06900          46,74100         -16,33100         -33,91925           0,04600
          21,80000       -2913,06900          46,74000         -16,33300         -30,02653           0,01413
          21,85000       -2913,06900          46,74100         -16,33400         -36,72712           0,00776
          21,90000       -2913,06900          46,74100         -16,38200         -29,13312           0,04600
          21,95000       -2913,06900          46,74100         -16,38300         -42,72573           0,01413
          22,00000       -2913,06800          46,74200         -16,43100         -49,23487           0,02051
          22,05000       -2913,06900          46,74100         -16,43400         -29,26075           0,05237
          22,10000       -2913,07000          46,74100         -16,43400         -25,94237           0,02688
          22,15000       -2913,07000          46,74200         -16,43400         -49,74539           0,02051
          22,20000       -2913,07000          46,74100         -16,48400         -50,31973           0,03963
          22,25000       -2913,07000          46,74200         -16,48400         -45,72504           0,00776
          22,30000       -2913,06900          46,74100         -16,48400         -28,04826           0,03963
          22,35000       -2913,06900          46,74100         -16,53400         -43,87441           0,02051
          22,40000       -2913,06900          46,74100         -16,53300         -47,89476           0,00776
          22,45000       -2913,07000          46,74100         -16,53400         -42,27903           0,02051
          22,50000       -2913,06900          46,74100         -16,58300         -22,30491          -0,02410
          22,55000       -2913,06900          46,74100         -16,58400         -18,15692           0,01413
          22,60000       -2913,06900          46,74200         -16,62000         -44,89545           0,00776
          22,65000       -2913,07000          46,74100         -16,63300         -50,76643           0,01413
          22,70000       -2913,06900          46,74100         -16,63400         -45,46978           0,01413
          22,75000       -2913,06800          46,74100         -16,68300         -15,41288           0,02688
          22,80000       -2913,06900          46,74100         -16,68300          -7,81888           0,05874
          22,85000       -2913,07000          46,74000         -16,71700         -49,93684           0,00139
          22,90000       -2913,06900          46,74100         -16,73500          -2,39460           0,03325
          22,95000       -2913,06900          46,74100         -16,73500          -7,56362           0,03963
          23,00000       -2913,06900          46,74100         -16,78300           1,43431           0,04600
          23,05000       -2913,06900          46,74100         -16,78300           2,13627           0,02688
          23,10000       -2913,06900          46,74100         -16,78500         -52,10655           0,01413
          23,15000       -2913,06900          46,74100         -16,83300         -47,51187           0,01413
          23,20000       -2913,06900          46,74100         -16,83400         -48,91580           0,07149
          23,25000       -2913,07000          46,74100         -16,88200         -53,51048           0,00776
          23,30000       -2913,06900          46,74100         -16,88300         -53,51048          -0,00498
          23,35000       -2913,06900          46,74100         -16,88400         -53,76574           0,01413
          23,40000       -2913,06900          46,74100         -16,93400         -54,08482           0,02688
          23,45000       -2913,07000          46,74100         -16,93500         -54,27626           0,02051
          23,50000       -2913,07000          46,74000         -16,98200         -53,95719           0,00139
          23,55000       -2913,07000          46,74100         -16,98300         -54,14863           0,03963
          23,60000       -2913,07000          46,74100         -16,98300         -53,70193           0,02688
          23,65000       -2913,07100          46,74200         -17,03100         -53,70193          -0,00498
          23,70000       -2913,06900          46,74100         -17,03400         -53,70193           0,01413
          23,75000       -2913,07000          46,74100         -17,03400         -53,82956          -0,00498
          23,80000       -2913,06900          46,74100         -17,08400         -52,93615           0,00139
          23,85000       -2913,07000          46,74200         -17,08400         -53,19141           0,00776
          23,90000       -2913,06900          46,74100         -17,08400         -53,44667           0,03325
          23,95000       -2913,07000          46,74100         -17,13200         -53,44667           0,00776
          24,00000       -2913,06900          46,74100         -17,13300         -53,70193           0,00139
          24,05000       -2913,06900          46,74100         -17,18300         -52,87233           0,02051
          24,10000       -2913,06900          46,74100         -17,18300         -53,76574          -0,01773
          24,15000       -2913,06900          46,74100         -17,18300         -53,06378           0,00776
          24,20000       -2913,07000          46,74200         -17,23300         -52,93615           0,03325
          24,25000       -2913,07000          46,74100         -17,23300         -53,57430           0,04600
          24,30000       -2913,07000          46,74200         -17,28100         -53,70193           0,05237
          24,35000       -2913,06900          46,74100         -17,28200         -53,31904          -0,00498
          24,40000       -2913,07000          46,74100         -17,28200         -52,99996           0,03963
          24,45000       -2913,06900          46,74100         -17,33200         -53,44667          -0,00498
          24,50000       -2913,07000          46,74100         -17,33300         -53,89337           0,05874
          24,55000       -2913,07000          46,74100         -17,33300         -54,59534           0,05237
          24,60000       -2913,06900          46,74100         -17,38200         -53,51048           0,03325
          24,65000       -2913,06900          46,74000         -17,38300         -52,74470           0,05874
          24,70000       -2913,07000          46,74100         -17,43300         -52,74470           0,00139
          24,75000       -2913,06900          46,74100         -17,43400         -54,34008           0,02051
          24,80000       -2913,07000          46,74000         -17,47200         -52,93615           0,00139
          24,85000       -2913,06900          46,74100         -17,48300         -52,80852           0,02051
          24,90000       -2913,06900          46,74100         -17,48300         -52,68089           0,00139
          24,95000       -2913,06900          46,74200         -17,48300         -52,29800          -0,01773
          25,00000       -2913,07000          46,74100         -17,53400         -54,97823           0,04600
          25,05000       -2913,06900          46,74100         -17,53400         -53,44667          -0,00498
          25,10000       -2913,06900          46,74200         -17,58000         -52,55326           0,03325
          25,15000       -2913,06900          46,74100         -17,58300         -52,68089           0,03325
          25,20000       -2913,06900          46,74200         -17,58400         -52,68089           0,02688
          25,25000       -2913,06900          46,74100         -17,63400         -50,57499           0,03325
          25,30000       -2913,07000          46,74100         -17,63500         -52,04274          -0,01136
          25,35000       -2913,07000          46,74000         -17,63500         -53,12759           0,03963
          25,40000       -2913,07000          46,74100         -17,68200         -53,82956           0,03325
          25,45000       -2913,07000          46,74000         -17,68300         -51,85129           0,04600
          25,50000       -2913,07100          46,74100         -17,72300         -51,91511           0,02051
          25,55000       -2913,07000          46,74100         -17,73300         -50,95788           0,01413
          25,60000       -2913,06900          46,74100         -17,73300         -52,23418          -0,00498
          25,65000       -2913,06900          46,74100         -17,76900         -55,29731           0,02688
          25,70000       -2913,06900          46,74100         -17,78300         -51,14933          -0,00498
          25,75000       -2913,06900          46,74100         -17,78400         -51,08551           0,02051
          25,80000       -2913,06900          46,74100         -17,83200         -50,70262           0,01413
          25,85000       -2913,06900          46,74000         -17,83300         -51,85129           0,03325
          25,90000       -2913,07000          46,74100         -17,83300         -54,59534           0,00139
          25,95000       -2913,06900          46,74100         -17,88300         -54,91442          -0,00498
          26,00000       -2913,06900          46,74100         -17,88300         -50,25591           0,02051
          26,05000       -2913,06900          46,74100         -17,93200         -43,30007           0,02051
          26,10000       -2913,07000          46,74100         -17,93300         -45,66123           0,00139
          26,15000       -2913,06900          46,74100         -17,93300         -47,83094           0,03325
          26,20000       -2913,06900          46,74100         -17,98000         -40,87510          -0,00498
          26,25000       -2913,06900          46,74100         -17,98400         -45,78886           0,02051
          26,30000       -2913,06900          46,74000         -17,98400         -57,33939          -0,00498
          26,35000       -2913,07000          46,74000         -18,03300         -36,59949           0,00776
          26,40000       -2913,06900          46,74100         -18,03300         -23,83647           0,02051
          26,45000       -2913,07000          46,74200         -18,08200         -30,09035           0,02051
          26,50000       -2913,06900          46,74100         -18,08200         -17,90166           0,02688
          26,55000       -2913,07000          46,74100         -18,08300         -55,36112           0,03325
          26,60000       -2913,06900          46,74100         -18,13400          -7,69125           0,01413
          26,65000       -2913,07000          46,74100         -18,13400          72,77958          -0,03047
          26,70000       -2913,07000          46,74200         -18,13400         -69,46426           0,03325
          26,75000       -2913,06900          46,74100         -18,18300         -54,91442           0,04600
          26,80000       -2913,07000          46,74000         -18,18300         -53,31904           0,07149
          26,85000       -2913,07000          46,74100         -18,23300         -37,17382           0,01413
          26,90000       -2913,07000          46,74200         -18,23300         -14,83854          -0,00498
          26,95000       -2913,06900          46,74000         -18,23500          55,35806           0,05237
          27,00000       -2913,06900          46,74100         -18,28300         180,69089           0,03325
          27,05000       -2913,06900          46,74100         -18,28400         -60,40251           0,00139
          27,10000       -2913,07000          46,74100         -18,33300         322,23276           0,03963
          27,15000       -2913,07000          46,74100         -18,33400         -14,83854          -0,00498
          27,20000       -2913,07000          46,74100         -18,33400         -61,16829          -0,00498
          27,25000       -2913,07000          46,74100         -18,38300          45,84961           0,00776
          27,30000       -2913,06900          46,74100         -18,38300         -63,84853           0,05237
          27,35000       -2913,06900          46,74100         -18,38300          71,18420           0,00139
          27,40000       -2913,07000          46,74100         -18,43500         469,13510           0,03325
          27,45000       -2913,06900          46,74100         -18,43600         -49,61776           0,01413
          27,50000       -2913,06900          46,74100         -18,48500         538,75736           0,03325
          27,55000       -2913,06900          46,74000         -18,48500         489,17303           0,04600
          27,60000       -2913,06900          46,74100         -18,48500         409,72325          -0,00498
          27,65000       -2913,07000          46,74000         -18,53400         369,32830           0,02051
          27,70000       -2913,06900          46,74100         -18,53500         104,81475          -0,00498
          27,75000       -2913,07000          46,74100         -18,58400         381,96368           0,03963
          27,80000       -2913,06900          46,74100         -18,58500         444,11958           0,00139
          27,85000       -2913,07000          46,74100         -18,58500         341,44110           0,05874
          27,90000       -2913,06900          46,74100         -18,63400         501,42553           0,00776
          27,95000       -2913,07000          46,74100         -18,63500         326,69982           0,00139
          28,00000       -2913,07000          46,74200         -18,66300         669,96118           0,03325
          28,05000       -2913,06900          46,74100         -18,68600         589,36272           0,03963
          28,10000       -2913,07000          46,74100         -18,68600         676,27888           0,00776
          28,15000       -2913,07100          46,74000         -18,70700         633,71421           0,02051
          28,20000       -2913,07000          46,74100         -18,73600         442,77946           0,00776
          28,25000       -2913,07100          46,74100         -18,75600         562,11368           0,02688
          28,30000       -2913,07000          46,74200         -18,78600         679,34200           0,03325
          28,35000       -2913,06900          46,74000         -18,78600         562,75183          -0,02410
          28,40000       -2913,07000          46,74100         -18,78600         694,46618          -0,01773
          28,45000       -2913,07000          46,74100         -18,78600         523,25029           0,05874
          28,50000       -2913,06900          46,74100         -11,00500         -54,40390           0,00776
          28,55000       -2913,06900          46,74100         -10,97900         -54,14863           0,00776
          28,60000       -2913,07000          46,74100         -10,98000         -53,82956          -0,02410
          28,65000       -2913,07000          46,74200         -10,98000         -54,14863           0,02688
          28,70000       -2913,06900          46,74100         -10,98000         -53,70193           0,03325
          28,75000       -2913,07000          46,74100         -10,98000         -53,82956           0,01413
          28,80000       -2913,06900          46,74200         -10,98000         -54,14863           0,03325
          28,85000       -2913,06900          46,74100         -10,98000         -54,46771           0,04600
          28,90000       -2913,06900          46,74200         -10,98000         -54,08482           0,01413
          28,95000       -2913,06900          46,74200         -10,98000         -53,63811           0,01413
          29,00000       -2913,06900          46,74100         -10,98100         -54,40390           0,01413
          29,05000       -2913,07000          46,74100         -10,98000         -54,34008           0,04600
          29,10000       -2913,06900          46,74100         -10,98000         -54,02100          -0,00498
          29,15000       -2913,06900          46,74200         -10,98000         -53,95719           0,00139
          29,20000       -2913,07000          46,74200         -10,98000         -54,02100           0,00139
          29,25000       -2913,07000          46,74100         -10,98000         -54,08482           0,02688
          29,30000       -2913,06900          46,74200         -10,98000         -54,46771           0,02688
          29,35000       -2913,07000          46,74200         -10,98000         -54,02100           0,01413
          29,40000       -2913,06900          46,74200         -10,98100         -53,95719           0,01413
          29,45000       -2913,07000          46,74200         -10,98000         -54,40390           0,02688
          29,50000       -2913,06900          46,74100         -10,98000         -53,95719           0,02051
          29,55000       -2913,06900          46,74100         -10,98000         -54,08482           0,00776
          29,60000       -2913,06900          46,74200         -10,98100         -54,40390           0,00776
          29,65000       -2913,06900          46,74100         -10,98000         -54,34008           0,00776
          29,70000       -2913,06900          46,74200         -10,98100         -54,14863          -0,00498
          29,75000       -2913,06900          46,74200         -10,98100         -54,02100           0,01413
          29,80000       -2913,06900          46,74200         -10,98100         -53,82956           0,03963
          29,85000       -2913,06900          46,74200         -10,98000         -54,27626           0,02688
          29,90000       -2913,06900          46,74100         -10,98100         -54,91442          -0,00498
          29,95000       -2913,06900          46,74100         -10,98000         -54,27626           0,02688
          30,00000       -2913,06900          46,74200         -10,98100         -54,02100           0,04600
          30,05000       -2913,07000          46,74100         -10,98100         -53,95719           0,04600
          30,10000       -2913,07000          46,74200         -10,98000         -54,53153           0,06512
          30,15000       -2913,06900          46,74100         -10,98000         -54,97823           0,02051
          30,20000       -2913,07000          46,74200         -10,98100         -54,14863           0,05237
          30,25000       -2913,06900          46,74200         -10,98000         -54,02100           0,04600
