
// =========================================================================================================
// 2026-04-17, 17:49:30
//        Time [s]        Pos X [um]        Pos Y [um]        Pos Z [um]      Force A [uN]      Force B [uN]
// =========================================================================================================
           0,00000       -5784,65200        -372,14400         -10,81700         -53,44667          -0,00498
           0,05000       -5784,65200        -372,14400         -10,81700         -53,06378           0,04600
           0,10000       -5784,65300        -372,14400         -10,81700         -52,61707           0,00139
           0,15000       -5784,65200        -372,14400         -10,81600         -53,57430           0,02051
           0,20000       -5784,65300        -372,14400         -10,81700         -52,74470           0,03325
           0,25000       -5784,65400        -372,14400         -10,81600         -53,44667          -0,00498
           0,30000       -5784,65300        -372,14300         -10,81600         -53,19141           0,03963
           0,35000       -5784,65400        -372,14400         -10,81700         -52,99996           0,05237
           0,40000       -5784,65300        -372,14400         -10,81600         -53,57430           0,01413
           0,45000       -5784,65300        -372,14400         -10,81700         -53,38285           0,04600
           0,50000       -5784,65300        -372,14400         -10,81600         -53,38285          -0,01136
           0,55000       -5784,65300        -372,14400         -10,81700         -53,57430           0,05237
           0,60000       -5784,65200        -372,14400         -10,81700         -53,70193          -0,00498
           0,65000       -5784,65300        -372,14400         -10,81700         -53,06378           0,05237
           0,70000       -5784,65200        -372,14400         -10,81700         -53,31904           0,00139
           0,75000       -5784,65300        -372,14400         -10,81700         -53,38285           0,00139
           0,80000       -5784,65300        -372,14300         -10,81800         -53,25522           0,02051
           0,85000       -5784,65300        -372,14400         -10,81700         -53,06378           0,00776
           0,90000       -5784,65300        -372,14400         -10,81700         -53,63811           0,01413
           0,95000       -5784,65300        -372,14400         -10,81700         -53,12759          -0,00498
           1,00000       -5784,65400        -372,14400         -10,81700         -53,51048           0,01413
           1,05000       -5784,65300        -372,14400         -10,81700         -53,38285           0,01413
           1,10000       -5784,65300        -372,14400         -10,81700         -52,87233           0,00776
           1,15000       -5784,65300        -372,14400         -10,81700         -53,51048           0,03325
           1,20000       -5784,65200        -372,14400         -10,81600         -52,80852           0,03963
           1,25000       -5784,65300        -372,14400         -10,81700         -52,87233           0,05874
           1,30000       -5784,65300        -372,14400         -10,81700         -52,93615           0,03963
           1,35000       -5784,65200        -372,14400         -10,81700         -53,57430          -0,01136
           1,40000       -5784,65200        -372,14400         -10,81800         -53,06378           0,02688
           1,45000       -5784,65300        -372,14300         -10,81700         -53,25522           0,00139
           1,50000       -5784,65300        -372,14400         -10,81700         -53,51048           0,04600
           1,55000       -5784,65400        -372,14400         -10,81600         -52,48944          -0,01136
           1,60000       -5784,65300        -372,14400         -11,26000         -52,93615          -0,02410
           1,65000       -5784,65300        -372,14400         -11,26900         -53,57430           0,01413
           1,70000       -5784,65300        -372,14400         -11,27500         -52,74470           0,00776
           1,75000       -5784,65300        -372,14400         -11,30000         -52,74470           0,04600
           1,80000       -5784,65300        -372,14400         -11,30300         -52,87233           0,00139
           1,85000       -5784,65300        -372,14300         -11,30000         -53,38285           0,00776
           1,90000       -5784,65400        -372,14400         -11,31000         -52,99996           0,03325
           1,95000       -5784,65200        -372,14500         -11,31200         -53,70193          -0,01773
           2,00000       -5784,65300        -372,14400         -11,31700         -52,48944           0,01413
           2,05000       -5784,65300        -372,14500         -11,31800         -52,99996           0,02688
           2,10000       -5784,65300        -372,14500         -11,31000         -53,25522           0,02051
           2,15000       -5784,65400        -372,14400         -11,32200         -52,80852           0,02051
           2,20000       -5784,65200        -372,14400         -11,32400         -52,99996           0,02688
           2,25000       -5784,65300        -372,14400         -11,32600         -52,93615           0,05237
           2,30000       -5784,65300        -372,14400         -11,32700         -53,44667           0,00139
           2,35000       -5784,65300        -372,14400         -11,32700         -52,93615           0,03963
           2,40000       -5784,65300        -372,14400         -11,32900         -52,80852           0,03963
           2,45000       -5784,65300        -372,14400         -11,32900         -52,87233           0,02051
           2,50000       -5784,65200        -372,14400         -11,33100         -53,31904           0,03963
           2,55000       -5784,65300        -372,14400         -11,33200         -53,06378           0,04600
           2,60000       -5784,65300        -372,14400         -11,33400         -53,44667           0,00776
           2,65000       -5784,65300        -372,14400         -11,32300         -52,61707           0,00776
           2,70000       -5784,65300        -372,14400         -11,33500         -52,93615           0,00139
           2,75000       -5784,65400        -372,14400         -11,33500         -53,25522           0,04600
           2,80000       -5784,65200        -372,14500         -11,32700         -53,38285          -0,01136
           2,85000       -5784,65300        -372,14500         -11,33800         -52,93615           0,02688
           2,90000       -5784,65400        -372,14400         -11,33900         -53,06378           0,05237
           2,95000       -5784,65300        -372,14500         -11,34200         -53,31904           0,02688
           3,00000       -5784,65400        -372,14500         -11,34300         -53,12759           0,02688
           3,05000       -5784,65400        -372,14400         -11,34300         -53,12759           0,00139
           3,10000       -5784,65400        -372,14400         -11,34700         -53,63811          -0,00498
           3,15000       -5784,65400        -372,14400         -11,34800         -53,12759           0,02051
           3,20000       -5784,65400        -372,14500         -11,36100         -53,44667          -0,01773
           3,25000       -5784,65400        -372,14500         -11,36200         -53,19141          -0,00498
           3,30000       -5784,65400        -372,14400         -11,36200         -53,25522           0,02688
           3,35000       -5784,65500        -372,14500         -11,38900         -52,93615           0,01413
           3,40000       -5784,65400        -372,14400         -11,38900         -52,68089           0,00139
           3,45000       -5784,65500        -372,14400         -11,41900         -52,93615           0,00776
           3,50000       -5784,65500        -372,14500         -11,42400         -52,80852           0,04600
           3,55000       -5784,65400        -372,14500         -11,42400         -52,99996           0,01413
           3,60000       -5784,65500        -372,14400         -11,46100         -53,25522           0,06512
           3,65000       -5784,65500        -372,14500         -11,46400         -53,31904           0,04600
           3,70000       -5784,65500        -372,14500         -11,46500         -53,31904           0,03963
           3,75000       -5784,65500        -372,14500         -11,50500         -52,99996           0,05874
           3,80000       -5784,65500        -372,14500         -11,50600         -53,44667           0,02051
           3,85000       -5784,65600        -372,14500         -11,50600         -52,80852           0,03963
           3,90000       -5784,65500        -372,14400         -11,55100         -53,38285           0,03963
           3,95000       -5784,65500        -372,14400         -11,55100         -53,51048           0,02688
           4,00000       -5784,65500        -372,14500         -11,56600         -53,38285           0,02688
           4,05000       -5784,65600        -372,14400         -11,59900         -53,25522           0,03963
           4,10000       -5784,65500        -372,14400         -11,59900         -52,55326           0,03325
           4,15000       -5784,65500        -372,14600         -11,62300         -53,31904           0,01413
           4,20000       -5784,65500        -372,14400         -11,64600         -53,89337           0,01413
           4,25000       -5784,65500        -372,14400         -11,64600         -53,31904          -0,03047
           4,30000       -5784,65500        -372,14500         -11,69400         -53,12759           0,00776
           4,35000       -5784,65500        -372,14500         -11,69400         -53,31904          -0,00498
           4,40000       -5784,65500        -372,14500         -11,69500         -53,44667           0,00776
           4,45000       -5784,65600        -372,14400         -11,72100         -53,31904           0,00776
           4,50000       -5784,65600        -372,14400         -11,74600         -53,38285           0,03325
           4,55000       -5784,65600        -372,14400         -11,77600         -53,25522           0,03325
           4,60000       -5784,65600        -372,14500         -11,79600         -53,70193           0,01413
           4,65000       -5784,65500        -372,14500         -11,79600         -53,44667           0,01413
           4,70000       -5784,65500        -372,14400         -11,79600         -53,44667           0,00139
           4,75000       -5784,65500        -372,14400         -11,84800         -52,99996          -0,00498
           4,80000       -5784,65500        -372,14400         -11,84900         -53,44667          -0,00498
           4,85000       -5784,65500        -372,14500         -11,89700         -53,19141           0,03325
           4,90000       -5784,65400        -372,14400         -11,89800         -53,19141           0,00776
           4,95000       -5784,65500        -372,14400         -11,89800         -53,19141           0,05237
           5,00000       -5784,65600        -372,14400         -11,94900         -52,99996           0,00776
           5,05000       -5784,65400        -372,14500         -11,95000         -53,06378           0,05874
           5,10000       -5784,65400        -372,14500         -11,99900         -53,44667          -0,01136
           5,15000       -5784,65500        -372,14400         -12,00000         -52,99996           0,03325
           5,20000       -5784,65500        -372,14500         -11,99900         -53,19141           0,05237
           5,25000       -5784,65400        -372,14400         -12,05100         -53,63811          -0,00498
           5,30000       -5784,65500        -372,14500         -12,05200         -53,06378           0,02688
           5,35000       -5784,65500        -372,14400         -12,05300         -53,25522           0,05237
           5,40000       -5784,65400        -372,14400         -12,10200         -54,14863           0,05874
           5,45000       -5784,65500        -372,14400         -12,10200         -53,31904          -0,02410
           5,50000       -5784,65400        -372,14500         -12,10300         -53,38285           0,00776
           5,55000       -5784,65400        -372,14500         -12,13100         -53,89337           0,02051
           5,60000       -5784,65400        -372,14500         -12,15300         -53,63811           0,03963
           5,65000       -5784,65500        -372,14500         -12,15400         -53,06378           0,04600
           5,70000       -5784,65500        -372,14400         -12,20400         -53,44667           0,03963
           5,75000       -5784,65500        -372,14500         -12,20500         -53,06378           0,02051
           5,80000       -5784,65500        -372,14500         -12,20600         -53,12759           0,04600
           5,85000       -5784,65500        -372,14500         -12,25600         -53,12759          -0,00498
           5,90000       -5784,65400        -372,14500         -12,25600         -53,31904           0,00139
           5,95000       -5784,65500        -372,14400         -12,30700         -53,12759           0,01413
           6,00000       -5784,65500        -372,14400         -12,30700         -52,99996           0,03325
           6,05000       -5784,65500        -372,14500         -12,30800         -53,12759           0,03963
           6,10000       -5784,65600        -372,14500         -12,35800         -52,80852           0,03325
           6,15000       -5784,65600        -372,14400         -12,35900         -53,57430           0,02051
           6,20000       -5784,65400        -372,14500         -12,35900         -52,74470           0,00776
           6,25000       -5784,65600        -372,14500         -12,40800         -53,38285           0,03963
           6,30000       -5784,65500        -372,14500         -12,40900         -52,42563           0,00776
           6,35000       -5784,65500        -372,14500         -12,44100         -53,51048           0,02688
           6,40000       -5784,65600        -372,14500         -12,46000         -53,25522          -0,01136
           6,45000       -5784,65500        -372,14500         -12,45900         -52,74470           0,02688
           6,50000       -5784,65400        -372,14500         -12,50900         -53,12759          -0,01136
           6,55000       -5784,65500        -372,14500         -12,51100         -52,55326          -0,00498
           6,60000       -5784,65500        -372,14500         -12,51100         -52,42563           0,00139
           6,65000       -5784,65500        -372,14500         -12,56200         -53,06378           0,03963
           6,70000       -5784,65600        -372,14500         -12,56200         -53,63811           0,03963
           6,75000       -5784,65600        -372,14500         -12,56200         -52,80852           0,00776
           6,80000       -5784,65500        -372,14400         -12,61300         -53,06378           0,02051
           6,85000       -5784,65500        -372,14400         -12,61400         -52,48944           0,03325
           6,90000       -5784,65600        -372,14500         -12,61400         -52,48944           0,00776
           6,95000       -5784,65500        -372,14500         -12,66300         -52,42563           0,00776
           7,00000       -5784,65600        -372,14500         -12,66300         -53,12759           0,01413
           7,05000       -5784,65500        -372,14600         -12,66700         -53,38285           0,01413
           7,10000       -5784,65500        -372,14500         -12,71300         -51,91511          -0,00498
           7,15000       -5784,65400        -372,14500         -12,71400         -51,65985           0,01413
           7,20000       -5784,65500        -372,14500         -12,76200         -52,17037          -0,00498
           7,25000       -5784,65500        -372,14500         -12,76300         -51,72366           0,00139
           7,30000       -5784,65500        -372,14400         -12,76300         -52,48944           0,05874
           7,35000       -5784,65500        -372,14500         -12,81300         -53,12759          -0,01136
           7,40000       -5784,65500        -372,14500         -12,81400         -53,06378          -0,00498
           7,45000       -5784,65400        -372,14500         -12,82900         -51,65985           0,03963
           7,50000       -5784,65500        -372,14500         -12,86400         -51,46840           0,00139
           7,55000       -5784,65500        -372,14400         -12,86400         -53,06378           0,05874
           7,60000       -5784,65500        -372,14500         -12,91300         -52,42563           0,03325
           7,65000       -5784,65600        -372,14500         -12,91400         -52,48944           0,02688
           7,70000       -5784,65600        -372,14500         -12,91500         -52,29800           0,01413
           7,75000       -5784,65500        -372,14400         -12,96500         -52,74470           0,01413
           7,80000       -5784,65500        -372,14500         -12,96600         -51,59603          -0,00498
           7,85000       -5784,65600        -372,14400         -13,01400         -51,65985           0,03963
           7,90000       -5784,65600        -372,14500         -13,01400         -50,31973           0,03963
           7,95000       -5784,65500        -372,14400         -13,01500         -50,44736           0,07149
           8,00000       -5784,65500        -372,14500         -13,01400         -51,14933           0,00139
           8,05000       -5784,65500        -372,14500         -13,06500         -52,48944           0,02688
           8,10000       -5784,65500        -372,14400         -13,11100         -52,80852           0,00776
           8,15000       -5784,65500        -372,14500         -13,11500         -53,38285           0,03325
           8,20000       -5784,65600        -372,14500         -13,11500         -52,80852           0,01413
           8,25000       -5784,65500        -372,14400         -13,11500         -52,42563           0,00776
           8,30000       -5784,65600        -372,14500         -13,16400         -52,29800          -0,00498
           8,35000       -5784,65600        -372,14400         -13,16400         -52,99996           0,00139
           8,40000       -5784,65500        -372,14400         -13,16500         -52,17037           0,00139
           8,45000       -5784,65600        -372,14500         -13,21400         -49,93684          -0,01136
           8,50000       -5784,65600        -372,14500         -13,21600         -53,06378           0,02688
           8,55000       -5784,65500        -372,14500         -13,21500         -51,97892           0,04600
           8,60000       -5784,65500        -372,14500         -13,26500         -51,85129           0,02688
           8,65000       -5784,65500        -372,14500         -13,26600         -52,04274           0,03325
           8,70000       -5784,65500        -372,14500         -13,30700         -48,66054           0,03325
           8,75000       -5784,65500        -372,14500         -13,31700         -52,48944           0,03325
           8,80000       -5784,65500        -372,14500         -13,31700         -51,85129           0,03325
           8,85000       -5784,65500        -372,14500         -13,36400         -52,23418           0,01413
           8,90000       -5784,65500        -372,14500         -13,36500         -52,04274           0,01413
           8,95000       -5784,65600        -372,14500         -13,38700         -48,21383           0,05237
           9,00000       -5784,65600        -372,14500         -13,41800         -51,08551           0,03963
           9,05000       -5784,65600        -372,14500         -13,41800         -51,97892           0,01413
           9,10000       -5784,65600        -372,14500         -13,46900         -51,91511           0,00776
           9,15000       -5784,65600        -372,14400         -13,46800         -51,46840          -0,01773
           9,20000       -5784,65600        -372,14500         -13,46800         -51,27696           0,04600
           9,25000       -5784,65500        -372,14500         -13,51600         -48,78817           0,04600
           9,30000       -5784,65600        -372,14500         -13,51700         -51,27696           0,03963
           9,35000       -5784,65600        -372,14500         -13,56700         -50,76643           0,05237
           9,40000       -5784,65600        -372,14500         -13,56700         -52,48944           0,01413
           9,45000       -5784,65500        -372,14500         -13,56800         -52,36181           0,02051
           9,50000       -5784,65500        -372,14500         -13,56900         -52,93615           0,02688
           9,55000       -5784,65500        -372,14500         -13,61600         -51,91511          -0,01136
           9,60000       -5784,65600        -372,14500         -13,61800         -48,66054           0,02688
           9,65000       -5784,65600        -372,14500         -13,66800         -52,10655           0,00776
           9,70000       -5784,65600        -372,14500         -13,66800         -51,65985           0,04600
           9,75000       -5784,65500        -372,14500         -13,66800         -51,59603           0,01413
           9,80000       -5784,65400        -372,14600         -13,66900         -52,10655           0,02051
           9,85000       -5784,65500        -372,14500         -13,71800         -49,04343           0,03963
           9,90000       -5784,65500        -372,14500         -13,76900         -46,80990           0,03325
           9,95000       -5784,65600        -372,14500         -13,76800         -50,44736           0,02051
          10,00000       -5784,65500        -372,14500         -13,76800         -51,53222           0,00139
          10,05000       -5784,65600        -372,14600         -13,81600         -49,55395           0,03963
          10,10000       -5784,65500        -372,14600         -13,81900         -50,83025           0,05237
          10,15000       -5784,65500        -372,14600         -13,82100         -50,06447          -0,01773
          10,20000       -5784,65500        -372,14600         -13,83000         -50,57499           0,05237
          10,25000       -5784,65500        -372,14500         -13,87000         -50,12828           0,01413
          10,30000       -5784,65500        -372,14600         -13,87200         -50,83025           0,00776
          10,35000       -5784,65500        -372,14600         -13,91800         -49,23487           0,03325
          10,40000       -5784,65500        -372,14500         -13,92100         -49,49013           0,03325
          10,45000       -5784,65500        -372,14500         -13,92000         -50,38354           0,00776
          10,50000       -5784,65500        -372,14500         -13,97000         -50,25591           0,03963
          10,55000       -5784,65500        -372,14500         -13,96900         -51,34077           0,01413
          10,60000       -5784,65500        -372,14500         -13,97100         -45,66123           0,01413
          10,65000       -5784,65500        -372,14600         -14,02000         -49,87302          -0,00498
          10,70000       -5784,65600        -372,14600         -14,02000         -51,85129           0,04600
          10,75000       -5784,65700        -372,14500         -14,06900         -51,59603           0,00139
          10,80000       -5784,65500        -372,14500         -14,07000         -45,15071          -0,01136
          10,85000       -5784,65500        -372,14500         -14,07100         -46,29938          -0,00498
          10,90000       -5784,65500        -372,14500         -14,10800         -44,44874           0,03963
          10,95000       -5784,65500        -372,14500         -14,12100         -45,66123           0,02051
          11,00000       -5784,65500        -372,14500         -14,12100         -51,14933           0,03325
          11,05000       -5784,65600        -372,14500         -14,17000         -46,49082           0,02688
          11,10000       -5784,65500        -372,14500         -14,17000         -46,29938           0,03325
          11,15000       -5784,65400        -372,14500         -14,22500         -46,87371           0,02688
          11,20000       -5784,65600        -372,14500         -14,22100         -45,98030           0,03325
          11,25000       -5784,65600        -372,14600         -14,22100         -51,97892          -0,01773
          11,30000       -5784,65500        -372,14500         -14,26900         -46,23556           0,03963
          11,35000       -5784,65500        -372,14400         -14,27000         -49,04343           0,00139
          11,40000       -5784,65600        -372,14500         -14,27000         -48,53291           0,02051
          11,45000       -5784,65500        -372,14500         -14,32000         -48,78817           0,00139
          11,50000       -5784,65600        -372,14500         -14,32100         -50,76643           0,02051
          11,55000       -5784,65400        -372,14500         -14,37100         -46,61845           0,02051
          11,60000       -5784,65500        -372,14500         -14,37100         -48,85198           0,02051
          11,65000       -5784,65600        -372,14500         -14,37200         -47,51187           0,03325
          11,70000       -5784,65600        -372,14500         -14,42000         -48,34146           0,01413
          11,75000       -5784,65500        -372,14500         -14,42100         -50,83025           0,03963
          11,80000       -5784,65500        -372,14600         -14,47000         -49,61776           0,05237
          11,85000       -5784,65600        -372,14500         -14,47000         -51,34077           0,03325
          11,90000       -5784,65600        -372,14500         -14,47100         -51,91511           0,00139
          11,95000       -5784,65600        -372,14500         -14,51800         -52,48944           0,03963
          12,00000       -5784,65600        -372,14500         -14,52000         -50,12828           0,01413
          12,05000       -5784,65600        -372,14600         -14,56700         -38,96064           0,00139
          12,10000       -5784,65600        -372,14500         -14,56800         -41,19417           0,03325
          12,15000       -5784,65600        -372,14500         -14,56900         -40,10932           0,00776
          12,20000       -5784,65700        -372,14600         -14,56800         -38,76920           0,04600
          12,25000       -5784,65600        -372,14500         -14,61800         -38,38631           0,02051
          12,30000       -5784,65600        -372,14500         -14,61900         -38,89683           0,00139
          12,35000       -5784,65600        -372,14500         -14,62000         -37,74816           0,02688
          12,40000       -5784,65600        -372,14600         -14,66900         -47,89476           0,02051
          12,45000       -5784,65600        -372,14500         -14,66900         -52,36181           0,02688
          12,50000       -5784,65500        -372,14500         -14,71800         -50,89407           0,02051
          12,55000       -5784,65600        -372,14500         -14,71900         -49,93684           0,02688
          12,60000       -5784,65600        -372,14500         -14,72000         -39,85405           0,00776
          12,65000       -5784,65700        -372,14500         -14,76900         -51,34077           0,00776
          12,70000       -5784,65600        -372,14600         -14,77000         -34,74885           0,02051
          12,75000       -5784,65500        -372,14500         -14,79300         -31,55809           0,02051
          12,80000       -5784,65600        -372,14500         -14,81800         -32,45150          -0,01136
          12,85000       -5784,65600        -372,14500         -14,82000         -34,62122           0,02688
          12,90000       -5784,65700        -372,14500         -14,86800         -49,93684           0,01413
          12,95000       -5784,65600        -372,14500         -14,87100         -40,74747           0,03963
          13,00000       -5784,65600        -372,14500         -14,87000         -50,44736           0,00776
          13,05000       -5784,65400        -372,14500         -14,89100         -51,72366           0,02051
          13,10000       -5784,65600        -372,14500         -14,91800         -50,76643           0,02051
          13,15000       -5784,65600        -372,14500         -14,91800         -47,25661          -0,01136
          13,20000       -5784,65600        -372,14500         -14,96800         -25,75092           0,02688
          13,25000       -5784,65600        -372,14500         -14,96800         -22,62398           0,04600
          13,30000       -5784,65600        -372,14600         -14,96800         -29,13312           0,05237
          13,35000       -5784,65600        -372,14500         -15,01800         -23,19832           0,04600
          13,40000       -5784,65600        -372,14500         -15,02000         -51,85129           0,02688
          13,45000       -5784,65500        -372,14500         -15,07000         -20,39045           0,00776
          13,50000       -5784,65600        -372,14600         -15,07000         -10,30767           0,00776
          13,55000       -5784,65600        -372,14500         -15,07000         -16,49773          -0,00498
          13,60000       -5784,65600        -372,14600         -15,11900          -6,79784           0,02051
          13,65000       -5784,65600        -372,14600         -15,12000         -20,13519           0,03325
          13,70000       -5784,65600        -372,14500         -15,12000         -26,13381           0,04600
          13,75000       -5784,65600        -372,14600         -15,17000         -27,72919           0,02688
          13,80000       -5784,65600        -372,14500         -15,17000         -54,21245           0,00776
          13,85000       -5784,65500        -372,14600         -15,17000         -52,29800           0,02688
          13,90000       -5784,65600        -372,14500         -15,21700         -52,29800           0,04600
          13,95000       -5784,65700        -372,14500         -15,21900         -52,29800           0,02051
          14,00000       -5784,65600        -372,14600         -15,21900         -51,53222           0,02051
          14,05000       -5784,65700        -372,14600         -15,26800         -54,46771           0,04600
          14,10000       -5784,65700        -372,14500         -15,26900         -52,10655           0,00776
          14,15000       -5784,65500        -372,14500         -15,29600         -52,36181           0,02688
          14,20000       -5784,65500        -372,14500         -15,31800         -52,10655           0,02051
          14,25000       -5784,65600        -372,14500         -15,31900         -51,72366           0,07149
          14,30000       -5784,65500        -372,14600         -15,31800         -54,46771           0,04600
          14,35000       -5784,65600        -372,14500         -15,36800         -51,53222          -0,00498
          14,40000       -5784,65500        -372,14600         -15,36900         -50,89407           0,02051
          14,45000       -5784,65500        -372,14600         -15,40000         -46,23556           0,02051
          14,50000       -5784,65500        -372,14600         -15,41800         -45,66123           0,01413
          14,55000       -5784,65600        -372,14500         -15,41800         -53,19141           0,03325
          14,60000       -5784,65600        -372,14600         -15,46800         -50,00065           0,00776
          14,65000       -5784,65700        -372,14500         -15,46800         -33,85544          -0,01773
          14,70000       -5784,65600        -372,14600         -15,51900         -36,79093           0,00139
          14,75000       -5784,65600        -372,14500         -15,51900          -3,47945           0,00139
          14,80000       -5784,65600        -372,14500         -15,51900         -45,85267           0,02688
          14,85000       -5784,65500        -372,14500         -15,52000         -39,34353           0,00139
          14,90000       -5784,65500        -372,14500         -15,56800         -23,58121           0,02051
          14,95000       -5784,65600        -372,14500         -15,56800         -52,55326           0,04600
          15,00000       -5784,65600        -372,14600         -15,61800         -54,53153           0,00139
          15,05000       -5784,65400        -372,14600         -15,61800         -37,87579           0,03325
          15,10000       -5784,65500        -372,14600         -15,61900          84,26629           0,01413
          15,15000       -5784,65500        -372,14600         -15,66900         -14,13657          -0,01773
          15,20000       -5784,65500        -372,14600         -15,66900         -56,38216           0,03963
          15,25000       -5784,65600        -372,14700         -15,71300         -50,38354           0,02688
          15,30000       -5784,65600        -372,14500         -15,71900         -49,17106           0,00776
          15,35000       -5784,65600        -372,14600         -15,72000         -24,98514           0,03325
          15,40000       -5784,65600        -372,14700         -15,74700         120,89615           0,04600
          15,45000       -5784,65600        -372,14500         -15,76900         -55,23349           0,00139
          15,50000       -5784,65600        -372,14500         -15,77000         152,99514           0,05237
          15,55000       -5784,65600        -372,14500         -15,81800         200,66502           0,01413
          15,60000       -5784,65600        -372,14600         -15,81900          78,39531           0,02688
          15,65000       -5784,65500        -372,14600         -15,81900          26,76890           0,02688
          15,70000       -5784,65600        -372,14600         -15,86700         -53,70193           0,03325
          15,75000       -5784,65600        -372,14600         -15,86800         165,50290           0,02688
          15,80000       -5784,65500        -372,14600         -15,91700         173,03308           0,03325
          15,85000       -5784,65500        -372,14600         -15,91900         156,82405           0,03963
          15,90000       -5784,65500        -372,14600         -15,91800         186,30662           0,05874
          15,95000       -5784,65500        -372,14600         -15,96900         -54,40390           0,01413
          16,00000       -5784,65500        -372,14600         -15,96900         221,46874           0,00776
          16,05000       -5784,65500        -372,14600         -15,97000          66,01518           0,00776
          16,10000       -5784,65500        -372,14600         -16,01900          49,16799           0,03325
          16,15000       -5784,65500        -372,14600         -16,01900         -57,91372           0,00776
          16,20000       -5784,65600        -372,14600         -16,01900          31,61885           0,03325
          16,25000       -5784,65600        -372,14600         -16,06800         194,60258           0,05237
          16,30000       -5784,65500        -372,14600         -16,06900         331,42213           0,07149
          16,35000       -5784,65600        -372,14600         -16,06900         -53,12759           0,06512
          16,40000       -5784,65600        -372,14500         -16,11900         360,33037           0,02051
          16,45000       -5784,65600        -372,14600         -16,11900         363,39349          -0,01773
          16,50000       -5784,65500        -372,14600         -16,12000         325,80641           0,06512
          16,55000       -5784,65500        -372,14500         -16,16900         423,12442           0,03325
          16,60000       -5784,65500        -372,14600         -16,16900         -47,70331           0,03325
          16,65000       -5784,65600        -372,14600         -16,21900         473,66597           0,00139
          16,70000       -5784,65600        -372,14600         -16,21900         449,09716           0,05237
          16,75000       -5784,65500        -372,14600         -16,21900         436,71703           0,04600
          16,80000       -5784,65500        -372,14600         -16,26900         411,25481           0,04600
          16,85000       -5784,65500        -372,14600         -16,26900          81,13935           0,05237
          16,90000       -5784,65600        -372,14700         -16,31800         584,89567           0,03963
          16,95000       -5784,65600        -372,14600         -16,31900         159,18521           0,03325
          17,00000       -5784,65600        -372,14500         -16,31900         253,63154           0,02051
          17,05000       -5784,65500        -372,14600         -16,33100         624,39721           0,06512
          17,10000       -5784,65600        -372,14600         -16,36900         551,00986           0,00776
          17,15000       -5784,65700        -372,14600         -16,37000         501,10646           0,03963
          17,20000       -5784,65600        -372,14600         -16,41800         622,67420           0,09061
          17,25000       -5784,65600        -372,14600         -16,41900         592,48966           0,00139
          17,30000       -5784,65600        -372,14600         -16,42000         529,37654           0,00776
          17,35000       -5784,65500        -372,14600         -16,44900         706,84630           0,02051
          17,40000       -5784,65600        -372,14600         -16,46900         627,58796           0,01413
          17,45000       -5784,65600        -372,14500         -16,47000         666,25991           0,03963
          17,50000       -5784,65600        -372,14600         -16,48000         300,21656           0,02688
          17,55000       -5784,65600        -372,14600         -16,52000         795,54928           0,03963
          17,60000       -5784,65600        -372,14500         -16,52000         719,86458           0,07786
          17,65000       -5784,65600        -372,14500         -16,57000         882,14635           0,05237
          17,70000       -5784,65600        -372,14600         -16,57100         832,62584          -0,01136
          17,75000       -5784,65600        -372,14500         -16,57100         836,13567           0,05237
          17,80000       -5784,65600        -372,14600         -16,57100         443,92814          -0,00498
          17,85000       -5784,65200        -372,14500         -16,57100         -53,70193           0,03325
          17,90000       -5784,65300        -372,14500         -10,81500         -53,51048           0,01413
          17,95000       -5784,65200        -372,14500         -10,81700         -53,63811           0,00139
          18,00000       -5784,65300        -372,14400         -10,81700         -52,87233           0,04600
          18,05000       -5784,65200        -372,14400         -10,81700         -53,25522           0,01413
          18,10000       -5784,65300        -372,14500         -10,81800         -53,44667           0,02051
          18,15000       -5784,65200        -372,14500         -10,81700         -53,57430           0,01413
          18,20000       -5784,65200        -372,14500         -10,81700         -53,19141           0,01413
          18,25000       -5784,65300        -372,14500         -10,81700         -52,93615          -0,00498
          18,30000       -5784,65200        -372,14400         -10,81700         -53,44667           0,03963
          18,35000       -5784,65300        -372,14500         -10,81800         -53,51048          -0,00498
          18,40000       -5784,65300        -372,14400         -10,81700         -52,61707           0,03963
          18,45000       -5784,65300        -372,14400         -10,81700         -53,25522           0,01413
          18,50000       -5784,65200        -372,14500         -10,81800         -53,06378           0,02051
          18,55000       -5784,65200        -372,14500         -10,81700         -53,19141           0,02688
          18,60000       -5784,65200        -372,14400         -10,81700         -53,06378           0,00776
          18,65000       -5784,65200        -372,14500         -10,81700         -53,19141           0,04600
          18,70000       -5784,65300        -372,14400         -10,81700         -53,38285           0,00139
          18,75000       -5784,65200        -372,14500         -10,81800         -53,25522           0,02688
          18,80000       -5784,65200        -372,14400         -10,81700         -52,93615           0,05237
          18,85000       -5784,65300        -372,14500         -10,81800         -53,57430          -0,01136
          18,90000       -5784,65300        -372,14400         -10,81700         -53,95719          -0,00498
          18,95000       -5784,65300        -372,14500         -10,81800         -52,55326           0,05237
          19,00000       -5784,65200        -372,14400         -10,81800         -53,63811           0,00776
          19,05000       -5784,65300        -372,14500         -10,81700         -53,25522           0,03963
          19,10000       -5784,65300        -372,14400         -10,81700         -52,87233           0,02688
          19,15000       -5784,65200        -372,14500         -10,81700         -53,19141           0,03325
          19,20000       -5784,65300        -372,14500         -10,81700         -52,74470           0,02051
          19,25000       -5784,65200        -372,14500         -10,81700         -52,99996           0,04600
          19,30000       -5784,65300        -372,14500         -10,81800         -53,31904           0,00139
          19,35000       -5784,65300        -372,14500         -10,81700         -53,51048          -0,02410
          19,40000       -5784,65300        -372,14500         -10,81700         -53,31904           0,03963
          19,45000       -5784,65300        -372,14500         -10,81700         -53,51048           0,00776
          19,50000       -5784,65300        -372,14400         -10,81700         -52,87233           0,03963
          19,55000       -5784,65300        -372,14400         -10,81800         -53,38285           0,02688
          19,60000       -5784,65300        -372,14400         -10,81700         -53,06378           0,06512
          19,65000       -5784,65200        -372,14500         -10,81700         -53,19141           0,02688
          19,70000       -5784,65300        -372,14500         -10,81700         -53,06378          -0,00498
          19,75000       -5784,65200        -372,14400         -10,81700         -52,68089           0,06512
          19,80000       -5784,65200        -372,14400         -10,81700         -52,87233          -0,00498
          19,85000       -5784,65200        -372,14400         -10,81800         -52,42563           0,02688
          19,90000       -5784,65200        -372,14500         -10,81800         -53,31904           0,00776
          19,95000       -5784,65200        -372,14500         -10,81800         -52,99996           0,03325
          20,00000       -5784,65200        -372,14500         -10,81800         -52,99996          -0,00498
          20,05000       -5784,65200        -372,14500         -10,81700         -52,74470           0,02688
          20,10000       -5784,65300        -372,14500         -10,81800         -53,25522           0,03963
          20,15000       -5784,65300        -372,14500         -10,81700         -53,12759           0,07149
          20,20000       -5784,65300        -372,14500         -10,81700         -53,06378           0,02688
          20,25000       -5784,65200        -372,14500         -10,81700         -53,38285           0,00776
          20,30000       -5784,65300        -372,14500         -10,81800         -52,80852           0,03963
          20,35000       -5784,65200        -372,14500         -10,81800         -53,06378           0,01413
          20,40000       -5784,65300        -372,14500         -10,81800         -53,31904           0,01413
          20,45000       -5784,65200        -372,14500         -10,81800         -52,68089           0,06512
          20,50000       -5784,65300        -372,14500         -10,81800         -52,48944           0,00776
          20,55000       -5784,65300        -372,14400         -10,81800         -52,68089           0,03963
          20,60000       -5784,65200        -372,14400         -10,81700         -53,25522          -0,01136
          20,65000       -5784,65300        -372,14400         -10,81700         -52,04274           0,04600
          20,70000       -5784,65200        -372,14500         -10,81800         -52,87233           0,00776
          20,75000       -5784,65200        -372,14400         -10,81700         -52,99996          -0,00498
          20,80000       -5784,65300        -372,14400         -10,81700         -53,06378          -0,00498
          20,85000       -5784,65200        -372,14400         -10,81800         -53,31904           0,02688
          20,90000       -5784,65200        -372,14400         -10,81800         -52,93615           0,03325
          20,95000       -5784,65300        -372,14400         -10,81800         -52,80852           0,03325
          21,00000       -5784,65200        -372,14400         -10,81800         -52,74470           0,00139
          21,05000       -5784,65300        -372,14400         -10,81800         -52,87233           0,00139
          21,10000       -5784,65200        -372,14400         -10,81700         -52,80852           0,02688
          21,15000       -5784,65300        -372,14400         -10,81700         -52,99996           0,04600
          21,20000       -5784,65200        -372,14400         -10,81800         -52,74470           0,03963
          21,25000       -5784,65200        -372,14400         -10,81700         -52,87233           0,00139
          21,30000       -5784,65300        -372,14400         -10,81800         -52,99996           0,00776
          21,35000       -5784,65200        -372,14400         -10,81700         -53,25522          -0,00498
          21,40000       -5784,65200        -372,14500         -10,81700         -52,55326           0,05874
          21,45000       -5784,65300        -372,14500         -10,81800         -53,12759          -0,00498
          21,50000       -5784,65200        -372,14400         -10,81700         -52,68089          -0,00498
          21,55000       -5784,65300        -372,14500         -10,81800         -52,99996           0,03325
          21,60000       -5784,65300        -372,14500         -10,81800         -53,25522           0,04600
          21,65000       -5784,65200        -372,14400         -10,81700         -53,06378           0,06512
          21,70000       -5784,65300        -372,14500         -10,81800         -53,06378          -0,01773
          21,75000       -5784,65300        -372,14400         -10,81800         -53,31904           0,02688
          21,80000       -5784,65200        -372,14400         -10,81700         -52,99996           0,07149
          21,85000       -5784,65200        -372,14400         -10,81800         -53,19141           0,01413
          21,90000       -5784,65200        -372,14500         -10,81800         -53,38285           0,00139
          21,95000       -5784,65300        -372,14400         -10,81800         -53,63811           0,05874
          22,00000       -5784,65200        -372,14500         -10,81800         -53,06378          -0,01136
          22,05000       -5784,65300        -372,14500         -10,81800         -53,06378           0,03325
          22,10000       -5784,65300        -372,14500         -10,81700         -53,57430           0,00776
          22,15000       -5784,65200        -372,14400         -10,81800         -52,68089           0,03963
          22,20000       -5784,65300        -372,14400         -10,81700         -53,63811           0,02051
          22,25000       -5784,65300        -372,14500         -10,81700         -53,25522           0,03325
          22,30000       -5784,65200        -372,14400         -10,81800         -53,12759           0,01413
          22,35000       -5784,65200        -372,14500         -10,81800         -52,93615           0,03325
