
// =========================================================================================================
// 2026-04-17, 15:47:43
//        Time [s]        Pos X [um]        Pos Y [um]        Pos Z [um]      Force A [uN]      Force B [uN]
// =========================================================================================================
           0,00000        -920,34800         205,99200         -10,51800         -50,19210           0,05237
           0,05000        -920,34900         205,99100         -10,51800         -50,44736          -0,04322
           0,10000        -920,34800         205,99200         -10,51800         -51,34077           0,00776
           0,15000        -920,35000         205,99100         -10,51700         -51,21314           0,02051
           0,20000        -920,34900         205,99200         -10,51800         -51,08551          -0,01136
           0,25000        -920,34900         205,99200         -10,51800         -51,08551          -0,03047
           0,30000        -920,34900         205,99200         -10,51800         -50,31973          -0,00498
           0,35000        -920,34900         205,99100         -10,51700         -50,95788           0,01413
           0,40000        -920,34900         205,99200         -10,51700         -51,14933           0,03325
           0,45000        -920,34900         205,99200         -10,51700         -50,95788           0,01413
           0,50000        -920,34900         205,99200         -10,51700         -50,83025          -0,01136
           0,55000        -920,34900         205,99200         -10,51800         -50,95788           0,05237
           0,60000        -920,34900         205,99200         -10,51800         -50,63880           0,04600
           0,65000        -920,34900         205,99100         -10,51800         -50,89407           0,01413
           0,70000        -920,34900         205,99200         -10,51800         -50,83025           0,02688
           0,75000        -920,35100         205,99200         -10,51700         -50,51117           0,06512
           0,80000        -920,35000         205,99200         -10,51700         -50,95788           0,01413
           0,85000        -920,34900         205,99200         -10,51700         -50,57499           0,02051
           0,90000        -920,34900         205,99100         -10,51700         -51,40459           0,02051
           0,95000        -920,35000         205,99100         -10,51800         -51,02170           0,04600
           1,00000        -920,34900         205,99100         -10,51600         -51,02170           0,06512
           1,05000        -920,35000         205,99100         -10,51700         -50,95788           0,04600
           1,10000        -920,35000         205,99100         -10,51700         -50,89407           0,00139
           1,15000        -920,34900         205,99100         -10,51700         -50,76643           0,00776
           1,20000        -920,34900         205,99100         -10,51700         -51,40459           0,00139
           1,25000        -920,34900         205,99100         -10,51700         -50,63880           0,00776
           1,30000        -920,35000         205,99100         -10,51700         -51,14933           0,01413
           1,35000        -920,34900         205,99100         -10,51700         -50,51117           0,02051
           1,40000        -920,35000         205,99200         -10,51700         -50,57499           0,03325
           1,45000        -920,35000         205,99100         -10,51700         -50,83025           0,03325
           1,50000        -920,34900         205,99000         -10,51700         -50,70262           0,03963
           1,55000        -920,34900         205,99100         -10,51700         -51,08551           0,00139
           1,60000        -920,35100         205,99100         -10,51700         -50,51117           0,00776
           1,65000        -920,35000         205,99100         -10,51600         -50,70262           0,00776
           1,70000        -920,35000         205,99100         -10,51700         -50,57499           0,03325
           1,75000        -920,35100         205,99100         -10,51700         -51,08551           0,02051
           1,80000        -920,34900         205,99100         -10,51700         -50,70262           0,03325
           1,85000        -920,34900         205,99100         -10,77600         -50,89407           0,01413
           1,90000        -920,35000         205,99100         -10,78400         -51,40459           0,01413
           1,95000        -920,34900         205,99100         -10,78700         -51,02170           0,04600
           2,00000        -920,34900         205,99100         -10,80800         -50,19210           0,00776
           2,05000        -920,35000         205,99200         -10,80800         -50,12828           0,03325
           2,10000        -920,35000         205,99200         -10,80400         -50,31973           0,02051
           2,15000        -920,34900         205,99100         -10,81200         -50,83025           0,02051
           2,20000        -920,35000         205,99100         -10,81300         -50,57499           0,01413
           2,25000        -920,35100         205,99100         -10,81400         -50,38354           0,02688
           2,30000        -920,35000         205,99100         -10,81500         -50,31973           0,05237
           2,35000        -920,35000         205,99000         -10,81500         -50,63880           0,03963
           2,40000        -920,35000         205,99000         -10,81600         -50,70262           0,05237
           2,45000        -920,35000         205,99100         -10,81600         -51,34077           0,00139
           2,50000        -920,35000         205,99000         -10,82000         -50,51117           0,02688
           2,55000        -920,35000         205,99100         -10,81700         -50,76643           0,02051
           2,60000        -920,34900         205,99100         -10,81800         -50,63880           0,05237
           2,65000        -920,35000         205,99100         -10,81800         -50,95788          -0,00498
           2,70000        -920,35100         205,99100         -10,81800         -50,31973          -0,01136
           2,75000        -920,35000         205,99100         -10,81900         -50,51117           0,02051
           2,80000        -920,35000         205,99100         -10,82000         -50,89407           0,03963
           2,85000        -920,35100         205,99100         -10,81900         -50,19210           0,03325
           2,90000        -920,35100         205,99100         -10,82000         -51,53222           0,02051
           2,95000        -920,35000         205,99100         -10,82000         -50,57499           0,04600
           3,00000        -920,35100         205,99100         -10,82200         -51,14933           0,04600
           3,05000        -920,35100         205,99100         -10,82200         -51,08551           0,05237
           3,10000        -920,35100         205,99300         -10,81200         -51,34077           0,04600
           3,15000        -920,35100         205,99100         -10,82800         -50,51117           0,05237
           3,20000        -920,35100         205,99200         -10,82800         -50,89407           0,03325
           3,25000        -920,35100         205,99100         -10,84000         -51,08551           0,00776
           3,30000        -920,35100         205,99100         -10,84100         -51,34077           0,03963
           3,35000        -920,35100         205,99100         -10,83900         -50,95788           0,00776
           3,40000        -920,35100         205,99100         -10,87500         -50,57499           0,06512
           3,45000        -920,35200         205,99100         -10,87500         -50,83025          -0,01773
           3,50000        -920,35000         205,99100         -10,88200         -50,83025           0,00139
           3,55000        -920,35100         205,99000         -10,91700         -51,14933           0,00139
           3,60000        -920,35200         205,99100         -10,91800         -50,83025           0,02688
           3,65000        -920,35100         205,99100         -10,96200         -50,95788           0,02688
           3,70000        -920,35000         205,99100         -10,96300         -51,40459           0,00776
           3,75000        -920,35100         205,99100         -11,01100         -50,44736           0,04600
           3,80000        -920,35100         205,99100         -11,00900         -50,44736           0,01413
           3,85000        -920,35100         205,99100         -11,00900         -50,57499           0,01413
           3,90000        -920,35100         205,99000         -11,05700         -51,08551           0,03325
           3,95000        -920,35000         205,99100         -11,05800         -50,25591           0,02051
           4,00000        -920,35100         205,99100         -11,10700         -51,27696           0,00776
           4,05000        -920,35000         205,99100         -11,10700         -50,63880          -0,00498
           4,10000        -920,35100         205,99100         -11,10800         -50,31973           0,03325
           4,15000        -920,35000         205,99100         -11,15600         -50,70262           0,02051
           4,20000        -920,35100         205,99100         -11,15600         -50,38354           0,02051
           4,25000        -920,35100         205,99000         -11,15600         -50,57499          -0,01136
           4,30000        -920,35100         205,99100         -11,20500         -50,63880          -0,01136
           4,35000        -920,35200         205,99000         -11,20600         -50,51117           0,01413
           4,40000        -920,35000         205,99100         -11,20600         -50,76643           0,03325
           4,45000        -920,35100         205,99000         -11,25700         -50,89407           0,00776
           4,50000        -920,35200         205,99100         -11,25800         -50,70262          -0,00498
           4,55000        -920,35100         205,99100         -11,30700         -50,57499           0,04600
           4,60000        -920,35200         205,99100         -11,30800         -50,70262           0,03963
           4,65000        -920,35200         205,99100         -11,30800         -50,57499           0,02051
           4,70000        -920,35000         205,99100         -11,35700         -50,95788           0,02051
           4,75000        -920,35100         205,99200         -11,35800         -51,40459           0,03325
           4,80000        -920,35200         205,99100         -11,41300         -50,89407           0,02688
           4,85000        -920,35100         205,99200         -11,40800         -50,38354           0,02051
           4,90000        -920,35000         205,99100         -11,40900         -50,89407           0,06512
           4,95000        -920,35100         205,99100         -11,46100         -50,76643           0,02688
           5,00000        -920,35200         205,99100         -11,46200         -51,02170           0,05874
           5,05000        -920,35200         205,99100         -11,46200         -50,95788          -0,00498
           5,10000        -920,35200         205,99100         -11,51400         -50,19210           0,05237
           5,15000        -920,35100         205,99100         -11,51400         -51,34077           0,02688
           5,20000        -920,35200         205,99100         -11,51400         -50,51117           0,02688
           5,25000        -920,35100         205,99100         -11,56400         -50,31973           0,03963
           5,30000        -920,35100         205,99100         -11,56500         -50,89407           0,04600
           5,35000        -920,35200         205,99100         -11,61500         -50,63880           0,03963
           5,40000        -920,35100         205,99100         -11,61600         -50,63880           0,05874
           5,45000        -920,35100         205,99100         -11,61600         -51,02170           0,03325
           5,50000        -920,35100         205,99100         -11,61600         -50,89407           0,02688
           5,55000        -920,35100         205,99100         -11,66600         -50,76643           0,03963
           5,60000        -920,35100         205,99000         -11,66600         -50,51117           0,02051
           5,65000        -920,35200         205,99100         -11,71400         -50,44736           0,02688
           5,70000        -920,35200         205,99100         -11,71700         -50,51117           0,00139
           5,75000        -920,35100         205,99100         -11,71700         -50,95788           0,02051
           5,80000        -920,35100         205,99100         -11,76900         -50,70262           0,05237
           5,85000        -920,35200         205,99100         -11,76900         -50,76643           0,01413
           5,90000        -920,35200         205,99000         -11,76900         -49,68158           0,01413
           5,95000        -920,35100         205,99100         -11,81900         -51,21314           0,02688
           6,00000        -920,35200         205,99100         -11,81900         -50,70262          -0,00498
           6,05000        -920,35000         205,99100         -11,84600         -51,02170           0,00776
           6,10000        -920,35200         205,99100         -11,87000         -50,31973           0,03963
           6,15000        -920,35100         205,99100         -11,87000         -50,83025          -0,01136
           6,20000        -920,35100         205,99100         -11,92000         -51,59603           0,00139
           6,25000        -920,35100         205,99100         -11,92100         -50,95788           0,00776
           6,30000        -920,35100         205,99100         -11,92000         -51,02170          -0,00498
           6,35000        -920,35100         205,99100         -11,97000         -50,63880           0,04600
           6,40000        -920,35200         205,99100         -11,97100         -50,76643          -0,01136
           6,45000        -920,35100         205,99100         -12,02100         -50,89407           0,00139
           6,50000        -920,35200         205,99100         -12,02100         -50,38354           0,01413
           6,55000        -920,35200         205,99100         -12,02100         -50,70262           0,03963
           6,60000        -920,35100         205,99100         -12,06800         -50,57499           0,05237
           6,65000        -920,35200         205,99100         -12,07200         -50,70262           0,01413
           6,70000        -920,35100         205,99200         -12,12200         -50,89407           0,01413
           6,75000        -920,35200         205,99100         -12,12300         -50,76643           0,05874
           6,80000        -920,35200         205,99200         -12,12300         -50,83025          -0,01136
           6,85000        -920,35200         205,99100         -12,17100         -51,27696           0,03963
           6,90000        -920,35200         205,99200         -12,17200         -51,02170           0,01413
           6,95000        -920,35100         205,99100         -12,17300         -51,21314           0,02688
           7,00000        -920,35200         205,99100         -12,22100         -50,19210           0,03325
           7,05000        -920,35200         205,99100         -12,22300         -50,25591          -0,01136
           7,10000        -920,35300         205,99100         -12,24500         -50,70262           0,06512
           7,15000        -920,35100         205,99100         -12,27400         -50,95788           0,00139
           7,20000        -920,35200         205,99100         -12,27400         -51,27696          -0,01136
           7,25000        -920,35300         205,99100         -12,28500         -50,83025          -0,01136
           7,30000        -920,35200         205,99100         -12,32400         -50,44736           0,04600
           7,35000        -920,35200         205,99000         -12,32500         -50,44736           0,05237
           7,40000        -920,35100         205,99100         -12,37300         -50,51117           0,02688
           7,45000        -920,35200         205,99100         -12,37400         -50,63880           0,02051
           7,50000        -920,35100         205,99100         -12,37500         -50,70262           0,02688
           7,55000        -920,35300         205,99100         -12,42400         -50,89407           0,00139
           7,60000        -920,35200         205,99100         -12,42500         -50,38354           0,05237
           7,65000        -920,35100         205,99100         -12,44700         -50,57499           0,01413
           7,70000        -920,35200         205,99100         -12,47400         -51,02170           0,00139
           7,75000        -920,35100         205,99100         -12,47500         -51,08551           0,01413
           7,80000        -920,35200         205,99000         -12,52700         -50,89407           0,03325
           7,85000        -920,35100         205,99100         -12,52700         -50,95788           0,02688
           7,90000        -920,35200         205,99100         -12,52800         -50,38354           0,07149
           7,95000        -920,35300         205,99100         -12,57600         -51,02170           0,04600
           8,00000        -920,35200         205,99200         -12,57600         -50,57499           0,04600
           8,05000        -920,35300         205,99100         -12,57700         -50,00065           0,02688
           8,10000        -920,35200         205,99100         -12,62600         -50,63880           0,04600
           8,15000        -920,35200         205,99100         -12,62600         -50,95788           0,00776
           8,20000        -920,35200         205,99100         -12,62600         -50,89407           0,03963
           8,25000        -920,35300         205,99100         -12,67700         -50,31973           0,02051
           8,30000        -920,35200         205,99100         -12,67700         -50,51117           0,04600
           8,35000        -920,35200         205,99100         -12,72500         -50,89407           0,00776
           8,40000        -920,35200         205,99100         -12,72600         -50,63880           0,02688
           8,45000        -920,35200         205,99000         -12,72700         -50,00065          -0,01773
           8,50000        -920,35100         205,99000         -12,77600         -50,57499           0,00776
           8,55000        -920,35200         205,99100         -12,77700         -50,44736           0,00776
           8,60000        -920,35200         205,99000         -12,77700         -50,19210           0,03963
           8,65000        -920,35300         205,99000         -12,82600         -50,25591           0,03325
           8,70000        -920,35200         205,99000         -12,82800         -50,89407           0,04600
           8,75000        -920,35200         205,99000         -12,84800         -50,95788           0,00776
           8,80000        -920,35200         205,99100         -12,87600         -50,95788           0,02051
           8,85000        -920,35300         205,99000         -12,87600         -50,63880           0,00776
           8,90000        -920,35200         205,99100         -12,87000         -51,02170           0,00139
           8,95000        -920,35200         205,99100         -12,92500         -49,29869          -0,00498
           9,00000        -920,35200         205,99000         -12,92600         -50,70262           0,00776
           9,05000        -920,35200         205,99100         -12,97600         -51,21314          -0,00498
           9,10000        -920,35200         205,99000         -12,97600         -50,95788           0,00139
           9,15000        -920,35200         205,99000         -12,97700         -50,83025           0,01413
           9,20000        -920,35300         205,99000         -13,02700         -50,83025           0,01413
           9,25000        -920,35200         205,99000         -13,02700         -51,34077           0,02051
           9,30000        -920,35200         205,99100         -13,07600         -50,76643           0,00776
           9,35000        -920,35300         205,99000         -13,07600         -50,76643           0,02051
           9,40000        -920,35200         205,99100         -13,07700         -50,95788           0,03325
           9,45000        -920,35100         205,99100         -13,12700         -51,08551           0,00776
           9,50000        -920,35100         205,99000         -13,12600         -50,83025          -0,00498
           9,55000        -920,35100         205,99100         -13,12800         -50,76643           0,02688
           9,60000        -920,35200         205,99100         -13,17700         -50,83025           0,02688
           9,65000        -920,35200         205,99000         -13,17800         -50,95788           0,00776
           9,70000        -920,35200         205,99100         -13,22800         -51,08551           0,02688
           9,75000        -920,35100         205,99100         -13,22900         -50,70262           0,00776
           9,80000        -920,35200         205,99100         -13,22800         -50,95788           0,01413
           9,85000        -920,35200         205,99000         -13,24600         -51,27696           0,02051
           9,90000        -920,35200         205,99000         -13,27900         -51,14933           0,03325
           9,95000        -920,35200         205,99100         -13,27900         -50,83025           0,00139
          10,00000        -920,35200         205,99000         -13,32700         -50,63880           0,06512
          10,05000        -920,35200         205,99100         -13,32800         -51,21314           0,04600
          10,10000        -920,35200         205,99000         -13,32800         -51,34077           0,03325
          10,15000        -920,35200         205,99000         -13,37800         -50,19210           0,03963
          10,20000        -920,35100         205,99100         -13,37800         -49,87302          -0,02410
          10,25000        -920,35200         205,99100         -13,37900         -50,57499           0,03325
          10,30000        -920,35200         205,99000         -13,42900         -50,89407           0,02688
          10,35000        -920,35200         205,99100         -13,42900         -50,89407          -0,01136
          10,40000        -920,35200         205,99100         -13,47900         -50,38354           0,03325
          10,45000        -920,35200         205,99000         -13,47900         -50,57499           0,03963
          10,50000        -920,35200         205,99100         -13,48000         -50,51117           0,02688
          10,55000        -920,35200         205,99100         -13,52800         -50,51117           0,02688
          10,60000        -920,35200         205,99100         -13,53000         -50,31973           0,05874
          10,65000        -920,35200         205,99100         -13,53000         -50,31973           0,02051
          10,70000        -920,35200         205,99000         -13,58000         -50,63880          -0,00498
          10,75000        -920,35200         205,99000         -13,58000         -50,31973           0,03963
          10,80000        -920,35200         205,99000         -13,59800         -50,76643           0,03963
          10,85000        -920,35200         205,99000         -13,62800         -51,21314           0,02688
          10,90000        -920,35100         205,99000         -13,62900         -51,08551           0,04600
          10,95000        -920,35100         205,99000         -13,62800         -50,83025           0,04600
          11,00000        -920,35100         205,99000         -13,67800         -50,70262           0,02051
          11,05000        -920,35100         205,99000         -13,67900         -51,02170           0,03963
          11,10000        -920,35100         205,99000         -13,73000         -50,38354          -0,00498
          11,15000        -920,35200         205,99000         -13,73000         -50,89407           0,00776
          11,20000        -920,35100         205,99000         -13,73100         -50,44736           0,05237
          11,25000        -920,35200         205,99000         -13,78000         -50,57499           0,04600
          11,30000        -920,35100         205,99000         -13,78000         -50,51117           0,02688
          11,35000        -920,35200         205,99100         -13,79400         -50,95788           0,02051
          11,40000        -920,35200         205,99000         -13,83100         -50,89407           0,02051
          11,45000        -920,35200         205,99000         -13,83200         -50,44736           0,00139
          11,50000        -920,35200         205,99000         -13,88000         -50,95788           0,00776
          11,55000        -920,35200         205,99000         -13,88100         -50,63880           0,00776
          11,60000        -920,35200         205,99100         -13,91500         -50,70262          -0,03047
          11,65000        -920,35200         205,99000         -13,93100         -50,70262           0,02688
          11,70000        -920,35200         205,99000         -13,93100         -51,34077           0,03963
          11,75000        -920,35200         205,99100         -13,98100         -50,76643           0,01413
          11,80000        -920,35200         205,99100         -13,98200         -50,70262          -0,00498
          11,85000        -920,35200         205,99100         -13,98200         -50,44736           0,00139
          11,90000        -920,35100         205,99000         -14,03000         -50,57499           0,03325
          11,95000        -920,35200         205,99000         -14,03000         -50,25591           0,00776
          12,00000        -920,35200         205,99000         -14,03100         -50,31973           0,02051
          12,05000        -920,35300         205,99000         -14,08300         -51,27696           0,03325
          12,10000        -920,35100         205,99100         -14,07900         -51,08551           0,01413
          12,15000        -920,35100         205,99000         -14,08000         -50,51117           0,04600
          12,20000        -920,35200         205,99000         -14,13000         -50,89407           0,01413
          12,25000        -920,35200         205,99000         -14,13100         -50,89407           0,05237
          12,30000        -920,35200         205,99100         -14,13100         -50,70262           0,04600
          12,35000        -920,35200         205,99000         -14,18000         -50,70262           0,01413
          12,40000        -920,35200         205,99100         -14,18100         -50,44736           0,05237
          12,45000        -920,35200         205,99000         -14,18000         -50,51117           0,05237
          12,50000        -920,35200         205,99000         -14,23000         -50,95788           0,04600
          12,55000        -920,35200         205,99000         -14,23000         -50,19210           0,04600
          12,60000        -920,35200         205,99000         -14,23100         -50,95788           0,02051
          12,65000        -920,35200         205,99100         -14,28000         -50,25591           0,00139
          12,70000        -920,35300         205,99000         -14,28000         -50,31973           0,00776
          12,75000        -920,35200         205,99000         -14,33000         -50,31973           0,03325
          12,80000        -920,35200         205,99000         -14,33100         -50,70262           0,03963
          12,85000        -920,35200         205,99100         -14,33200         -50,76643           0,06512
          12,90000        -920,35200         205,99000         -14,38100         -50,95788          -0,01136
          12,95000        -920,35100         205,99000         -14,38300         -50,38354           0,07786
          13,00000        -920,35200         205,99200         -14,43100         -50,57499          -0,00498
          13,05000        -920,35200         205,99100         -14,43200         -50,31973           0,01413
          13,10000        -920,35200         205,99000         -14,43100         -50,95788           0,01413
          13,15000        -920,35100         205,99000         -14,43200         -51,14933           0,04600
          13,20000        -920,35300         205,99100         -14,48100         -49,93684           0,04600
          13,25000        -920,35300         205,99000         -14,48100         -50,63880           0,02688
          13,30000        -920,35300         205,99000         -14,53100         -50,38354           0,00776
          13,35000        -920,35300         205,99100         -14,53100         -50,44736           0,02688
          13,40000        -920,35200         205,99000         -14,53100         -51,08551           0,03325
          13,45000        -920,35200         205,99000         -14,58000         -50,57499           0,04600
          13,50000        -920,35200         205,99100         -14,58100         -50,31973           0,06512
          13,55000        -920,35300         205,99100         -14,58000         -50,83025           0,05874
          13,60000        -920,35200         205,99100         -14,62900         -49,55395           0,01413
          13,65000        -920,35200         205,99100         -14,62900         -51,08551           0,04600
          13,70000        -920,35200         205,99000         -14,62900         -50,19210           0,02688
          13,75000        -920,35200         205,99000         -14,67900         -49,80921           0,01413
          13,80000        -920,35200         205,99000         -14,67900         -50,63880           0,03325
          13,85000        -920,35200         205,99000         -14,73000         -49,87302           0,00139
          13,90000        -920,35200         205,99000         -14,73000         -50,57499           0,02688
          13,95000        -920,35300         205,99100         -14,73100         -51,14933           0,02051
          14,00000        -920,35300         205,99100         -14,78000         -49,23487           0,04600
          14,05000        -920,35300         205,99000         -14,78100         -49,93684           0,05237
          14,10000        -920,35300         205,99000         -14,82700         -50,12828           0,01413
          14,15000        -920,35300         205,99100         -14,83100         -50,19210           0,04600
          14,20000        -920,35200         205,99000         -14,83100         -50,12828           0,01413
          14,25000        -920,35300         205,99100         -14,83300         -50,00065           0,03963
          14,30000        -920,35200         205,99000         -14,88100         -50,57499           0,00139
          14,35000        -920,35300         205,98900         -14,90500         -49,04343           0,01413
          14,40000        -920,35300         205,99000         -14,92900         -50,83025           0,03325
          14,45000        -920,35300         205,99000         -14,93000         -48,97961           0,02688
          14,50000        -920,35200         205,99100         -14,93000         -50,25591           0,02688
          14,55000        -920,35200         205,99000         -14,97900         -48,59672          -0,01773
          14,60000        -920,35300         205,99000         -14,98000         -50,38354           0,03325
          14,65000        -920,35200         205,99000         -14,98000         -49,29869          -0,00498
          14,70000        -920,35300         205,99000         -15,03100         -50,00065          -0,00498
          14,75000        -920,35300         205,99000         -15,03100         -48,66054           0,01413
          14,80000        -920,35200         205,99000         -15,05000         -48,34146           0,01413
          14,85000        -920,35300         205,99000         -15,08000         -47,83094           0,00776
          14,90000        -920,35100         205,99000         -15,08100         -48,08620           0,05874
          14,95000        -920,35200         205,99000         -15,12900         -50,12828           0,02688
          15,00000        -920,35200         205,99000         -15,13000         -49,10724           0,00139
          15,05000        -920,35200         205,98900         -15,13000         -47,70331           0,02051
          15,10000        -920,35300         205,99000         -15,18000         -48,66054          -0,01136
          15,15000        -920,35300         205,99000         -15,18000         -48,40528           0,03325
          15,20000        -920,35200         205,99100         -15,22900         -49,29869          -0,01136
          15,25000        -920,35200         205,99000         -15,22900         -47,83094           0,01413
          15,30000        -920,35200         205,99000         -15,23000         -48,21383           0,02051
          15,35000        -920,35200         205,98900         -15,27800         -47,83094           0,02051
          15,40000        -920,35300         205,99000         -15,27900         -48,08620           0,05874
          15,45000        -920,35300         205,98900         -15,28200         -50,38354           0,03325
          15,50000        -920,35300         205,99000         -15,32900         -46,17175           0,01413
          15,55000        -920,35300         205,99000         -15,32900         -46,29938           0,03963
          15,60000        -920,35300         205,99000         -15,37700         -46,55464          -0,00498
          15,65000        -920,35300         205,98900         -15,37900         -46,36319           0,05874
          15,70000        -920,35200         205,99000         -15,37900         -49,49013           0,03325
          15,75000        -920,35200         205,99000         -15,42900         -45,85267           0,03325
          15,80000        -920,35200         205,99000         -15,43000         -45,53360           0,02688
          15,85000        -920,35200         205,99000         -15,43100         -45,85267           0,02051
          15,90000        -920,35200         205,99000         -15,47800         -45,91649           0,05237
          15,95000        -920,35300         205,98900         -15,47900         -46,17175          -0,01136
          16,00000        -920,35300         205,99000         -15,48900         -45,98030           0,03325
          16,05000        -920,35300         205,99000         -15,52800         -45,85267           0,02051
          16,10000        -920,35200         205,99000         -15,52900         -49,55395           0,02688
          16,15000        -920,35200         205,98900         -15,57900         -46,10793           0,03963
          16,20000        -920,35200         205,99000         -15,57900         -46,93753           0,00139
          16,25000        -920,35200         205,98900         -15,58000         -47,12897           0,01413
          16,30000        -920,35300         205,99000         -15,62900         -46,74608           0,05874
          16,35000        -920,35200         205,99100         -15,62900         -46,74608           0,01413
          16,40000        -920,35200         205,99000         -15,67800         -47,70331           0,05874
          16,45000        -920,35100         205,98900         -15,67800         -49,68158           0,00139
          16,50000        -920,35200         205,99000         -15,67800         -48,85198           0,01413
          16,55000        -920,35200         205,99000         -15,72800         -47,00134           0,04600
          16,60000        -920,35200         205,99000         -15,72900         -49,55395           0,02688
          16,65000        -920,35200         205,99000         -15,77800         -47,25661          -0,01136
          16,70000        -920,35200         205,99000         -15,77900         -48,08620           0,02051
          16,75000        -920,35300         205,99000         -15,77900         -47,32042           0,02688
          16,80000        -920,35200         205,99100         -15,82000         -47,76713           0,04600
          16,85000        -920,35200         205,99000         -15,82700         -47,76713           0,00776
          16,90000        -920,35200         205,99100         -15,82800         -49,74539           0,03963
          16,95000        -920,35200         205,99000         -15,87700         -49,93684           0,02051
          17,00000        -920,35300         205,99000         -15,87700         -47,83094          -0,00498
          17,05000        -920,35200         205,99000         -15,90200         -47,12897           0,00139
          17,10000        -920,35300         205,98900         -15,92800         -49,23487           0,00776
          17,15000        -920,35300         205,99000         -15,92800         -49,61776           0,05874
          17,20000        -920,35200         205,99000         -15,97800         -47,89476           0,01413
          17,25000        -920,35200         205,99000         -15,97800         -49,61776           0,01413
          17,30000        -920,35200         205,99000         -15,98400         -47,12897           0,03963
          17,35000        -920,35200         205,99000         -16,02800         -50,25591           0,00139
          17,40000        -920,35300         205,99000         -16,02800         -47,51187          -0,01136
          17,45000        -920,35300         205,99000         -16,02900         -49,04343           0,01413
          17,50000        -920,35300         205,99000         -16,07700         -48,59672           0,02051
          17,55000        -920,35200         205,99000         -16,07800         -49,29869           0,05874
          17,60000        -920,35300         205,99000         -16,12800         -49,93684           0,03325
          17,65000        -920,35100         205,99000         -16,12900         -46,04412           0,04600
          17,70000        -920,35300         205,99000         -16,12900         -50,00065           0,04600
          17,75000        -920,35200         205,99000         -16,17800         -47,12897          -0,00498
          17,80000        -920,35200         205,99000         -16,17900         -49,55395           0,01413
          17,85000        -920,35200         205,99000         -16,17900         -49,87302           0,06512
          17,90000        -920,35200         205,99000         -16,22800         -49,23487           0,03963
          17,95000        -920,35200         205,99000         -16,22900         -49,42632           0,02688
          18,00000        -920,35100         205,98900         -16,23400         -47,38424           0,06512
          18,05000        -920,35200         205,98900         -16,27800         -49,55395           0,02051
          18,10000        -920,35100         205,99000         -16,28000         -49,23487           0,02688
          18,15000        -920,35100         205,98900         -16,32700         -49,55395           0,01413
          18,20000        -920,35200         205,99000         -16,32800         -49,74539          -0,00498
          18,25000        -920,35300         205,98900         -16,32800         -46,61845          -0,00498
          18,30000        -920,35200         205,99000         -16,37700         -49,55395           0,00776
          18,35000        -920,35200         205,99000         -16,37800         -49,80921           0,04600
          18,40000        -920,35200         205,99000         -16,39600         -50,00065           0,03325
          18,45000        -920,35200         205,99000         -16,42700         -49,93684           0,00776
          18,50000        -920,35200         205,99000         -16,42800         -50,06447          -0,00498
          18,55000        -920,35200         205,99000         -16,42800         -50,44736           0,03963
          18,60000        -920,35200         205,99000         -16,47700         -49,61776           0,00776
          18,65000        -920,35100         205,99000         -16,47800         -45,91649           0,02688
          18,70000        -920,35200         205,98900         -16,52700         -48,59672           0,02688
          18,75000        -920,35000         205,98900         -16,52800         -48,91580           0,00776
          18,80000        -920,35100         205,99000         -16,52700         -48,66054           0,02051
          18,85000        -920,35200         205,99000         -16,55200         -48,72435           0,02051
          18,90000        -920,35300         205,99000         -16,57800         -43,49151           0,01413
          18,95000        -920,35100         205,99000         -16,62800         -48,21383           0,05237
          19,00000        -920,35300         205,99000         -16,62900         -49,61776           0,00139
          19,05000        -920,35200         205,99000         -16,62900         -49,61776           0,01413
          19,10000        -920,35200         205,99000         -16,67700         -48,72435           0,01413
          19,15000        -920,35200         205,99000         -16,67900         -46,10793           0,02051
          19,20000        -920,35100         205,98900         -16,72000         -49,61776           0,03325
          19,25000        -920,35200         205,99000         -16,72800         -50,06447           0,04600
          19,30000        -920,35200         205,98900         -16,72900         -49,49013           0,00776
          19,35000        -920,35200         205,99000         -16,73000         -49,49013           0,00776
          19,40000        -920,35200         205,98900         -16,77800         -45,59741           0,03963
          19,45000        -920,35000         205,99000         -16,77900         -46,29938           0,03325
          19,50000        -920,35200         205,99000         -16,80600         -47,44805           0,03963
          19,55000        -920,35300         205,99000         -16,82900         -49,23487          -0,01136
          19,60000        -920,35200         205,99000         -16,82900         -50,06447          -0,04322
          19,65000        -920,35200         205,99000         -16,87800         -37,04619          -0,00498
          19,70000        -920,35200         205,98900         -16,87800         -49,42632           0,01413
          19,75000        -920,35200         205,99000         -16,87900         -49,49013           0,00139
          19,80000        -920,35200         205,99000         -16,92700         -49,04343           0,03325
          19,85000        -920,35100         205,99000         -16,92800         -49,61776           0,02688
          19,90000        -920,35200         205,98900         -16,92800         -49,17106           0,00776
          19,95000        -920,35100         205,99000         -16,92800         -49,42632           0,05874
          20,00000        -920,35200         205,99000         -16,97700         -49,36250           0,02051
          20,05000        -920,35200         205,98900         -16,97900         -35,57844           0,03963
          20,10000        -920,35100         205,99000         -17,02800         -48,85198           0,06512
          20,15000        -920,35200         205,99000         -17,02900         -49,36250           0,02051
          20,20000        -920,35200         205,99000         -17,02800         -50,00065           0,00139
          20,25000        -920,35200         205,99000         -17,07700         -49,36250           0,02688
          20,30000        -920,35100         205,99000         -17,07800         -29,45220           0,04600
          20,35000        -920,35200         205,99000         -17,12900         -48,40528           0,00776
          20,40000        -920,35300         205,99000         -17,12900         -43,74678           0,01413
          20,45000        -920,35200         205,99000         -17,13000         -40,10932           0,02051
          20,50000        -920,35300         205,99000         -17,17800         -25,55947           0,00776
          20,55000        -920,35200         205,99000         -17,17900         -46,17175           0,04600
          20,60000        -920,35200         205,99000         -17,22800         -48,27765           0,04600
          20,65000        -920,35200         205,99000         -17,23000         -48,34146           0,03963
          20,70000        -920,35200         205,98900         -17,23100         -47,89476           0,02051
          20,75000        -920,35200         205,99000         -17,23100         -47,76713           0,03963
          20,80000        -920,35200         205,99000         -17,27900         -23,38976           0,03963
          20,85000        -920,35200         205,98900         -17,27900         -46,29938           0,02688
          20,90000        -920,35100         205,98900         -17,32900         -48,34146           0,00139
          20,95000        -920,35100         205,98900         -17,32900         -49,87302          -0,01136
          21,00000        -920,35200         205,99000         -17,32900         -48,21383           0,02688
          21,05000        -920,35200         205,98900         -17,38000         -47,19279           0,03963
          21,10000        -920,35200         205,98900         -17,37800         -49,04343           0,00139
          21,15000        -920,35100         205,98900         -17,37800         -47,89476           0,04600
          21,20000        -920,35100         205,99000         -17,42800         -48,46909          -0,01136
          21,25000        -920,35000         205,98900         -17,42800         -44,06585           0,01413
          21,30000        -920,35100         205,98900         -17,42800         -16,94444           0,02688
          21,35000        -920,35100         205,99000         -17,47800         -37,93960           0,01413
          21,40000        -920,35100         205,99000         -17,47900         -47,38424           0,03325
          21,45000        -920,35100         205,98900         -17,47800          -6,54258           0,00776
          21,50000        -920,35100         205,99000         -17,52800         -48,91580           0,05237
          21,55000        -920,35000         205,98900         -17,52800         -48,02239           0,05874
          21,60000        -920,35100         205,99000         -17,55900         -48,21383           0,02051
          21,65000        -920,35100         205,98900         -17,57900         -48,59672           0,02688
          21,70000        -920,35100         205,98900         -17,58000         -14,71091          -0,00498
          21,75000        -920,35200         205,98900         -17,62900         -49,36250           0,02051
          21,80000        -920,35200         205,99000         -17,62800         -48,46909           0,02051
          21,85000        -920,35100         205,98900         -17,63600         -45,15071           0,05874
          21,90000        -920,35200         205,99000         -17,67900         -31,94098           0,03963
          21,95000        -920,35100         205,99000         -17,68000         -36,34422           0,05237
          22,00000        -920,35100         205,99000         -17,72800         -46,49082           0,07149
          22,05000        -920,35100         205,99000         -17,72800         -48,34146           0,02051
          22,10000        -920,35300         205,99000         -17,77900         -46,42701           0,00139
          22,15000        -920,35200         205,98900         -17,77700         -48,78817           0,01413
          22,20000        -920,35200         205,98900         -17,77800         -49,68158           0,02688
          22,25000        -920,35300         205,98900         -17,82800         -49,23487           0,05237
          22,30000        -920,35200         205,99000         -17,82900         -47,06516           0,03325
          22,35000        -920,35300         205,98900         -17,82900         -39,27972           0,02051
          22,40000        -920,35100         205,99000         -17,87800         -40,36458           0,06512
          22,45000        -920,35200         205,98900         -17,87800         -34,87648           0,02051
          22,50000        -920,35100         205,98900         -17,87900         -43,49151           0,02051
          22,55000        -920,35200         205,99000         -17,93100         -44,19348           0,06512
          22,60000        -920,35200         205,98900         -17,92800         -44,25730           0,02051
          22,65000        -920,35100         205,99000         -17,98000         -34,42977          -0,01773
          22,70000        -920,35200         205,98900         -17,97900         -49,68158           0,03963
          22,75000        -920,35100         205,98900         -17,98000         -50,57499           0,03325
          22,80000        -920,35300         205,98900         -18,02700         -36,02515           0,02688
          22,85000        -920,35100         205,99000         -18,02900         -50,31973           0,06512
          22,90000        -920,35100         205,98900         -18,04900         -34,94029           0,02688
          22,95000        -920,35200         205,99000         -18,07900         -31,36665           0,00139
          23,00000        -920,35200         205,98900         -18,07800         -41,76851           0,05874
          23,05000        -920,35100         205,98900         -18,08000         -35,19555           0,03325
          23,10000        -920,35000         205,99000         -18,12900         -50,31973           0,06512
          23,15000        -920,35000         205,98900         -18,12900         -43,04481           0,05237
          23,20000        -920,35200         205,99000         -18,18000         -44,12967           0,02688
          23,25000        -920,35200         205,99000         -18,18000         -49,23487           0,06512
          23,30000        -920,35100         205,98900         -18,18000         -17,00825           0,07786
          23,35000        -920,35200         205,98900         -18,22900         -17,39114           0,00776
          23,40000        -920,35100         205,98900         -18,22900         -23,90028          -0,01136
          23,45000        -920,35100         205,99000         -18,23000         -32,64295           0,02688
          23,50000        -920,35100         205,98900         -18,27700         -47,89476           0,02688
          23,55000        -920,35200         205,98900         -18,27800         -49,04343           0,05874
          23,60000        -920,35100         205,99000         -18,27800         -47,63950           0,04600
          23,65000        -920,35000         205,98900         -18,32800         -17,07207           0,04600
          23,70000        -920,35100         205,98900         -18,32800         -32,00480           0,07149
          23,75000        -920,35100         205,98900         -18,32800         -42,34284           0,06512
          23,80000        -920,35200         205,99000         -18,37900         -45,59741           0,03325
          23,85000        -920,35200         205,99000         -18,38000         -48,72435           0,04600
          23,90000        -920,35300         205,98900         -18,38000         -46,23556           0,01413
          23,95000        -920,35200         205,98900         -18,42900         -48,02239           0,05874
          24,00000        -920,35200         205,98900         -18,42900         -32,06861           0,02688
          24,05000        -920,35100         205,98900         -18,47900         -47,12897           0,00139
          24,10000        -920,35200         205,98900         -18,48000         -44,38493           0,02688
          24,15000        -920,35200         205,98900         -18,48000         -46,87371           0,03325
          24,20000        -920,35200         205,98900         -18,53000         -45,85267          -0,01136
          24,25000        -920,35100         205,98900         -18,53000         -51,53222           0,07149
          24,30000        -920,35000         205,98900         -18,58000         -47,38424          -0,01136
          24,35000        -920,35200         205,98900         -18,58100         -45,98030           0,04600
          24,40000        -920,35200         205,99000         -18,58100         -47,76713           0,01413
          24,45000        -920,35100         205,98900         -18,63000         -45,02308          -0,00498
          24,50000        -920,35200         205,99000         -18,63000         -48,97961           0,01413
          24,55000        -920,35100         205,98900         -18,67900         -49,80921           0,04600
          24,60000        -920,35200         205,98900         -18,68000         -50,70262           0,03325
          24,65000        -920,35200         205,98900         -18,68000         -49,36250           0,03325
          24,70000        -920,35200         205,99000         -18,70100         -49,74539           0,00776
          24,75000        -920,35200         205,99000         -18,73100         -12,28594           0,02688
          24,80000        -920,35200         205,98900         -18,73100         -50,44736           0,04600
          24,85000        -920,35200         205,99000         -18,78000         -50,95788           0,03963
          24,90000        -920,35200         205,99000         -18,78000         -51,59603           0,05237
          24,95000        -920,35300         205,99000         -18,78300         -52,55326           0,03963
          25,00000        -920,35200         205,99000         -18,83000          -0,67159           0,03325
          25,05000        -920,35200         205,99000         -18,83000         -57,14794           0,00139
          25,10000        -920,35200         205,98900         -18,88000         -54,59534           0,03325
          25,15000        -920,35300         205,98900         -18,88100         -53,25522           0,00776
          25,20000        -920,35100         205,98900         -18,88200         -51,85129           0,05874
          25,25000        -920,35100         205,98900         -18,92900         -52,48944           0,01413
          25,30000        -920,35200         205,99000         -18,93000         -55,61638           0,00776
          25,35000        -920,35100         205,99000         -18,93100         -61,61500           0,03963
          25,40000        -920,35000         205,98900         -18,98100         -68,44321          -0,00498
          25,45000        -920,35100         205,98900         -18,98100          50,06141           0,01413
          25,50000        -920,35200         205,98900         -19,01600         172,07586           0,00776
          25,55000        -920,35100         205,99000         -19,03000         -47,06516           0,03963
          25,60000        -920,35200         205,98900         -19,03000         -55,10586           0,02051
          25,65000        -920,35200         205,99000         -19,03200          75,07692           0,03963
          25,70000        -920,35100         205,99000         -19,08100         -68,95374           0,03963
          25,75000        -920,35200         205,99000         -19,08100         -24,47462           0,02688
          25,80000        -920,35100         205,98900         -19,13000         -42,34284           0,03325
          25,85000        -920,35100         205,98900         -19,13200          14,00588           0,02051
          25,90000        -920,35100         205,99000         -19,13200         -30,34561          -0,00498
          25,95000        -920,35200         205,98900         -19,18100         401,29966           0,02688
          26,00000        -920,35100         205,98900         -19,18100         -32,70676          -0,01773
          26,05000        -920,35200         205,98800         -19,20300         157,46220          -0,00498
          26,10000        -920,35100         205,98900         -19,23100         460,52006           0,03325
          26,15000        -920,35000         205,98900         -19,23100         401,61873           0,03325
          26,20000        -920,35100         205,98900         -19,28000         539,26788           0,02051
          26,25000        -920,35200         205,99000         -19,28000         517,63456           0,02051
          26,30000        -920,35200         205,99000         -19,28100         517,57075           0,03325
          26,35000        -920,35100         205,98900         -19,33000         559,30582           0,02688
          26,40000        -920,35200         205,98900         -19,33100          42,59504           0,00776
          26,45000        -920,35200         205,98900         -19,38100         600,33892           0,04600
          26,50000        -920,35100         205,99000         -19,38200         679,91634           0,00776
          26,55000        -920,35200         205,98900         -19,38100         244,76124           0,06512
          26,60000        -920,35200         205,98900         -19,43000         128,80923           0,02688
          26,65000        -920,35100         205,98900         -19,43100         347,69498           0,05237
          26,70000        -920,35100         205,98900         -19,43200         740,09396           0,05237
          26,75000        -920,35100         205,98900         -19,43100         566,89981           0,02051
          26,80000        -920,35200         205,99000         -19,48100         304,74743          -0,00498
          26,85000        -920,35200         205,99000         -19,48200         719,48169          -0,01136
          26,90000        -920,35100         205,99000         -19,53200         710,48376           0,03325
          26,95000        -920,35200         205,98900         -19,53200         785,78557           0,03963
          27,00000        -920,35200         205,99000         -19,53200         658,28302           0,02688
          27,05000        -920,35200         205,99000         -19,53300         421,08233           0,03325
          27,10000        -920,35100         205,99000         -10,51800         -51,40459          -0,00498
          27,15000        -920,35000         205,99000         -10,51800         -51,40459          -0,00498
          27,20000        -920,35000         205,99000         -10,51800         -51,40459           0,02051
          27,25000        -920,35100         205,99000         -10,51800         -50,83025           0,01413
          27,30000        -920,35000         205,99000         -10,51800         -51,27696           0,03963
          27,35000        -920,35100         205,99000         -10,51900         -51,21314           0,02688
          27,40000        -920,35000         205,99100         -10,51800         -51,08551           0,04600
          27,45000        -920,35000         205,99000         -10,51800         -50,51117           0,00139
          27,50000        -920,35000         205,99000         -10,51800         -50,83025           0,05874
          27,55000        -920,35000         205,99000         -10,51900         -51,14933           0,02051
          27,60000        -920,35000         205,99000         -10,51900         -51,40459          -0,00498
          27,65000        -920,35100         205,99100         -10,51900         -51,08551           0,02051
          27,70000        -920,35000         205,99000         -10,51800         -51,34077           0,05237
