
// =========================================================================================================
// 2026-04-17, 18:09:07
//        Time [s]        Pos X [um]        Pos Y [um]        Pos Z [um]      Force A [uN]      Force B [uN]
// =========================================================================================================
           0,00000       -6573,32300        -323,36900          -8,15800         -53,19141           0,04600
           0,05000       -6573,32300        -323,37000          -8,15900         -52,80852           0,00776
           0,10000       -6573,32300        -323,37000          -8,15800         -53,06378           0,02688
           0,15000       -6573,32200        -323,37000          -8,15900         -52,80852           0,08424
           0,20000       -6573,32300        -323,37000          -8,15900         -52,93615           0,02051
           0,25000       -6573,32200        -323,36900          -8,15900         -52,80852           0,03963
           0,30000       -6573,32300        -323,36900          -8,15800         -53,12759           0,05237
           0,35000       -6573,32300        -323,37000          -8,15900         -52,93615           0,00139
           0,40000       -6573,32300        -323,37000          -8,15800         -53,25522           0,00776
           0,45000       -6573,32300        -323,36900          -8,16000         -53,12759          -0,01136
           0,50000       -6573,32200        -323,37000          -8,15800         -53,12759           0,02688
           0,55000       -6573,32300        -323,37000          -8,15800         -52,48944           0,03325
           0,60000       -6573,32300        -323,37000          -8,15800         -52,93615           0,05237
           0,65000       -6573,32300        -323,36900          -8,15800         -53,19141           0,00139
           0,70000       -6573,32300        -323,36900          -8,15900         -52,61707           0,00139
           0,75000       -6573,32300        -323,36900          -8,15800         -52,36181           0,03325
           0,80000       -6573,32300        -323,37000          -8,15800         -53,19141           0,02688
           0,85000       -6573,32200        -323,36900          -8,15800         -52,42563          -0,00498
           0,90000       -6573,32200        -323,36900          -8,15800         -52,93615           0,03963
           0,95000       -6573,32200        -323,36900          -8,15800         -52,87233           0,03325
           1,00000       -6573,32200        -323,36900          -8,15800         -52,93615           0,04600
           1,05000       -6573,32200        -323,36900          -8,15800         -53,19141           0,04600
           1,10000       -6573,32200        -323,36900          -8,15800         -52,61707          -0,01773
           1,15000       -6573,32200        -323,37000          -8,15800         -52,80852           0,01413
           1,20000       -6573,32300        -323,37000          -8,15800         -52,80852           0,03325
           1,25000       -6573,32200        -323,37000          -8,15900         -53,12759           0,02051
           1,30000       -6573,32200        -323,37000          -8,15900         -52,87233           0,03325
           1,35000       -6573,32200        -323,37000          -8,15900         -52,99996           0,02051
           1,40000       -6573,32200        -323,37000          -8,15800         -52,55326           0,00139
           1,45000       -6573,32200        -323,37000          -8,15800         -52,61707           0,05237
           1,50000       -6573,32200        -323,37000          -8,15800         -52,99996           0,05237
           1,55000       -6573,32200        -323,36900          -8,15800         -52,17037           0,02051
           1,60000       -6573,32200        -323,37000          -8,15700         -52,61707           0,03325
           1,65000       -6573,32100        -323,37100          -8,15800         -53,25522           0,03325
           1,70000       -6573,32200        -323,37000          -8,15800         -53,12759           0,02688
           1,75000       -6573,32300        -323,37000          -8,15800         -52,61707           0,00139
           1,80000       -6573,32300        -323,37000          -8,15800         -53,06378           0,03325
           1,85000       -6573,32300        -323,37000          -8,15900         -52,80852           0,02051
           1,90000       -6573,32200        -323,37000          -8,15800         -52,68089           0,02688
           1,95000       -6573,32300        -323,37000          -8,15800         -52,93615          -0,00498
           2,00000       -6573,32300        -323,37000          -8,15800         -52,74470           0,01413
           2,05000       -6573,32200        -323,37000          -8,15800         -52,99996           0,03325
           2,10000       -6573,32300        -323,37000          -8,15800         -53,12759          -0,00498
           2,15000       -6573,32300        -323,37000          -8,15800         -52,36181          -0,00498
           2,20000       -6573,32300        -323,37000          -8,15800         -52,93615           0,05874
           2,25000       -6573,32300        -323,37000          -8,15800         -52,10655           0,01413
           2,30000       -6573,32200        -323,37000          -8,15800         -52,29800           0,09061
           2,35000       -6573,32300        -323,37000          -8,15900         -52,68089           0,03963
           2,40000       -6573,32300        -323,37000          -8,15900         -52,61707           0,05874
           2,45000       -6573,32200        -323,37000          -8,15800         -53,38285          -0,02410
           2,50000       -6573,32300        -323,37000          -8,15900         -53,19141           0,04600
           2,55000       -6573,32300        -323,37000          -8,15900         -52,55326           0,01413
           2,60000       -6573,32200        -323,37000          -8,15800         -52,29800           0,02051
           2,65000       -6573,32200        -323,37000          -8,15800         -53,51048          -0,01773
           2,70000       -6573,32200        -323,37000          -8,15800         -52,36181           0,03325
           2,75000       -6573,32200        -323,37000          -8,15900         -52,87233           0,06512
           2,80000       -6573,32200        -323,36900          -8,15800         -52,48944           0,02051
           2,85000       -6573,32200        -323,37000          -8,15800         -52,80852           0,01413
           2,90000       -6573,32300        -323,37000          -7,96200         -52,68089          -0,01136
           2,95000       -6573,32300        -323,37000          -7,96300         -52,68089           0,00776
           3,00000       -6573,32300        -323,37000          -7,96200         -52,93615           0,03325
           3,05000       -6573,32300        -323,37200          -7,96300         -53,25522           0,05237
           3,10000       -6573,32300        -323,37100          -7,96400         -52,48944           0,01413
           3,15000       -6573,32300        -323,37000          -7,96600         -52,55326           0,03963
           3,20000       -6573,32300        -323,37100          -7,96300         -53,25522           0,03963
           3,25000       -6573,32300        -323,37000          -7,96400         -53,06378           0,03963
           3,30000       -6573,32300        -323,37100          -7,96500         -52,99996           0,00139
           3,35000       -6573,32300        -323,37000          -7,96200         -53,06378           0,02051
           3,40000       -6573,32400        -323,37100          -7,96300         -52,36181           0,03963
           3,45000       -6573,32300        -323,37000          -7,95900         -52,80852           0,03963
           3,50000       -6573,32400        -323,37000          -7,96000         -52,87233           0,02688
           3,55000       -6573,32300        -323,37000          -7,96200         -53,12759           0,04600
           3,60000       -6573,32300        -323,37000          -7,95900         -52,36181           0,00776
           3,65000       -6573,32300        -323,37100          -7,95900         -52,74470           0,00139
           3,70000       -6573,32300        -323,37000          -7,94800         -53,12759           0,05874
           3,75000       -6573,32300        -323,37000          -7,95800         -52,04274           0,03963
           3,80000       -6573,32300        -323,37100          -7,95800         -52,99996           0,01413
           3,85000       -6573,32300        -323,37100          -7,95500         -52,42563           0,04600
           3,90000       -6573,32300        -323,37100          -7,95600         -52,68089           0,04600
           3,95000       -6573,32300        -323,37000          -7,95600         -53,31904           0,02051
           4,00000       -6573,32300        -323,37100          -7,95200         -52,80852           0,02051
           4,05000       -6573,32300        -323,37100          -7,95300         -52,36181          -0,03685
           4,10000       -6573,32300        -323,37000          -7,95400         -52,87233           0,01413
           4,15000       -6573,32300        -323,37100          -7,95000         -52,68089          -0,01773
           4,20000       -6573,32300        -323,37000          -7,95100         -53,12759           0,03325
           4,25000       -6573,32300        -323,37000          -7,95200         -52,80852           0,02688
           4,30000       -6573,32300        -323,37000          -7,94900         -52,55326           0,05237
           4,35000       -6573,32300        -323,37000          -7,95000         -53,06378           0,02688
           4,40000       -6573,32200        -323,37000          -7,94200         -52,93615           0,02688
           4,45000       -6573,32300        -323,36900          -7,95400         -52,68089           0,00776
           4,50000       -6573,32400        -323,37000          -7,95500         -52,61707           0,03325
           4,55000       -6573,32300        -323,37000          -7,97800         -52,87233           0,00776
           4,60000       -6573,32300        -323,37100          -7,98000         -52,36181           0,00776
           4,65000       -6573,32300        -323,37100          -8,00900         -52,87233           0,02051
           4,70000       -6573,32300        -323,37100          -8,01800         -52,61707           0,00139
           4,75000       -6573,32300        -323,37000          -8,01900         -52,87233           0,01413
           4,80000       -6573,32400        -323,37100          -8,06200         -52,68089           0,04600
           4,85000       -6573,32300        -323,37000          -8,06300         -52,93615           0,05237
           4,90000       -6573,32400        -323,37000          -8,06300         -52,99996           0,00776
           4,95000       -6573,32400        -323,37100          -8,07900         -53,06378           0,02688
           5,00000       -6573,32300        -323,37100          -8,11000         -52,17037           0,01413
           5,05000       -6573,32400        -323,37000          -8,15900         -52,61707           0,02688
           5,10000       -6573,32400        -323,37000          -8,16100         -52,48944           0,04600
           5,15000       -6573,32400        -323,37000          -8,16100         -52,61707           0,02051
           5,20000       -6573,32400        -323,36900          -8,16200         -52,61707           0,02688
           5,25000       -6573,32300        -323,37000          -8,21100         -52,99996           0,02688
           5,30000       -6573,32400        -323,37000          -8,21200         -52,36181           0,02051
           5,35000       -6573,32300        -323,37100          -8,21300         -52,10655           0,04600
           5,40000       -6573,32300        -323,37100          -8,26300         -52,68089           0,00776
           5,45000       -6573,32400        -323,37100          -8,26300         -52,68089           0,04600
           5,50000       -6573,32500        -323,37100          -8,28500         -52,93615           0,05874
           5,55000       -6573,32400        -323,37100          -8,31400         -52,80852           0,03325
           5,60000       -6573,32300        -323,37100          -8,31500         -53,06378           0,03325
           5,65000       -6573,32300        -323,37100          -8,31700         -52,87233           0,00139
           5,70000       -6573,32300        -323,37000          -8,36700         -52,93615           0,02688
           5,75000       -6573,32300        -323,37100          -8,36800         -52,48944          -0,00498
           5,80000       -6573,32400        -323,37100          -8,41800         -52,68089           0,03963
           5,85000       -6573,32400        -323,37000          -8,41800         -52,61707           0,04600
           5,90000       -6573,32400        -323,37000          -8,42300         -52,68089          -0,01773
           5,95000       -6573,32400        -323,37000          -8,47200         -53,31904           0,03325
           6,00000       -6573,32300        -323,37100          -8,47200         -53,19141           0,02688
           6,05000       -6573,32300        -323,37100          -8,52100         -52,87233           0,02688
           6,10000       -6573,32300        -323,37000          -8,52200         -53,12759           0,02688
           6,15000       -6573,32300        -323,37100          -8,52300         -52,36181           0,01413
           6,20000       -6573,32300        -323,37000          -8,57300         -52,80852           0,01413
           6,25000       -6573,32400        -323,37100          -8,57400         -52,61707           0,00776
           6,30000       -6573,32400        -323,37000          -8,57400         -52,80852           0,04600
           6,35000       -6573,32400        -323,37000          -8,62400         -53,38285           0,01413
           6,40000       -6573,32400        -323,37100          -8,62500         -52,80852           0,02051
           6,45000       -6573,32400        -323,37000          -8,67600         -53,25522           0,03325
           6,50000       -6573,32300        -323,37100          -8,67600         -52,87233           0,03963
           6,55000       -6573,32400        -323,37100          -8,67700         -52,80852           0,04600
           6,60000       -6573,32400        -323,37000          -8,72500         -53,12759           0,01413
           6,65000       -6573,32400        -323,37100          -8,72800         -52,48944           0,02051
           6,70000       -6573,32400        -323,37100          -8,72800         -52,36181           0,03963
           6,75000       -6573,32400        -323,37000          -8,77600         -52,80852           0,01413
           6,80000       -6573,32400        -323,37000          -8,77700         -52,68089           0,00139
           6,85000       -6573,32400        -323,37000          -8,77700         -52,23418           0,04600
           6,90000       -6573,32400        -323,37000          -8,82800         -53,12759          -0,00498
           6,95000       -6573,32300        -323,37000          -8,82900         -53,12759           0,04600
           7,00000       -6573,32400        -323,37000          -8,82900         -52,74470           0,03963
           7,05000       -6573,32400        -323,37100          -8,87900         -52,99996           0,04600
           7,10000       -6573,32400        -323,37000          -8,87900         -52,80852           0,03963
           7,15000       -6573,32300        -323,37000          -8,92900         -53,06378           0,00776
           7,20000       -6573,32400        -323,37000          -8,92900         -52,61707           0,03963
           7,25000       -6573,32400        -323,37100          -8,93000         -52,61707           0,03963
           7,30000       -6573,32200        -323,37000          -8,95300         -52,93615           0,03325
           7,35000       -6573,32400        -323,37000          -8,98000         -53,12759           0,02688
           7,40000       -6573,32400        -323,36900          -8,98100         -52,99996           0,02051
           7,45000       -6573,32400        -323,37000          -9,02900         -52,80852           0,03963
           7,50000       -6573,32400        -323,37000          -9,02900         -52,87233           0,03325
           7,55000       -6573,32400        -323,37000          -9,03000         -52,48944           0,05874
           7,60000       -6573,32500        -323,37000          -9,07900         -52,36181           0,04600
           7,65000       -6573,32400        -323,37100          -9,07900         -52,99996           0,02051
           7,70000       -6573,32500        -323,37000          -9,10300         -52,29800           0,02688
           7,75000       -6573,32400        -323,36900          -9,13000         -52,55326           0,02688
           7,80000       -6573,32400        -323,37000          -9,13000         -52,87233           0,03325
           7,85000       -6573,32400        -323,37000          -9,17900         -53,19141           0,02051
           7,90000       -6573,32400        -323,37100          -9,18000         -52,93615          -0,00498
           7,95000       -6573,32300        -323,37100          -9,17000         -52,61707           0,03963
           8,00000       -6573,32300        -323,37100          -9,23100         -52,36181           0,04600
           8,05000       -6573,32200        -323,37000          -9,23100         -52,74470           0,03963
           8,10000       -6573,32400        -323,37000          -9,23200         -52,48944           0,04600
           8,15000       -6573,32400        -323,37100          -9,28000         -51,97892           0,02051
           8,20000       -6573,32300        -323,37000          -9,28000         -52,87233           0,06512
           8,25000       -6573,32300        -323,37000          -9,32900         -52,10655           0,07149
           8,30000       -6573,32500        -323,37000          -9,33000         -52,61707           0,02688
           8,35000       -6573,32300        -323,37000          -9,33000         -53,25522           0,02688
           8,40000       -6573,32400        -323,37100          -9,38000         -52,55326           0,02688
           8,45000       -6573,32300        -323,37000          -9,38100         -53,25522           0,04600
           8,50000       -6573,32400        -323,37000          -9,39900         -52,10655           0,03963
           8,55000       -6573,32400        -323,37000          -9,43100         -52,48944          -0,00498
           8,60000       -6573,32300        -323,37100          -9,43100         -53,06378           0,03963
           8,65000       -6573,32400        -323,37000          -9,45100         -53,06378           0,05237
           8,70000       -6573,32400        -323,37000          -9,48100         -52,99996           0,03325
           8,75000       -6573,32400        -323,37000          -9,48100         -52,68089           0,02688
           8,80000       -6573,32400        -323,37100          -9,53000         -52,87233           0,05237
           8,85000       -6573,32400        -323,37000          -9,53100         -52,68089           0,03325
           8,90000       -6573,32400        -323,37000          -9,53100         -52,61707           0,05874
           8,95000       -6573,32300        -323,37000          -9,58000         -52,48944           0,00139
           9,00000       -6573,32300        -323,37000          -9,58200         -52,55326           0,00139
           9,05000       -6573,32300        -323,36900          -9,58300         -52,74470           0,03963
           9,10000       -6573,32400        -323,37000          -9,63200         -52,23418           0,00139
           9,15000       -6573,32400        -323,37000          -9,63200         -52,23418           0,04600
           9,20000       -6573,32300        -323,37000          -9,63300         -52,93615           0,05237
           9,25000       -6573,32400        -323,37000          -9,68200         -52,04274           0,03963
           9,30000       -6573,32400        -323,37000          -9,68200         -52,87233           0,02688
           9,35000       -6573,32400        -323,37100          -9,73100         -52,42563           0,00776
           9,40000       -6573,32400        -323,37100          -9,73100         -52,55326           0,00776
           9,45000       -6573,32400        -323,37000          -9,73200         -52,42563           0,08424
           9,50000       -6573,32300        -323,37100          -9,77300         -52,74470           0,03963
           9,55000       -6573,32400        -323,37000          -9,78200         -52,74470           0,03963
           9,60000       -6573,32400        -323,37000          -9,78200         -52,42563           0,02051
           9,65000       -6573,32400        -323,37000          -9,83100         -52,68089           0,04600
           9,70000       -6573,32400        -323,37000          -9,83300         -52,93615           0,03325
           9,75000       -6573,32400        -323,37000          -9,83300         -53,06378           0,02688
           9,80000       -6573,32400        -323,37000          -9,88200         -52,74470           0,01413
           9,85000       -6573,32400        -323,37000          -9,88300         -53,44667           0,03963
           9,90000       -6573,32400        -323,37100          -9,88200         -52,80852           0,04600
           9,95000       -6573,32400        -323,37000          -9,93100         -53,51048           0,00139
          10,00000       -6573,32400        -323,36900          -9,93100         -52,48944          -0,00498
          10,05000       -6573,32400        -323,37000          -9,93100         -52,42563           0,01413
          10,10000       -6573,32300        -323,37000          -9,98100         -52,61707          -0,00498
          10,15000       -6573,32300        -323,37000          -9,98200         -52,48944           0,01413
          10,20000       -6573,32400        -323,37000         -10,03300         -52,80852           0,00139
          10,25000       -6573,32400        -323,37000         -10,03300         -51,72366           0,01413
          10,30000       -6573,32400        -323,37000         -10,03400         -52,74470           0,02051
          10,35000       -6573,32400        -323,37100         -10,08200         -53,06378           0,03325
          10,40000       -6573,32500        -323,37000         -10,08200         -52,74470           0,02051
          10,45000       -6573,32400        -323,37000         -10,08400         -52,68089           0,03325
          10,50000       -6573,32300        -323,37000         -10,13300         -52,80852           0,02051
          10,55000       -6573,32400        -323,37000         -10,13400         -52,61707           0,05237
          10,60000       -6573,32400        -323,37000         -10,13500         -52,42563           0,02688
          10,65000       -6573,32400        -323,36900         -10,18200         -52,80852           0,03325
          10,70000       -6573,32400        -323,37000         -10,18400         -52,80852          -0,02410
          10,75000       -6573,32400        -323,37000         -10,18400         -52,93615           0,03325
          10,80000       -6573,32400        -323,37000         -10,23200         -52,29800           0,02688
          10,85000       -6573,32400        -323,37000         -10,23200         -52,61707           0,01413
          10,90000       -6573,32400        -323,37000         -10,28100         -52,87233           0,03325
          10,95000       -6573,32400        -323,37000         -10,28100         -52,74470           0,00139
          11,00000       -6573,32400        -323,36900         -10,28300         -52,80852           0,03325
          11,05000       -6573,32400        -323,37000         -10,33200         -52,48944           0,00139
          11,10000       -6573,32400        -323,37000         -10,33200         -53,19141          -0,03685
          11,15000       -6573,32400        -323,37100         -10,38100         -52,48944          -0,01773
          11,20000       -6573,32400        -323,36900         -10,38200         -53,25522           0,04600
          11,25000       -6573,32500        -323,37100         -10,38200         -52,68089           0,00139
          11,30000       -6573,32500        -323,37000         -10,43000         -52,48944           0,02688
          11,35000       -6573,32500        -323,37000         -10,43100         -52,36181           0,01413
          11,40000       -6573,32400        -323,37100         -10,43100         -52,23418           0,03963
          11,45000       -6573,32400        -323,37000         -10,48000         -52,04274           0,02688
          11,50000       -6573,32400        -323,37000         -10,48100         -52,93615           0,00776
          11,55000       -6573,32400        -323,37100         -10,53200         -52,55326           0,04600
          11,60000       -6573,32400        -323,37000         -10,53300         -52,61707          -0,01773
          11,65000       -6573,32400        -323,37000         -10,53200         -52,74470           0,05874
          11,70000       -6573,32300        -323,37000         -10,58000         -52,74470           0,03325
          11,75000       -6573,32400        -323,37100         -10,58100         -52,42563           0,01413
          11,80000       -6573,32400        -323,37000         -10,62900         -52,87233          -0,01773
          11,85000       -6573,32400        -323,36900         -10,63100         -52,74470           0,03325
          11,90000       -6573,32500        -323,36900         -10,63200         -53,12759           0,00139
          11,95000       -6573,32400        -323,37000         -10,68000         -52,55326           0,05874
          12,00000       -6573,32400        -323,37000         -10,68100         -52,61707           0,04600
          12,05000       -6573,32500        -323,37000         -10,68200         -52,80852           0,05237
          12,10000       -6573,32500        -323,37000         -10,70300         -52,80852           0,04600
          12,15000       -6573,32400        -323,37000         -10,73000         -53,06378           0,05237
          12,20000       -6573,32400        -323,37100         -10,77900         -52,99996           0,03963
          12,25000       -6573,32400        -323,37000         -10,78000         -52,87233           0,05874
          12,30000       -6573,32400        -323,37000         -10,78000         -52,93615           0,08424
          12,35000       -6573,32500        -323,37000         -10,83000         -52,61707           0,01413
          12,40000       -6573,32400        -323,37000         -10,83000         -52,74470           0,00139
          12,45000       -6573,32400        -323,37000         -10,86100         -53,12759           0,02051
          12,50000       -6573,32400        -323,37100         -10,87900         -52,61707           0,04600
          12,55000       -6573,32400        -323,37000         -10,88100         -52,87233           0,06512
          12,60000       -6573,32500        -323,37100         -10,93000         -52,55326           0,02688
          12,65000       -6573,32500        -323,37000         -10,93200         -53,51048          -0,01136
          12,70000       -6573,32400        -323,37000         -10,93200         -51,97892           0,02688
          12,75000       -6573,32500        -323,37000         -10,98100         -52,93615           0,03963
          12,80000       -6573,32500        -323,36900         -10,98100         -52,80852          -0,02410
          12,85000       -6573,32500        -323,36900         -10,98200         -52,61707          -0,04322
          12,90000       -6573,32400        -323,37100         -11,03100         -52,61707          -0,01136
          12,95000       -6573,32400        -323,37000         -11,03200         -52,93615           0,00139
          13,00000       -6573,32400        -323,37100         -11,03200         -52,68089           0,00776
          13,05000       -6573,32500        -323,37000         -11,08200         -53,12759           0,03325
          13,10000       -6573,32400        -323,37000         -11,08100         -52,87233           0,01413
          13,15000       -6573,32500        -323,36900         -11,08100         -52,87233           0,02688
          13,20000       -6573,32400        -323,37000         -11,13000         -52,61707           0,00776
          13,25000       -6573,32400        -323,37000         -11,13000         -52,29800          -0,00498
          13,30000       -6573,32500        -323,36800         -11,18000         -52,42563           0,02051
          13,35000       -6573,32500        -323,36900         -11,18000         -52,68089          -0,00498
          13,40000       -6573,32500        -323,37000         -11,18000         -52,80852           0,03963
          13,45000       -6573,32500        -323,37000         -11,23000         -53,06378           0,02051
          13,50000       -6573,32500        -323,36900         -11,23000         -52,55326           0,00776
          13,55000       -6573,32500        -323,37000         -11,26800         -52,61707           0,02051
          13,60000       -6573,32400        -323,36900         -11,28000         -53,31904          -0,00498
          13,65000       -6573,32400        -323,36900         -11,28100         -52,80852           0,05237
          13,70000       -6573,32600        -323,37000         -11,27700         -52,68089           0,02051
          13,75000       -6573,32500        -323,36900         -11,33000         -52,48944           0,02051
          13,80000       -6573,32400        -323,37000         -11,33100         -52,93615           0,03325
          13,85000       -6573,32400        -323,36900         -11,38100         -52,10655           0,05874
          13,90000       -6573,32400        -323,36900         -11,38100         -52,55326           0,00776
          13,95000       -6573,32500        -323,36900         -11,38100         -52,55326           0,01413
          14,00000       -6573,32400        -323,37000         -11,43000         -52,55326          -0,00498
          14,05000       -6573,32400        -323,37000         -11,43100         -52,48944           0,05237
          14,10000       -6573,32400        -323,37100         -11,48100         -52,29800           0,03963
          14,15000       -6573,32400        -323,37000         -11,48100         -52,68089           0,04600
          14,20000       -6573,32400        -323,37000         -11,48200         -52,36181           0,03963
          14,25000       -6573,32400        -323,36900         -11,53100         -52,36181           0,02688
          14,30000       -6573,32500        -323,36900         -11,53200         -52,55326           0,01413
          14,35000       -6573,32400        -323,37000         -11,53200         -52,93615          -0,00498
          14,40000       -6573,32400        -323,37000         -11,58100         -52,29800           0,02688
          14,45000       -6573,32500        -323,36900         -11,58100         -51,65985           0,03963
          14,50000       -6573,32500        -323,36900         -11,63100         -51,21314           0,00776
          14,55000       -6573,32500        -323,36900         -11,63100         -52,74470           0,00776
          14,60000       -6573,32400        -323,36900         -11,63100         -51,40459          -0,00498
          14,65000       -6573,32500        -323,36900         -11,68000         -51,08551           0,01413
          14,70000       -6573,32500        -323,37000         -11,68000         -50,70262           0,04600
          14,75000       -6573,32500        -323,36900         -11,68100         -52,10655           0,02051
          14,80000       -6573,32500        -323,37000         -11,72300         -51,97892           0,03325
          14,85000       -6573,32400        -323,36900         -11,73000         -50,76643           0,02688
          14,90000       -6573,32400        -323,37000         -11,73100         -51,53222           0,04600
          14,95000       -6573,32400        -323,37000         -11,72700         -52,55326           0,03963
          15,00000       -6573,32400        -323,37100         -11,78000         -51,14933           0,03963
          15,05000       -6573,32400        -323,37000         -11,78100         -50,70262           0,05237
          15,10000       -6573,32500        -323,37000         -11,83000         -50,70262           0,05874
          15,15000       -6573,32400        -323,37000         -11,83200         -50,95788           0,03325
          15,20000       -6573,32400        -323,36900         -11,83300         -52,42563           0,00776
          15,25000       -6573,32500        -323,37000         -11,88100         -52,36181           0,03325
          15,30000       -6573,32400        -323,36900         -11,88100         -51,46840          -0,01136
          15,35000       -6573,32400        -323,36900         -11,88100         -50,70262           0,03963
          15,40000       -6573,32500        -323,37000         -11,92900         -50,25591           0,00139
          15,45000       -6573,32400        -323,37000         -11,93000         -51,91511           0,03963
          15,50000       -6573,32400        -323,37000         -11,98100         -51,21314           0,02688
          15,55000       -6573,32400        -323,37000         -11,98100         -50,63880           0,05874
          15,60000       -6573,32500        -323,37000         -11,98100         -49,93684           0,05237
          15,65000       -6573,32400        -323,37000         -12,03000         -48,59672           0,03963
          15,70000       -6573,32400        -323,37000         -12,03000         -52,23418           0,02051
          15,75000       -6573,32400        -323,37000         -12,08000         -49,10724           0,02051
          15,80000       -6573,32400        -323,37000         -12,08200         -50,06447           0,02688
          15,85000       -6573,32500        -323,37000         -12,08200         -49,36250           0,00139
          15,90000       -6573,32400        -323,37000         -12,12000         -49,23487           0,03963
          15,95000       -6573,32400        -323,37000         -12,13100         -48,27765           0,00776
          16,00000       -6573,32400        -323,36900         -12,13200         -48,53291           0,01413
          16,05000       -6573,32400        -323,37000         -12,18100         -47,70331           0,00776
          16,10000       -6573,32400        -323,37000         -12,18100         -51,08551           0,00776
          16,15000       -6573,32400        -323,37000         -12,19700         -48,27765           0,01413
          16,20000       -6573,32400        -323,37000         -12,23200         -49,23487           0,03963
          16,25000       -6573,32400        -323,37000         -12,23200         -51,65985           0,03325
          16,30000       -6573,32400        -323,36900         -12,28300         -47,57568           0,05874
          16,35000       -6573,32400        -323,36900         -12,28100         -49,17106           0,02688
          16,40000       -6573,32400        -323,37000         -12,28300         -49,61776          -0,00498
          16,45000       -6573,32400        -323,37000         -12,33100         -46,80990           0,02051
          16,50000       -6573,32400        -323,36900         -12,33200         -50,57499           0,03963
          16,55000       -6573,32500        -323,36900         -12,33200         -50,25591          -0,01136
          16,60000       -6573,32400        -323,36900         -12,38100         -46,49082           0,00776
          16,65000       -6573,32400        -323,36900         -12,38200         -48,78817           0,05237
          16,70000       -6573,32500        -323,36900         -12,38200         -46,49082           0,00139
          16,75000       -6573,32400        -323,36900         -12,43200         -45,53360           0,06512
          16,80000       -6573,32400        -323,36900         -12,43300         -48,66054           0,06512
          16,85000       -6573,32400        -323,37100         -12,43300         -50,31973           0,04600
          16,90000       -6573,32500        -323,36900         -12,48300         -49,04343           0,01413
          16,95000       -6573,32400        -323,36900         -12,48200         -48,78817           0,03325
          17,00000       -6573,32400        -323,37000         -12,53300         -48,34146           0,02051
          17,05000       -6573,32500        -323,37000         -12,53400         -47,70331           0,02051
          17,10000       -6573,32400        -323,36900         -12,53400         -44,57637           0,00776
          17,15000       -6573,32400        -323,37000         -12,58300         -48,53291          -0,01773
          17,20000       -6573,32400        -323,37000         -12,58400         -50,95788           0,03963
          17,25000       -6573,32400        -323,37000         -12,58500         -50,00065          -0,00498
          17,30000       -6573,32300        -323,37000         -12,63200         -47,89476           0,00776
          17,35000       -6573,32400        -323,37000         -12,63300         -48,34146           0,05237
          17,40000       -6573,32500        -323,36900         -12,63300         -50,19210           0,01413
          17,45000       -6573,32400        -323,37000         -12,68200         -50,25591           0,01413
          17,50000       -6573,32400        -323,36900         -12,68300         -45,27834           0,02688
          17,55000       -6573,32400        -323,37000         -12,73200         -50,44736          -0,01773
          17,60000       -6573,32400        -323,37000         -12,73300         -49,80921           0,03325
          17,65000       -6573,32400        -323,36900         -12,73300         -48,66054           0,04600
          17,70000       -6573,32400        -323,36900         -12,73300         -46,93753          -0,00498
          17,75000       -6573,32400        -323,36900         -12,78300         -49,87302           0,00139
          17,80000       -6573,32500        -323,36900         -12,78400         -46,74608          -0,00498
          17,85000       -6573,32400        -323,37000         -12,83200         -50,38354           0,06512
          17,90000       -6573,32400        -323,36900         -12,83300         -48,08620          -0,01136
          17,95000       -6573,32400        -323,36900         -12,83300         -50,44736           0,01413
          18,00000       -6573,32300        -323,37000         -12,88300         -45,21452           0,02688
          18,05000       -6573,32300        -323,36900         -12,88300         -44,89545           0,03963
          18,10000       -6573,32400        -323,37000         -12,88400         -46,74608          -0,00498
          18,15000       -6573,32400        -323,36900         -12,93200         -47,51187           0,04600
          18,20000       -6573,32400        -323,36900         -12,93300         -48,78817           0,03963
          18,25000       -6573,32400        -323,36900         -12,93300         -49,10724           0,03963
          18,30000       -6573,32400        -323,36900         -12,98400         -48,34146           0,00776
          18,35000       -6573,32400        -323,36900         -12,98400         -50,31973           0,00139
          18,40000       -6573,32400        -323,36900         -12,99800         -48,08620           0,03963
          18,45000       -6573,32400        -323,36900         -13,03300         -49,80921           0,05874
          18,50000       -6573,32400        -323,36900         -13,03300         -48,78817           0,02688
          18,55000       -6573,32300        -323,37100         -13,07500         -44,64019           0,00139
          18,60000       -6573,32400        -323,36900         -13,08400         -43,74678           0,05237
          18,65000       -6573,32400        -323,36900         -13,08400         -51,34077           0,05237
          18,70000       -6573,32400        -323,36900         -13,13200         -51,40459           0,03963
          18,75000       -6573,32400        -323,36900         -13,13200         -51,02170          -0,01136
          18,80000       -6573,32400        -323,36900         -13,13300         -51,21314           0,00139
          18,85000       -6573,32400        -323,36900         -13,18300         -51,40459          -0,00498
          18,90000       -6573,32300        -323,37000         -13,18400         -50,06447           0,02051
          18,95000       -6573,32400        -323,36900         -13,23300         -44,64019          -0,00498
          19,00000       -6573,32300        -323,36900         -13,23300         -45,72504           0,02051
          19,05000       -6573,32400        -323,36800         -13,23300         -51,65985           0,05237
          19,10000       -6573,32400        -323,37000         -13,24800         -50,89407           0,02051
          19,15000       -6573,32400        -323,37000         -13,28400         -43,10862           0,00776
          19,20000       -6573,32400        -323,36900         -13,28500         -50,89407           0,02688
          19,25000       -6573,32400        -323,36900         -13,33400         -51,21314           0,00776
          19,30000       -6573,32400        -323,37000         -13,33400         -49,80921           0,05237
          19,35000       -6573,32400        -323,36900         -13,33500         -44,76782           0,02688
          19,40000       -6573,32400        -323,37000         -13,38300         -47,25661           0,00139
          19,45000       -6573,32400        -323,36900         -13,38400         -51,27696           0,05237
          19,50000       -6573,32400        -323,36900         -13,43200         -51,14933           0,01413
          19,55000       -6573,32400        -323,36800         -13,43300         -51,46840           0,02688
          19,60000       -6573,32400        -323,36900         -13,43400         -50,89407           0,02051
          19,65000       -6573,32400        -323,36900         -13,48400         -38,00342           0,01413
          19,70000       -6573,32400        -323,36900         -13,48400         -49,10724           0,03325
          19,75000       -6573,32500        -323,36900         -13,48500         -38,06723          -0,00498
          19,80000       -6573,32400        -323,36900         -13,53400         -49,87302           0,03325
          19,85000       -6573,32400        -323,36800         -13,53400         -51,34077           0,04600
          19,90000       -6573,32400        -323,36900         -13,53600         -50,31973          -0,00498
          19,95000       -6573,32400        -323,36900         -13,56100         -40,61984           0,03325
          20,00000       -6573,32400        -323,36900         -13,58400         -43,81059           0,03325
          20,05000       -6573,32500        -323,37000         -13,58500         -48,72435           0,03963
          20,10000       -6573,32500        -323,36900         -13,63200         -50,12828           0,03963
          20,15000       -6573,32400        -323,36900         -13,63300         -50,89407           0,03963
          20,20000       -6573,32400        -323,36900         -13,63300         -49,74539           0,02688
          20,25000       -6573,32300        -323,36900         -13,68300         -51,27696           0,03963
          20,30000       -6573,32400        -323,36800         -13,68400         -41,38562           0,02051
          20,35000       -6573,32400        -323,36900         -13,73500         -51,53222           0,03325
          20,40000       -6573,32400        -323,36900         -13,73500         -51,53222           0,02688
          20,45000       -6573,32400        -323,36900         -13,73500         -51,59603           0,02688
          20,50000       -6573,32500        -323,36800         -13,78600         -51,21314           0,02688
          20,55000       -6573,32400        -323,36800         -13,78600         -42,72573           0,00139
          20,60000       -6573,32400        -323,36900         -13,83500         -51,59603           0,03963
          20,65000       -6573,32400        -323,36900         -13,83500         -51,65985           0,01413
          20,70000       -6573,32400        -323,36800         -13,83500         -51,59603           0,05237
          20,75000       -6573,32400        -323,36900         -13,88500         -51,53222           0,00776
          20,80000       -6573,32400        -323,36900         -13,88500         -38,32249           0,01413
          20,85000       -6573,32300        -323,36900         -13,93400         -49,55395           0,03963
          20,90000       -6573,32300        -323,37000         -13,93600         -51,14933           0,01413
          20,95000       -6573,32300        -323,36900         -13,93700         -49,80921          -0,01136
          21,00000       -6573,32400        -323,36900         -13,98600         -50,06447           0,04600
          21,05000       -6573,32400        -323,36800         -13,98600         -40,23695          -0,01136
          21,10000       -6573,32400        -323,36900         -13,98700         -48,59672           0,07149
          21,15000       -6573,32400        -323,36900         -14,03600         -51,85129           0,02051
          21,20000       -6573,32400        -323,36900         -14,03600         -50,25591           0,03325
          21,25000       -6573,32300        -323,36900         -14,03700         -43,23625           0,03963
          21,30000       -6573,32300        -323,36900         -14,08600         -50,51117           0,05874
          21,35000       -6573,32400        -323,36900         -14,08700         -48,85198           0,00139
          21,40000       -6573,32400        -323,36900         -14,08800         -27,28248           0,00776
          21,45000       -6573,32400        -323,36900         -14,13500         -49,42632           0,05237
          21,50000       -6573,32400        -323,36900         -14,13600         -50,19210           0,04600
          21,55000       -6573,32400        -323,36900         -14,13600         -51,53222           0,07786
          21,60000       -6573,32400        -323,37000         -14,18500         -49,10724           0,03963
          21,65000       -6573,32400        -323,36900         -14,18500         -51,46840           0,00139
          21,70000       -6573,32300        -323,37000         -14,18500         -17,58259           0,02051
          21,75000       -6573,32300        -323,37000         -14,23600         -48,53291           0,05874
          21,80000       -6573,32400        -323,36900         -14,23600         -51,65985           0,00776
          21,85000       -6573,32400        -323,37000         -14,27500         -43,55533           0,03325
          21,90000       -6573,32400        -323,36900         -14,28700         -38,06723          -0,00498
          21,95000       -6573,32400        -323,37000         -14,28700         -41,06654           0,03325
          22,00000       -6573,32400        -323,36900         -14,33500         -53,57430           0,00139
          22,05000       -6573,32400        -323,36900         -14,33500         -51,27696           0,02051
          22,10000       -6573,32400        -323,36900         -14,33700         -46,23556           0,00776
          22,15000       -6573,32400        -323,36900         -14,38700         -35,89752           0,00139
          22,20000       -6573,32400        -323,37000         -14,38700         -52,61707           0,01413
          22,25000       -6573,32400        -323,36900         -14,43500         -25,87855           0,03325
          22,30000       -6573,32400        -323,36900         -14,43600         -34,49359           0,03963
          22,35000       -6573,32400        -323,37000         -14,43600         -28,75023           0,02688
          22,40000       -6573,32400        -323,36800         -14,48500         -27,02722           0,00776
          22,45000       -6573,32400        -323,36900         -14,48700         -53,70193          -0,00498
          22,50000       -6573,32300        -323,36900         -14,48600         -53,31904           0,04600
          22,55000       -6573,32400        -323,36900         -14,48700         -52,36181           0,00776
          22,60000       -6573,32400        -323,36900         -14,53700         -31,68572           0,05874
          22,65000       -6573,32300        -323,36900         -14,53700         -22,49635          -0,00498
          22,70000       -6573,32400        -323,37000         -14,57200         -30,85613           0,03963
          22,75000       -6573,32400        -323,36900         -14,58400         -11,20108           0,03963
          22,80000       -6573,32400        -323,37000         -14,58400         -24,15554           0,03963
          22,85000       -6573,32400        -323,37000         -14,58400         -50,95788           0,01413
          22,90000       -6573,32400        -323,36900         -14,63500         -47,25661           0,02688
          22,95000       -6573,32400        -323,36900         -14,63500         -29,64364           0,00776
          23,00000       -6573,32400        -323,36900         -14,68400         -43,49151           0,00776
          23,05000       -6573,32400        -323,36900         -14,68500         -19,36941          -0,01136
          23,10000       -6573,32400        -323,36900         -14,68500         -51,02170           0,01413
          23,15000       -6573,32400        -323,36900         -14,73500         -36,79093           0,02051
          23,20000       -6573,32400        -323,37000         -14,73700         -52,87233           0,01413
          23,25000       -6573,32300        -323,37000         -14,73600         -33,21729           0,03963
          23,30000       -6573,32300        -323,37000         -14,78500         -49,04343           0,00776
          23,35000       -6573,32400        -323,36900         -14,78600          69,33356           0,03325
          23,40000       -6573,32400        -323,36900         -14,83500         -48,40528           0,00776
          23,45000       -6573,32400        -323,36900         -14,83500         -11,64779           0,01413
          23,50000       -6573,32400        -323,36900         -14,83500          49,16799           0,03325
          23,55000       -6573,32300        -323,37000         -14,88500         -67,67743          -0,00498
          23,60000       -6573,32300        -323,36900         -14,88600         -60,84922           0,02688
          23,65000       -6573,32400        -323,37000         -14,91700         -77,88785          -0,00498
          23,70000       -6573,32400        -323,36900         -14,93500         -22,04964          -0,01773
          23,75000       -6573,32300        -323,36900         -14,93500         -60,72159           0,02688
          23,80000       -6573,32400        -323,37000         -14,98700          36,46879          -0,02410
          23,85000       -6573,32400        -323,36900         -14,98500         -59,57292           0,04600
          23,90000       -6573,32400        -323,36900         -14,98500          17,83479           0,02688
          23,95000       -6573,32400        -323,37000         -14,98500         -58,10517          -0,01136
          24,00000       -6573,32400        -323,36900         -15,03700         262,37421           0,04600
          24,05000       -6573,32400        -323,36900         -15,03800          49,29562           0,02051
          24,10000       -6573,32400        -323,36900         -15,08500         -34,49359           0,00776
          24,15000       -6573,32400        -323,36900         -15,08600         -68,12414           0,00139
          24,20000       -6573,32400        -323,36900         -15,08700          48,40221           0,03963
          24,25000       -6573,32400        -323,36900         -15,13600         397,27931           0,05237
          24,30000       -6573,32400        -323,37000         -15,13700         288,15550           0,02051
          24,35000       -6573,32400        -323,37000         -15,16400         382,34658           0,02688
          24,40000       -6573,32400        -323,37000         -15,18400         329,69913           0,00776
          24,45000       -6573,32300        -323,36900         -15,18500         386,23930           0,03325
          24,50000       -6573,32400        -323,36900         -15,23400         488,34344           0,01413
          24,55000       -6573,32400        -323,36900         -15,23400         480,04748           0,03325
          24,60000       -6573,32400        -323,36900         -15,23500         427,65529          -0,00498
          24,65000       -6573,32400        -323,36900         -15,28400         540,03366           0,07786
          24,70000       -6573,32400        -323,36900         -15,28400         488,79014           0,00776
          24,75000       -6573,32400        -323,37000         -15,28500          97,98654           0,05874
          24,80000       -6573,32400        -323,36900         -15,33500         506,40311           0,00776
          24,85000       -6573,32400        -323,37000         -15,33600         600,14747           0,06512
          24,90000       -6573,32400        -323,37000         -15,38100         586,55486           0,03325
          24,95000       -6573,32400        -323,37000         -15,38500         640,54243          -0,00498
          25,00000       -6573,32400        -323,37000         -15,38600         219,04376           0,00776
          25,05000       -6573,32500        -323,37000         -15,39300         228,16932          -0,01773
          25,10000       -6573,32400        -323,36900         -15,43600         597,85013           0,03325
          25,15000       -6573,32500        -323,36900         -15,43600         744,43339           0,02688
          25,20000       -6573,32400        -323,36900         -15,48600         667,08950           0,03325
          25,25000       -6573,32400        -323,37000         -15,48600         771,68243           0,04600
          25,30000       -6573,32500        -323,36900         -15,48600         697,52930           0,01413
          25,35000       -6573,32500        -323,37000         -15,53600         844,55927          -0,00498
          25,40000       -6573,32500        -323,37000         -15,53400         333,71948          -0,00498
          25,45000       -6573,32400        -323,36900         -15,58500         902,75863           0,03963
          25,50000       -6573,32400        -323,37000         -15,58500         906,33227           0,02051
          25,55000       -6573,32400        -323,37000         -15,58500         934,34710           0,03963
          25,60000       -6573,32400        -323,36900         -15,58500         810,99253           0,00776
          25,65000       -6573,32400        -323,37000         -15,58600         568,81427          -0,00498
          25,70000       -6573,32400        -323,37100          -8,15800         -52,87233           0,02688
          25,75000       -6573,32400        -323,37200          -8,16000         -52,80852           0,05874
          25,80000       -6573,32300        -323,37200          -8,15900         -52,99996           0,02688
          25,85000       -6573,32300        -323,37200          -8,15900         -53,06378           0,03325
          25,90000       -6573,32300        -323,37100          -8,16000         -52,36181          -0,00498
          25,95000       -6573,32400        -323,37200          -8,15900         -52,87233          -0,00498
          26,00000       -6573,32400        -323,37100          -8,15900         -53,25522           0,00776
          26,05000       -6573,32300        -323,37100          -8,15900         -52,61707           0,00776
          26,10000       -6573,32300        -323,37100          -8,15900         -52,55326           0,02051
          26,15000       -6573,32400        -323,37100          -8,15900         -53,19141           0,03963
          26,20000       -6573,32300        -323,37200          -8,15900         -52,74470           0,03325
          26,25000       -6573,32300        -323,37100          -8,15900         -53,19141           0,01413
          26,30000       -6573,32400        -323,37200          -8,15900         -52,74470           0,05874
          26,35000       -6573,32300        -323,37100          -8,15900         -52,61707           0,02051
          26,40000       -6573,32300        -323,37200          -8,16000         -52,74470           0,00776
          26,45000       -6573,32400        -323,37200          -8,15900         -52,68089           0,00776
          26,50000       -6573,32400        -323,37100          -8,16000         -52,68089           0,02688
          26,55000       -6573,32300        -323,37100          -8,15900         -52,68089           0,00139
